trade_row_loc,original_price,trade_price,avg_buy_price,trade_slippage,trade_amount,trade_total,trade_fee,trade_profit,trade_type,trade_min_trade_penalty,trade_buy_penalty,trade_hold_penalty,trend_reward,profit_reward,overall_reward ,net_worth,benchmark,total_fees,Balance,crypto_holding,crypto_worth,total_volume_traded,highest_net_worth
50,7628.36,7628.36,0,0.0013244015709940435,0,0,0,0,hold,False,0,0,-0.0,0,0.0,10000.0,0.0,0,10000,0,0.0,0,10000
51,7591.96,7591.96,0,0.0010672449481666155,0,0,0,0,sell,True,0,0,-1,0,-1.0,10000.0,-47.71667828996033,0,10000,0,0.0,0.0,10000
52,7579.73,7593.245338308494,7600.846184492986,0.0017830896758188977,1.3156429899083728,10000.0,10.0,0,buy,False,0,0,0,0,-1.0,9972.21863989819,-63.748957836285626,10.0,0.0,1.3156429899083728,9972.21863989819,9990.0,10000
53,7622.01,7622.01,7600.846184492986,0.001514823342353441,0,0,0,0,buy,True,0,0,-1,0,-2.0,10027.844025511517,-8.324200745637427,10.0,0.0,1.3156429899083728,10027.844025511517,9990.0,10000
54,7482.98,7482.98,7600.846184492986,0.0012214092300529523,0,0,0,0,hold,False,0,0,-0.018240595328528886,0,-2.0182405953285287,9844.930180624555,-190.5783156536927,10.0,0.0,1.3156429899083728,9844.930180624555,9990.0,10027.844025511517
55,7420.43,7420.43,7600.846184492986,0.0018165880476051503,0,0,0,0,buy,True,0,0,-1,0,-3.0182405953285287,9762.636711605786,-272.5749702426201,10.0,0.0,1.3156429899083728,9762.636711605786,9990.0,10027.844025511517
56,7440.88,7429.033093811454,0,0.001592137783238796,1.3156429899083728,9764.18135635868,9.77395531167035,-235.8186436413198,sell,False,0,0,-1.0,0,-4.018240595328528,9764.18135635868,-245.76711114839782,19.77395531167035,9764.18135635868,0.0,0.0,19763.95531167035,10027.844025511517
57,7405.0,7405.0,0,0.0014442774780418295,0,0,0,0,hold,False,0,0,0.004822010299857021,0,-4.013418585028671,9764.18135635868,-292.8021226056444,19.77395531167035,9764.18135635868,0.0,0.0,19763.95531167035,10027.844025511517
58,7353.87,7364.267456810017,7371.639095905923,0.0014138755254059596,1.3245604172051142,9764.18135635868,9.76418135635868,0,buy,False,0,0,0,0,-4.013418585028671,9740.645115272173,-359.8283248299758,29.53813666802903,0.0,1.3245604172051142,9740.645115272173,29518.37248667267,10027.844025511517
59,7463.97,7463.97,7371.639095905923,0.001450971086187379,0,0,0,0,hold,False,0,0,0.014971708773747823,0,-3.9984468762549237,9886.479217206457,-215.49848198039945,29.53813666802903,0.0,1.3245604172051142,9886.479217206457,29518.37248667267,10027.844025511517
60,7504.71,7504.71,7371.639095905923,0.0015560025991046048,0,0,0,0,buy,True,0,0,-1,0,-4.998446876254924,9940.441808603393,-162.09250743278972,29.53813666802903,0.0,1.3245604172051142,9940.441808603393,29518.37248667267,10027.844025511517
61,7481.21,7481.21,7371.639095905923,0.0014070269916249861,0,0,0,0,buy,True,0,0,-1,0,-5.998446876254924,9909.314638799073,-192.89860468042934,29.53813666802903,0.0,1.3245604172051142,9909.314638799073,29518.37248667267,10027.844025511517
62,7460.59,7460.59,7371.639095905923,0.001493248885315718,0,0,0,0,buy,True,0,0,-1,0,-6.998446876254924,9882.002202996304,-219.92931639303788,29.53813666802903,0.0,1.3245604172051142,9882.002202996304,29518.37248667267,10027.844025511517
63,7500.02,7489.57029701677,0,0.0013932900156573237,1.3245604172051142,9910.467968946261,9.920388357303564,146.28661258758075,sell,False,0,0,-1.0,0,-7.998446876254924,9910.467968946261,-168.2406179047648,39.45852502533259,9910.467968946261,0.0,0.0,39438.76084397623,10027.844025511517
64,7468.76,7468.76,0,0.0014531950835247863,0,0,0,0,hold,False,0,0,0.004167988885363001,0,-7.994278887369561,9910.467968946261,-209.21928173290144,39.45852502533259,9910.467968946261,0.0,0.0,39438.76084397623,10027.844025511517
65,7427.82,7439.008148395597,7446.454602998596,0.0015062492623134941,1.3308975206745284,9910.467968946261,9.91046796894626,0,buy,False,0,0,0,0,-7.994278887369561,9885.667222016675,-262.8874358315552,49.368992994278855,0.0,1.3308975206745284,9885.667222016675,49339.31834495355,10027.844025511517
66,7418.1,7418.1,7446.454602998596,0.0010638111339941459,0,0,0,0,buy,True,0,0,-1,0,-8.99427888736956,9872.73089811572,-275.62936201227967,49.368992994278855,0.0,1.3308975206745284,9872.73089811572,49339.31834495355,10027.844025511517
67,7416.01,7401.860320514572,0,0.0019079908853181686,1.3308975206745284,9841.266431403063,9.851117548952013,-69.20153754319836,sell,False,0,0,-1.0,0,-9.99427888736956,9841.266431403063,-278.36913832068603,59.22011054323087,9841.266431403063,0.0,0.0,59190.43589390557,10027.844025511517
68,7442.24,7442.24,0,0.001414229293502456,0,0,0,0,hold,False,0,0,-0.003536942371976246,0,-9.997815829741537,9841.266431403063,-243.9842902013006,59.22011054323087,9841.266431403063,0.0,0.0,59190.43589390557,10027.844025511517
69,7440.96,7440.96,0,0.0010306027586441276,0,0,0,0,sell,True,0,0,-1,0,-10.997815829741537,9841.266431403063,-245.6622393279813,59.22011054323087,9841.266431403063,0.0,0.0,59190.43589390557,10027.844025511517
70,7389.88,7389.88,0,0.0010939875924176237,0,0,0,0,hold,False,0,0,0.006864705629381145,0,-10.990951124112156,9841.266431403063,-312.62289666455035,59.22011054323087,9841.266431403063,0.0,0.0,59190.43589390557,10027.844025511517
71,7457.0,7457.0,0,0.0010127081339943087,0,0,0,0,hold,False,0,0,-0.009082691464543389,0,-11.0000338155767,9841.266431403063,-224.63543933427354,59.22011054323087,9841.266431403063,0.0,0.0,59190.43589390557,10027.844025511517
72,7443.27,7455.391516968991,7462.854371340332,0.0016285203907677906,1.3187000498356993,9841.266431403063,9.841266431403064,0,buy,False,0,0,0,0,-11.0000338155767,9815.440519940566,-242.6340655134245,69.06137697463393,0.0,1.3187000498356993,9815.440519940566,69021.86105887723,10027.844025511517
73,7437.11,7437.11,7462.854371340332,0.0013540489982700786,0,0,0,0,buy,True,0,0,-1,0,-12.0000338155767,9807.317327633576,-250.70919568557292,69.06137697463393,0.0,1.3187000498356993,9807.317327633576,69021.86105887723,10027.844025511517
74,7416.41,7407.02029717816,0,0.001266071161362375,1.3187000498356993,9757.870396987853,9.767638035022875,-83.39603441520921,sell,False,0,0,-1.0,0,-13.0000338155767,9757.870396987853,-277.8447792185998,78.8290150096568,9757.870396987853,0.0,0.0,78789.4990939001,10027.844025511517
75,7435.46,7435.46,0,0.0015515000686450679,0,0,0,0,hold,False,0,0,-0.0025686282176956483,0,-13.002602443794395,9757.870396987853,-252.87217698168388,78.8290150096568,9757.870396987853,0.0,0.0,78789.4990939001,10027.844025511517
76,7385.6,7385.6,0,0.001007405358888165,0,0,0,0,sell,True,0,0,-1,0,-14.002602443794395,9757.870396987853,-318.233539056886,78.8290150096568,9757.870396987853,0.0,0.0,78789.4990939001,10027.844025511517
77,7435.6,7449.483003417039,7456.9399433604,0.0018670992814350483,1.3085622884325605,9757.870396987853,9.757870396987853,0,buy,False,0,0,0,0,-14.002602443794395,9729.945751869147,-252.6886512959518,88.58688540664465,0.0,1.3085622884325605,9729.945751869147,88537.61162049096,10027.844025511517
78,7420.11,7420.11,7456.9399433604,0.0017264111575593334,0,0,0,0,buy,True,0,0,-1,0,-15.002602443794395,9709.676122021327,-272.99445752429165,88.58688540664465,0.0,1.3085622884325605,9709.676122021327,88537.61162049096,10027.844025511517
79,7550.0,7535.4463624613145,0,0.0019276341110841594,1.3085622884325605,9850.74033548677,9.860600936423193,92.86993849891587,sell,False,0,0,-1.0,0,-16.002602443794395,9850.74033548677,-102.72194809893517,98.44748634306785,9850.74033548677,0.0,0.0,98398.21255691415,10027.844025511517
80,7543.25,7553.398687571028,7560.959647218247,0.001345399870218832,1.30284260135034,9850.74033548677,9.850740335486769,0,buy,False,0,0,0,0,-16.002602443794395,9827.667452635953,-111.57050794666247,108.29822667855461,0.0,1.30284260135034,9827.667452635953,108239.10215206543,10027.844025511517
81,7540.01,7530.229568438412,0,0.001297137744059886,1.30284260135034,9800.893175829839,9.810703879709548,-49.84715965693067,sell,False,0,0,-1.0,0,-17.002602443794395,9800.893175829839,-115.81781667357063,118.10893055826416,9800.893175829839,0.0,0.0,118049.80603177498,10027.844025511517
82,7532.0,7546.95814381299,7554.51265646946,0.0019859458062918573,1.2973561130295606,9800.893175829839,9.800893175829838,0,buy,False,0,0,0,0,-17.002602443794395,9771.68624333865,-126.31810769287222,127.909823734094,0.0,1.2973561130295606,9771.68624333865,127840.89831442898,10027.844025511517
83,7528.68,7528.68,7554.51265646946,0.001544009127283993,0,0,0,0,buy,True,0,0,-1,0,-18.002602443794395,9767.379021043393,-130.6702882401969,127.909823734094,0.0,1.2973561130295606,9767.379021043393,127840.89831442898,10027.844025511517
84,7520.42,7507.616604777346,0,0.0017024840664023946,1.2973561130295606,9730.312244193634,9.740052296490125,-70.5809316362047,sell,False,0,0,-1.0,0,-19.002602443794395,9730.312244193634,-141.49830369830488,137.64987603058412,9730.312244193634,0.0,0.0,137580.9506109191,10027.844025511517
85,7532.22,7532.22,0,0.0010573232126485435,0,0,0,0,hold,False,0,0,-0.0015690613024272823,0,-19.00417150509682,9730.312244193634,-126.0297101867236,137.64987603058412,9730.312244193634,0.0,0.0,137580.9506109191,10027.844025511517
86,7518.8,7518.8,0,0.0016814808157718688,0,0,0,0,sell,True,0,0,-1,0,-20.00417150509682,9730.312244193634,-143.62195806175805,137.64987603058412,9730.312244193634,0.0,0.0,137580.9506109191,10027.844025511517
87,7542.77,7542.77,0,0.0016659866887599375,0,0,0,0,sell,True,0,0,-1,0,-21.00417150509682,9730.312244193634,-112.19973886916705,137.64987603058412,9730.312244193634,0.0,0.0,137580.9506109191,10027.844025511517
88,7524.57,7524.57,0,0.001165270104459828,0,0,0,0,sell,True,0,0,-1,0,-22.00417150509682,9730.312244193634,-136.05807801414812,137.64987603058412,9730.312244193634,0.0,0.0,137580.9506109191,10027.844025511517
89,7548.26,7562.546886658063,7570.117003661724,0.0018927390760338243,1.2853582367996434,9730.312244193634,9.730312244193634,0,buy,False,0,0,0,0,-22.00417150509682,9702.218164505277,-105.00291019301585,147.38018827477777,0.0,1.2853582367996434,9702.218164505277,147301.53254286855,10027.844025511517
90,7550.0,7550.0,7570.117003661724,0.0011935502181223874,0,0,0,0,buy,True,0,0,-1,0,-23.00417150509682,9704.454687837308,-102.72194809893517,147.38018827477777,0.0,1.2853582367996434,9704.454687837308,147301.53254286855,10027.844025511517
91,7533.35,7533.35,7570.117003661724,0.0019735226710874054,0,0,0,0,hold,False,0,0,-0.002205298013245023,0,-23.006376803110065,9683.053473194594,-124.5483957233264,147.38018827477777,0.0,1.2853582367996434,9683.053473194594,147301.53254286855,10027.844025511517
92,7528.9,7528.9,7570.117003661724,0.0011454020628805428,0,0,0,0,hold,False,0,0,-0.000590706657728638,0,-23.006967509767794,9677.333629040835,-130.3818907340501,147.38018827477777,0.0,1.2853582367996434,9677.333629040835,147301.53254286855,10027.844025511517
93,7463.0,7453.036500352409,0,0.0013350528805562171,1.2853582367996434,9570.24203304146,9.579821854896357,-160.07021115217321,sell,False,0,0,-1.0,0,-24.006967509767794,9570.24203304146,-216.7700528029618,156.96001012967412,9570.24203304146,0.0,0.0,156881.3543977649,10027.844025511517
94,7327.28,7341.515440726182,7348.864305031213,0.001942800155880778,1.3022749687308062,9570.24203304146,9.570242033041461,0,buy,False,0,0,0,0,-24.006967509767794,9542.133332881862,-394.68509614124196,166.53025216271558,0.0,1.3022749687308062,9542.133332881862,166442.0261887733,10027.844025511517
95,7333.96,7325.253483851579,0,0.0011871507546292962,1.3022749687308062,9529.954757376416,9.539494251628044,-40.287275665044945,sell,False,0,0,-1.0,0,-25.006967509767794,9529.954757376416,-385.9282991363798,176.06974641434363,9529.954757376416,0.0,0.0,175981.52044040136,10027.844025511517
96,7270.0,7282.872881950396,7290.163044995391,0.001770685275157583,1.3072347900255283,9529.954757376416,9.529954757376416,0,buy,False,0,0,0,0,-25.006967509767794,9503.596923485591,-469.7733195601668,185.59970117172003,0.0,1.3072347900255283,9503.596923485591,185501.9452430204,10027.844025511517
97,7277.62,7277.62,7290.163044995391,0.0018062368550602927,0,0,0,0,buy,True,0,0,-1,0,-26.006967509767794,9513.558052585586,-459.78427866540187,185.59970117172003,0.0,1.3072347900255283,9513.558052585586,185501.9452430204,10027.844025511517
98,7304.0,7292.971522749063,0,0.001509922953304643,1.3072347900255283,9524.092471105825,9.53362609720303,-5.86228627059063,sell,False,0,0,-1.0,0,-27.006967509767794,9524.092471105825,-425.20279588273115,195.13332726892307,9524.092471105825,0.0,0.0,195035.57134022343,10027.844025511517
99,7297.95,7309.309712424251,7316.626338763014,0.0015565621063794335,1.3017054623450972,9524.092471105825,9.524092471105826,0,buy,False,0,0,0,0,-27.006967509767794,9499.781378921401,-433.13372730180527,204.6574197400289,0.0,1.3017054623450972,9499.781378921401,204550.13971885815,10027.844025511517
100,7304.99,7291.815225906899,0,0.0018035307499532078,1.3017054623450972,9482.303914264186,9.49179570997416,-41.78855684163864,sell,False,0,0,-1.0,0,-28.006967509767794,9482.303914264186,-423.90500710506603,214.14921545000306,9482.303914264186,0.0,0.0,214041.9354288323,10027.844025511517
101,7288.39,7288.39,0,0.001769918811444212,0,0,0,0,hold,False,0,0,0.0022724192640920047,0,-28.004695090503702,9482.303914264186,-445.6659098416949,214.14921545000306,9482.303914264186,0.0,0.0,214041.9354288323,10027.844025511517
102,7287.96,7287.96,0,0.001912136732007931,0,0,0,0,hold,False,0,0,5.899794056030084e-05,0,-28.004636092563143,9482.303914264186,-446.2295958764389,214.14921545000306,9482.303914264186,0.0,0.0,214041.9354288323,10027.844025511517
103,7314.66,7314.66,0,0.0014414678835930018,0,0,0,0,sell,True,0,0,-1,0,-29.004636092563143,9482.303914264186,-411.2286258121003,214.14921545000306,9482.303914264186,0.0,0.0,214041.9354288323,10027.844025511517
104,7299.83,7299.83,0,0.001052909577623404,0,0,0,0,hold,False,0,0,0.002027435314833489,0,-29.00260865724831,9482.303914264186,-430.6692395219943,214.14921545000306,9482.303914264186,0.0,0.0,214041.9354288323,10027.844025511517
105,7320.2,7320.2,0,0.0012479669645208205,0,0,0,0,sell,True,0,0,-1,0,-30.00260865724831,9482.303914264186,-403.96625224819036,214.14921545000306,9482.303914264186,0.0,0.0,214041.9354288323,10027.844025511517
106,7326.24,7334.570097177178,7341.912009186364,0.0011370221528611516,1.2915305852752956,9482.303914264186,9.482303914264186,0,buy,False,0,0,0,0,-30.00260865724831,9462.063035067282,-396.04842980666945,223.63151936426723,0.0,1.2915305852752956,9462.063035067282,223514.75703918224,10027.844025511517
107,7334.0,7334.0,7341.912009186364,0.0019392282748232703,0,0,0,0,hold,False,0,0,0.0010592063596061155,0,-30.001549450888703,9472.085312409019,-385.8758632261706,223.63151936426723,0.0,1.2915305852752956,9472.085312409019,223514.75703918224,10027.844025511517
108,7308.06,7308.06,7341.912009186364,0.0012527212381300938,0,0,0,0,hold,False,0,0,-0.003536951186255845,0,-30.00508640207496,9438.583009026977,-419.8805509965441,223.63151936426723,0.0,1.2915305852752956,9438.583009026977,223514.75703918224,10027.844025511517
109,7299.0,7299.0,7341.912009186364,0.0014108823388097858,0,0,0,0,hold,False,0,0,-0.0012397270958367397,0,-30.006326129170795,9426.881741924382,-431.7572846588246,223.63151936426723,0.0,1.2915305852752956,9426.881741924382,223514.75703918224,10027.844025511517
110,7344.99,7344.99,7341.912009186364,0.001714559017208424,0,0,0,0,hold,False,0,0,0.006300863131935978,0,-30.000025266038858,9486.279233541194,-371.46909689631866,223.63151936426723,0.0,1.2915305852752956,9486.279233541194,223514.75703918224,10027.844025511517
111,7342.0,7342.0,7341.912009186364,0.0013847405927777563,0,0,0,0,hold,False,0,0,-0.0004070802002453176,0,-30.0004323462391,9482.417557091221,-375.38868118442224,223.63151936426723,0.0,1.2915305852752956,9482.417557091221,223514.75703918224,10027.844025511517
112,7348.0,7348.0,7341.912009186364,0.0018642021570678031,0,0,0,0,buy,True,0,0,-1,0,-31.0004323462391,9490.166740602872,-367.5232946531105,223.63151936426723,0.0,1.2915305852752956,9490.166740602872,223514.75703918224,10027.844025511517
113,7360.0,7348.058168843881,0,0.0016225314070814276,1.2915305852752956,9480.75162557641,9.490241867443855,-1.552288687777036,sell,False,0,0,-1.0,0,-32.0004323462391,9480.75162557641,-351.7925215904852,233.12176123171108,9480.75162557641,0.0,0.0,233004.9989066261,10027.844025511517
114,7277.0,7277.0,0,0.0013075693741833158,0,0,0,0,hold,False,0,0,0.011277173913043479,0,-31.989155172326058,9480.75162557641,-460.5970352736367,233.12176123171108,9480.75162557641,0.0,0.0,233004.9989066261,10027.844025511517
115,7287.5,7295.498260686869,7302.801061748618,0.0010975314836183358,1.2982349574378647,9480.75162557641,9.48075162557641,0,buy,False,0,0,0,0,-31.989155172326058,9460.887252328439,-446.8326088438407,242.60251285728748,0.0,1.2982349574378647,9460.887252328439,242476.26978057693,10027.844025511517
116,7307.37,7296.60728209588,0,0.0014728579371401645,1.2982349574378647,9463.237933668244,9.472710644312558,-17.51369190816513,sell,False,0,0,-1.0,0,-32.98915517232606,9463.237933668244,-420.7850704476459,252.07522350160005,9463.237933668244,0.0,0.0,251948.98042488948,10027.844025511517
117,7325.65,7339.492973351639,7346.839813164805,0.0018896580305692331,1.2880691799909758,9463.237933668244,9.463237933668244,0,buy,False,0,0,0,0,-32.98915517232606,9435.943988400892,-396.8218594822483,261.5384614352683,0.0,1.2880691799909758,9435.943988400892,261402.75512062406,10027.844025511517
118,7338.99,7330.4633417504665,0,0.0011618299315755093,1.2880691799909758,9432.70176165687,9.442143905562432,-30.53617201137422,sell,False,0,0,-1.0,0,-33.98915517232606,9432.70176165687,-379.3344834276304,270.9806053408307,9432.70176165687,0.0,0.0,270844.8990261865,10027.844025511517
119,7338.99,7346.531526411689,7353.885411823512,0.0010275973140295074,1.2826827225905717,9432.70176165687,9.43270176165687,0,buy,False,0,0,0,0,-33.98915517232606,9413.59567426498,-379.3344834276304,280.4133071024876,0.0,1.2826827225905717,9413.59567426498,280268.1680860817,10027.844025511517
120,7350.0,7350.0,7353.885411823512,0.0016734763781379482,0,0,0,0,buy,True,0,0,-1,0,-34.98915517232606,9427.718011040703,-364.90149914267204,280.4133071024876,0.0,1.2826827225905717,9427.718011040703,280268.1680860817,10027.844025511517
121,7371.64,7371.64,7353.885411823512,0.0016737390433791744,0,0,0,0,buy,True,0,0,-1,0,-35.98915517232606,9455.475265157562,-336.5336717197406,280.4133071024876,0.0,1.2826827225905717,9455.475265157562,280268.1680860817,10027.844025511517
122,7366.1,7354.177347569324,0,0.001618584112444333,1.2826827225905717,9423.643146371536,9.433076222594131,-9.058615285333872,sell,False,0,0,-1.0,0,-36.98915517232606,9423.643146371536,-343.7960452836505,289.8463833250817,9423.643146371536,0.0,0.0,289701.2443086758,10027.844025511517
123,7374.98,7384.494819249426,7391.886705955381,0.0012901484816807776,1.274863038522931,9423.643146371536,9.423643146371536,0,buy,False,0,0,0,0,-36.98915517232606,9402.089411845845,-332.1552732173095,299.27002647145326,0.0,1.274863038522931,9402.089411845845,299115.463811901,10027.844025511517
124,7312.28,7312.28,7391.886705955381,0.001969210023129128,0,0,0,0,buy,True,0,0,-1,0,-37.98915517232606,9322.155499330456,-414.3485624695222,299.27002647145326,0.0,1.274863038522931,9322.155499330456,299115.463811901,10027.844025511517
125,7185.58,7172.610584720158,0,0.0018049225365025325,1.274863038522931,9134.952028053898,9.144096124178077,-288.69111831763803,sell,False,0,0,-1.0,0,-38.98915517232606,9134.952028053898,-580.4393080557293,308.41412259563134,9134.952028053898,0.0,0.0,308259.5599360791,10027.844025511517
126,7207.41,7207.41,0,0.001674530479158549,0,0,0,0,sell,True,0,0,-1,0,-39.98915517232606,9134.952028053898,-551.8224100593052,308.41412259563134,9134.952028053898,0.0,0.0,308259.5599360791,10027.844025511517
127,7215.0,7215.0,0,0.0011180526134339367,0,0,0,0,sell,True,0,0,-1,0,-40.98915517232606,9134.952028053898,-541.8726960971944,308.41412259563134,9134.952028053898,0.0,0.0,308259.5599360791,10027.844025511517
128,7225.66,7235.762367215116,7243.005372587705,0.0013981237997797197,1.261210168727275,9134.952028053898,9.134952028053899,0,buy,False,0,0,0,0,-40.98915517232606,9113.075867765921,-527.8985260265636,317.5490746236852,0.0,1.261210168727275,9113.075867765921,317385.3770121049,10027.844025511517
129,7204.99,7196.981767262975,0,0.0011114842264909276,1.261210168727275,9067.829682427842,9.07690658901686,-67.1223456260559,sell,False,0,0,-1.0,0,-41.98915517232606,9067.829682427842,-554.9947826269345,326.6259812127021,9067.829682427842,0.0,0.0,326462.28360112174,10027.844025511517
130,7212.99,7212.99,0,0.0019193604890725517,0,0,0,0,sell,True,0,0,-1,0,-42.98915517232606,9067.829682427842,-544.5076005851843,326.6259812127021,9067.829682427842,0.0,0.0,326462.28360112174,10027.844025511517
131,7191.65,7191.65,0,0.0016998330400919165,0,0,0,0,sell,True,0,0,-1,0,-43.98915517232606,9067.829682427842,-572.4821586815524,326.6259812127021,9067.829682427842,0.0,0.0,326462.28360112174,10027.844025511517
132,7278.89,7278.89,0,0.0016966263294117484,0,0,0,0,hold,False,0,0,-0.012130734949559656,0,-44.001285907275616,9067.829682427842,-458.11943851627257,326.6259812127021,9067.829682427842,0.0,0.0,326462.28360112174,10027.844025511517
133,7259.0,7259.0,0,0.0019098472559248953,0,0,0,0,sell,True,0,0,-1,0,-45.001285907275616,9067.829682427842,-484.19319486757195,326.6259812127021,9067.829682427842,0.0,0.0,326462.28360112174,10027.844025511517
134,7249.8,7260.147716215216,7267.415131346563,0.0014273105761835512,1.2477379533908206,9067.829682427842,9.067829682427842,0,buy,False,0,0,0,0,-45.001285907275616,9045.850614492772,-496.2534542155845,335.6938108951299,0.0,1.2477379533908206,9045.850614492772,335521.0454538672,10027.844025511517
135,7220.12,7220.12,7267.415131346563,0.0011286346832451593,0,0,0,0,buy,True,0,0,-1,0,-46.001285907275616,9008.817752036131,-535.1608995904753,335.6938108951299,0.0,1.2477379533908206,9008.817752036131,335521.0454538672,10027.844025511517
136,7194.01,7181.392638641356,0,0.0017538704225660588,1.2477379533908206,8951.535657280836,8.96049615343427,-116.29402514700632,sell,False,0,0,-1.0,0,-47.001285907275616,8951.535657280836,-569.388439979235,344.6543070485642,8951.535657280836,0.0,0.0,344481.54160730145,10027.844025511517
137,7228.11,7228.11,0,0.0013825471813993155,0,0,0,0,sell,True,0,0,-1,0,-48.001285907275616,8951.535657280836,-524.6868265262783,344.6543070485642,8951.535657280836,0.0,0.0,344481.54160730145,10027.844025511517
138,7195.22,7195.22,0,0.0015790303848649062,0,0,0,0,hold,False,0,0,0.004550290463205377,0,-47.99673561681241,8951.535657280836,-567.8022536954195,344.6543070485642,8951.535657280836,0.0,0.0,344481.54160730145,10027.844025511517
139,7214.99,7214.99,0,0.001701198573128353,0,0,0,0,sell,True,0,0,-1,0,-48.99673561681241,8951.535657280836,-541.8858050747476,344.6543070485642,8951.535657280836,0.0,0.0,344481.54160730145,10027.844025511517
140,7205.6,7205.6,0,0.0014733148761083281,0,0,0,0,hold,False,0,0,0.0013014571052765726,0,-48.99543415970713,8951.535657280836,-554.1951349962492,344.6543070485642,8951.535657280836,0.0,0.0,344481.54160730145,10027.844025511517
141,7148.0,7148.0,0,0.0017265587808978744,0,0,0,0,hold,False,0,0,0.007993782613522866,0,-48.987440377093606,8951.535657280836,-629.7028456968474,344.6543070485642,8951.535657280836,0.0,0.0,344481.54160730145,10027.844025511517
142,7131.0,7131.0,0,0.0019466043025051128,0,0,0,0,sell,True,0,0,-1,0,-49.987440377093606,8951.535657280836,-651.9881075355643,344.6543070485642,8951.535657280836,0.0,0.0,344481.54160730145,10027.844025511517
143,7099.0,7099.0,0,0.001193848771590344,0,0,0,0,hold,False,0,0,0.00448744916561492,0,-49.98295292792799,8951.535657280836,-693.9368357025614,344.6543070485642,8951.535657280836,0.0,0.0,344481.54160730145,10027.844025511517
144,7116.4,7116.4,0,0.0011082574046204312,0,0,0,0,sell,True,0,0,-1,0,-50.98295292792799,8951.535657280836,-671.1272147617583,344.6543070485642,8951.535657280836,0.0,0.0,344481.54160730145,10027.844025511517
145,7107.92,7116.1939203153825,7123.317237552936,0.0011640424083814611,1.2566526744154871,8951.535657280836,8.951535657280836,0,buy,False,0,0,0,0,-50.98295292792799,8932.18667753133,-682.2436277260113,353.605842705845,0.0,1.2566526744154871,8932.18667753133,353424.125728925,10027.844025511517
146,7090.4,7090.4,7123.317237552936,0.0012901109146904823,0,0,0,0,buy,True,0,0,-1,0,-51.98295292792799,8910.170122675569,-705.2105563974437,353.605842705845,0.0,1.2566526744154871,8910.170122675569,353424.125728925,10027.844025511517
147,7115.99,7115.99,7123.317237552936,0.0016192936013555734,0,0,0,0,buy,True,0,0,-1,0,-52.98295292792799,8942.327864613862,-671.6646828413977,353.605842705845,0.0,1.2566526744154871,8942.327864613862,353424.125728925,10027.844025511517
148,7110.97,7110.97,7123.317237552936,0.0016686491661086354,0,0,0,0,hold,False,0,0,-0.000705453492767687,0,-52.98365838142076,8936.019468188297,-678.2453895725939,353.605842705845,0.0,1.2566526744154871,8936.019468188297,353424.125728925,10027.844025511517
149,7081.03,7081.03,7123.317237552936,0.0019024960822605383,0,0,0,0,buy,True,0,0,-1,0,-53.98365838142076,8898.395287116296,-717.4936683638425,353.605842705845,0.0,1.2566526744154871,8898.395287116296,353424.125728925,10027.844025511517
150,7087.11,7076.223530389195,0,0.0015360943474568857,1.2566526744154871,8883.462869001156,8.892355224225382,-68.07278827968003,sell,False,0,0,-1.0,0,-54.98365838142076,8883.462869001156,-709.5234100121124,362.4981979300704,8883.462869001156,0.0,0.0,362316.48095315037,10027.844025511517
151,7154.01,7154.01,0,0.0016188745027588315,0,0,0,0,hold,False,0,0,-0.00943967287088821,0,-54.99309805429165,8883.462869001156,-621.8243501879824,362.4981979300704,8883.462869001156,0.0,0.0,362316.48095315037,10027.844025511517
152,7132.47,7146.032819029466,7153.1860050345,0.0019015599125499476,1.2418889796447157,8883.462869001156,8.883462869001155,0,buy,False,0,0,0,0,-54.99309805429165,8857.735890646545,-650.0610878353928,371.38166079907154,0.0,1.2418889796447157,8857.735890646545,371191.06035928254,10027.844025511517
153,7132.5,7132.5,7153.1860050345,0.001843045575510958,0,0,0,0,buy,True,0,0,-1,0,-55.99309805429165,8857.773147315935,-650.0217609027368,371.38166079907154,0.0,1.2418889796447157,8857.773147315935,371191.06035928254,10027.844025511517
154,7192.13,7178.60090782231,0,0.0018810967234589,1.2418889796447157,8906.110331335387,8.915025356692079,22.647462334231022,sell,False,0,0,-1.0,0,-56.99309805429165,8906.110331335387,-571.852927759046,380.2966861557636,8906.110331335387,0.0,0.0,380106.0857159746,10027.844025511517
155,7405.61,7415.226785994876,7422.649435430307,0.001298581210038967,1.1998559825315367,8906.110331335387,8.906110331335388,0,buy,False,0,0,0,0,-56.99309805429165,8885.665462795372,-292.00247497496275,389.202796487099,0.0,1.1998559825315367,8885.665462795372,389003.28993697866,10027.844025511517
156,7411.98,7400.569798926079,0,0.0015394268567806072,1.1998559825315367,8870.738329436284,8.879617947383668,-35.37200189910254,sell,False,0,0,-1.0,0,-57.99309805429165,8870.738329436284,-283.6520562742189,398.0824144344827,8870.738329436284,0.0,0.0,397882.9078843623,10027.844025511517
157,7450.17,7461.455074531691,7468.923998530222,0.001514740540375774,1.187686249208309,8870.738329436284,8.870738329436284,0,buy,False,0,0,0,0,-57.99309805429165,8848.464463264267,-233.58887100241736,406.953152763919,0.0,1.187686249208309,8848.464463264267,406744.7754754692,10027.844025511517
158,7427.0,7427.0,7468.923998530222,0.001989109704254249,0,0,0,0,hold,False,0,0,-0.0031099961477388275,0,-57.99620805043939,8820.94577287011,-263.9623719908341,406.953152763919,0.0,1.187686249208309,8820.94577287011,406744.7754754692,10027.844025511517
159,7430.53,7430.53,7468.923998530222,0.0014688958201003837,0,0,0,0,hold,False,0,0,0.00047529285041063025,0,-57.99573275758898,8825.138305329816,-259.33490291491216,406.953152763919,0.0,1.187686249208309,8825.138305329816,406744.7754754692,10027.844025511517
160,7435.77,7435.77,7468.923998530222,0.0015161493338818471,0,0,0,0,hold,False,0,0,0.0007051986870384744,0,-57.995027558901945,8831.361781275667,-252.46579867756554,406.953152763919,0.0,1.187686249208309,8831.361781275667,406744.7754754692,10027.844025511517
161,7516.1,7516.1,7468.923998530222,0.001588769108035411,0,0,0,0,buy,True,0,0,-1,0,-58.995027558901945,8926.76861767457,-147.16138200084788,406.953152763919,0.0,1.187686249208309,8926.76861767457,406744.7754754692,10027.844025511517
162,7455.82,7446.490111931805,0,0.0012513563991881542,1.187686249208309,8835.249816896237,8.844093910807045,-35.48851254004694,sell,False,0,0,-1.0,0,-59.995027558901945,8835.249816896237,-226.1822986854313,415.797246674726,8835.249816896237,0.0,0.0,415588.86938627623,10027.844025511517
163,7473.01,7473.01,0,0.0012985833948234433,0,0,0,0,hold,False,0,0,-0.002305581411568481,0,-59.997333140313515,8835.249816896237,-203.64796627322175,415.797246674726,8835.249816896237,0.0,0.0,415588.86938627623,10027.844025511517
164,7499.0,7512.551808965139,7520.071880845985,0.0018071488151938223,1.1748890112872563,8835.249816896237,8.835249816896237,0,buy,False,0,0,0,0,-59.997333140313515,8810.492695643135,-169.5777336150877,424.63249649162225,0.0,1.1748890112872563,8810.492695643135,424415.28395335557,10027.844025511517
165,7500.51,7500.51,7520.071880845985,0.001133674274125703,0,0,0,0,buy,True,0,0,-1,0,-60.997333140313515,8812.26677805018,-167.59827800470885,424.63249649162225,0.0,1.1748890112872563,8812.26677805018,424415.28395335557,10027.844025511517
166,7418.34,7418.34,7520.071880845985,0.0014481844411746068,0,0,0,0,hold,False,0,0,-0.010955255042657128,0,-61.008288395356175,8715.726147992706,-275.3147465510283,424.63249649162225,0.0,1.1748890112872563,8715.726147992706,424415.28395335557,10027.844025511517
167,7461.29,7449.76374030324,0,0.0015448078947152076,1.1748890112872563,8743.892909613358,8.752645555168527,-91.35690728287955,sell,False,0,0,-1.0,0,-62.008288395356175,8743.892909613358,-219.0116879643847,433.38514204679075,8743.892909613358,0.0,0.0,433167.9295085241,10027.844025511517
168,7495.0,7509.438028047187,7516.954983030217,0.0019263546427200772,1.16322273172488,8743.892909613358,8.743892909613358,0,buy,False,0,0,0,0,-62.008288395356175,8718.354374277975,-174.8213246359628,442.1290349564041,0.0,1.16322273172488,8718.354374277975,441903.07852522784,10027.844025511517
169,7509.77,7501.208713944305,0,0.0011400197417092083,1.16322273172488,8716.850914981294,8.725576491472768,-27.041994632063506,sell,False,0,0,-1.0,0,-63.008288395356175,8716.850914981294,-155.45936479138254,450.8546114478769,8716.850914981294,0.0,0.0,450628.6550167006,10027.844025511517
170,7504.96,7504.96,0,0.0016113574474387942,0,0,0,0,hold,False,0,0,0.0006404989766664492,0,-63.00764789637951,8716.850914981294,-161.76478299398514,450.8546114478769,8716.850914981294,0.0,0.0,450628.6550167006,10027.844025511517
171,7486.01,7486.01,0,0.0016658741460438648,0,0,0,0,sell,True,0,0,-1,0,-64.00764789637951,8716.850914981294,-186.60629545537813,450.8546114478769,8716.850914981294,0.0,0.0,450628.6550167006,10027.844025511517
172,7484.0,7484.0,0,0.0013055826410505993,0,0,0,0,hold,False,0,0,0.000268500843573575,0,-64.00737939553593,8716.850914981294,-189.24119994336797,450.8546114478769,8716.850914981294,0.0,0.0,450628.6550167006,10027.844025511517
173,7498.62,7498.62,0,0.0014014776410932002,0,0,0,0,hold,False,0,0,-0.001953500801710301,0,-64.00933289633764,8716.850914981294,-170.07587476207118,450.8546114478769,8716.850914981294,0.0,0.0,450628.6550167006,10027.844025511517
174,7449.99,7449.99,0,0.001981537444494322,0,0,0,0,hold,False,0,0,0.006485193275562718,0,-64.00284770306207,8716.850914981294,-233.8248325983568,450.8546114478769,8716.850914981294,0.0,0.0,450628.6550167006,10027.844025511517
175,7491.12,7491.12,0,0.0018026742493209152,0,0,0,0,hold,False,0,0,-0.005520812779614484,0,-64.00836851584168,8716.850914981294,-179.90760792621222,450.8546114478769,8716.850914981294,0.0,0.0,450628.6550167006,10027.844025511517
176,7471.0,7471.0,0,0.0018008808955237922,0,0,0,0,hold,False,0,0,0.0026858467091703097,0,-64.00568266913251,8716.850914981294,-206.2828707612116,450.8546114478769,8716.850914981294,0.0,0.0,450628.6550167006,10027.844025511517
177,7489.01,7489.01,0,0.0016471631089372907,0,0,0,0,hold,False,0,0,-0.0024106545308526595,0,-64.00809332366336,8716.850914981294,-182.67360218972317,450.8546114478769,8716.850914981294,0.0,0.0,450628.6550167006,10027.844025511517
178,7505.69,7515.554267266689,7523.077344611301,0.0013142385665660195,1.1586815495423666,8716.850914981294,8.716850914981295,0,buy,False,0,0,0,0,-64.00809332366336,8696.704519584644,-160.80782763267598,459.5714623628582,0.0,1.1586815495423666,8696.704519584644,459336.78908076696,10027.844025511517
179,7518.51,7508.508642465537,0,0.0013302313270133065,1.1586815495423666,8691.270458175615,8.69997042860422,-25.580456805679205,sell,False,0,0,-1.0,0,-65.00809332366336,8691.270458175615,-144.0021184107718,468.2714327914624,8691.270458175615,0.0,0.0,468036.7595093712,10027.844025511517
180,7524.22,7524.22,0,0.0012135354007849536,0,0,0,0,hold,False,0,0,-0.0007594589885495977,0,-65.00885278265191,8691.270458175615,-136.5168922284738,468.2714327914624,8691.270458175615,0.0,0.0,468036.7595093712,10027.844025511517
181,7510.4,7510.4,0,0.0016454142656403816,0,0,0,0,hold,False,0,0,0.0018367352363435172,0,-65.00701604741558,8691.270458175615,-154.6334992055963,468.2714327914624,8691.270458175615,0.0,0.0,468036.7595093712,10027.844025511517
182,7374.45,7374.45,0,0.0018593611152762537,0,0,0,0,hold,False,0,0,0.018101565828717487,0,-64.98891448158686,8691.270458175615,-332.85004902757646,468.2714327914624,8691.270458175615,0.0,0.0,468036.7595093712,10027.844025511517
183,7324.81,7324.81,0,0.0010752268363777753,0,0,0,0,hold,False,0,0,0.006731349456569564,0,-64.98218313213029,8691.270458175615,-397.92301359662997,468.2714327914624,8691.270458175615,0.0,0.0,468036.7595093712,10027.844025511517
184,7296.99,7296.99,0,0.0018281321664284107,0,0,0,0,sell,True,0,0,-1,0,-65.98218313213029,8691.270458175615,-434.3921891468144,468.2714327914624,8691.270458175615,0.0,0.0,468036.7595093712,10027.844025511517
185,7327.8,7327.8,0,0.0016058377398631522,0,0,0,0,hold,False,0,0,-0.004222288916388867,0,-65.98640542104668,8691.270458175615,-394.0034293085264,468.2714327914624,8691.270458175615,0.0,0.0,468036.7595093712,10027.844025511517
186,7300.63,7300.63,0,0.0013554787465198375,0,0,0,0,sell,True,0,0,-1,0,-66.98640542104668,8691.270458175615,-429.6205213178182,468.2714327914624,8691.270458175615,0.0,0.0,468036.7595093712,10027.844025511517
187,7314.98,7314.98,0,0.001108013341425698,0,0,0,0,hold,False,0,0,-0.001965583792083622,0,-66.98837100483877,8691.270458175615,-410.8091385304306,468.2714327914624,8691.270458175615,0.0,0.0,468036.7595093712,10027.844025511517
188,7342.99,7353.724837159318,7361.0859230824,0.0014619163527824276,1.1807049325320482,8691.270458175615,8.691270458175616,0,buy,False,0,0,0,0,-66.98837100483877,8669.904512533505,-374.0908924067553,476.962703249638,0.0,1.1807049325320482,8669.904512533505,476719.33869708865,10027.844025511517
189,7345.77,7345.77,7361.0859230824,0.0013011878740778258,0,0,0,0,hold,False,0,0,0.0003785923717722332,0,-66.987992412467,8673.186872245944,-370.44659664724713,476.962703249638,0.0,1.1807049325320482,8673.186872245944,476719.33869708865,10027.844025511517
190,7350.01,7341.679251420095,0,0.0011334336388528416,1.1807049325320482,8659.688548314682,8.668356905219902,-31.581909860933592,sell,False,0,0,-1.0,0,-67.987992412467,8659.688548314682,-364.88839016512065,485.63106015485795,8659.688548314682,0.0,0.0,485387.69560230855,10027.844025511517
191,7375.96,7389.013103428124,7396.409512941065,0.0017696819706349027,1.1707962536637988,8659.688548314682,8.659688548314682,0,buy,False,0,0,0,0,-67.987992412467,8635.746335174033,-330.8705934171958,494.29074870317265,0.0,1.1707962536637988,8635.746335174033,494038.7244620749,10027.844025511517
192,7368.96,7368.96,7396.409512941065,0.00104622583006361,0,0,0,0,hold,False,0,0,-0.0009490290077495543,0,-67.98894144147475,8627.550761398386,-340.04687770372584,494.29074870317265,0.0,1.1707962536637988,8627.550761398386,494038.7244620749,10027.844025511517
193,7342.31,7333.33794219361,0,0.001221966629901278,1.1707962536637988,8577.2587449813,8.58584458957087,-82.42980333338164,sell,False,0,0,-1.0,0,-68.98894144147475,8577.2587449813,-374.9823028803039,502.8765932927435,8577.2587449813,0.0,0.0,502624.5690516458,10027.844025511517
194,7346.0,7346.0,0,0.0015744346590979986,0,0,0,0,sell,True,0,0,-1,0,-69.98894144147475,8577.2587449813,-370.14509016354714,502.8765932927435,8577.2587449813,0.0,0.0,502624.5690516458,10027.844025511517
195,7370.24,7370.24,0,0.0010256917199113805,0,0,0,0,hold,False,0,0,-0.003299754968690414,0,-69.99224119644344,8577.2587449813,-338.368928577047,502.8765932927435,8577.2587449813,0.0,0.0,502624.5690516458,10027.844025511517
196,7488.88,7488.88,0,0.0019688231334644424,0,0,0,0,hold,False,0,0,-0.016097169155956974,0,-70.0083383655994,8577.2587449813,-182.84401889790206,502.8765932927435,8577.2587449813,0.0,0.0,502624.5690516458,10027.844025511517
197,7499.47,7499.47,0,0.001658306507513312,0,0,0,0,sell,True,0,0,-1,0,-71.0083383655994,8577.2587449813,-168.96161167013634,502.8765932927435,8577.2587449813,0.0,0.0,502624.5690516458,10027.844025511517
198,7565.0,7565.0,0,0.0016157605301061171,0,0,0,0,sell,True,0,0,-1,0,-72.0083383655994,8577.2587449813,-83.05848177065491,502.8765932927435,8577.2587449813,0.0,0.0,502624.5690516458,10027.844025511517
199,7558.98,7569.090342380014,7576.667009389404,0.001337527335700597,1.1320622556530346,8577.2587449813,8.5772587449813,0,buy,False,0,0,0,0,-72.0083383655994,8557.235949236176,-90.95008625707305,511.4538520377248,0.0,1.1320622556530346,8557.235949236176,511193.25053788215,10027.844025511517
200,7544.0,7535.838325320255,0,0.0010818762831051785,1.1320622556530346,8522.507094665836,8.531038132798635,-54.75165031546385,sell,False,0,0,-1.0,0,-73.0083383655994,8522.507094665836,-110.58733463024691,519.9848901705234,8522.507094665836,0.0,0.0,519724.2886706808,10027.844025511517
201,7537.8,7537.8,0,0.0017449334441451666,0,0,0,0,hold,False,0,0,0.0008218451749734647,0,-73.00751652042443,8522.507094665836,-118.71490071260268,519.9848901705234,8522.507094665836,0.0,0.0,519724.2886706808,10027.844025511517
202,7541.9,7541.9,0,0.0016296284583968636,0,0,0,0,sell,True,0,0,-1,0,-74.00751652042443,8522.507094665836,-113.3402199162083,519.9848901705234,8522.507094665836,0.0,0.0,519724.2886706808,10027.844025511517
203,7531.97,7531.97,0,0.0014984785595881745,0,0,0,0,sell,True,0,0,-1,0,-75.00751652042443,8522.507094665836,-126.35743462552819,519.9848901705234,8522.507094665836,0.0,0.0,519724.2886706808,10027.844025511517
204,7539.25,7539.25,0,0.0013400320604823428,0,0,0,0,hold,False,0,0,-0.0009665466006900911,0,-75.00848306702513,8522.507094665836,-116.81409896753576,519.9848901705234,8522.507094665836,0.0,0.0,519724.2886706808,10027.844025511517
205,7537.75,7537.75,0,0.0014885229290454126,0,0,0,0,hold,False,0,0,0.0001989587823722519,0,-75.00828410824275,8522.507094665836,-118.78044560036506,519.9848901705234,8522.507094665836,0.0,0.0,519724.2886706808,10027.844025511517
206,7551.44,7563.539475945094,7571.110586531626,0.0016022739960979671,1.1256614201127462,8522.507094665836,8.522507094665837,0,buy,False,0,0,0,0,-75.00828410824275,8500.364674296196,-100.83425533142145,528.5073972651892,0.0,1.1256614201127462,8500.364674296196,528238.273258252,10027.844025511517
207,7558.63,7558.63,7571.110586531626,0.0017441880113849063,0,0,0,0,buy,True,0,0,-1,0,-76.00828410824275,8508.458179906807,-91.40890047139874,528.5073972651892,0.0,1.1256614201127462,8508.458179906807,528238.273258252,10027.844025511517
208,7551.99,7551.99,7571.110586531626,0.001587494389369165,0,0,0,0,buy,True,0,0,-1,0,-77.00828410824275,8500.983788077257,-100.11326156604991,528.5073972651892,0.0,1.1256614201127462,8500.983788077257,528238.273258252,10027.844025511517
209,7590.0,7581.357714793628,0,0.001138641002157073,1.1256614201127462,8525.507849725702,8.534041891617319,3.0007550598656962,sell,False,0,0,-1.0,0,-78.00828410824275,8525.507849725702,-50.2860378901878,537.0414391568065,8525.507849725702,0.0,0.0,536772.3151498693,10027.844025511517
210,7557.09,7567.947303226088,7575.522826052138,0.0014367042374892336,1.125401908948987,8525.507849725702,8.525507849725702,0,buy,False,0,0,0,0,-78.00828410824275,8504.7635120993,-93.42768301443539,545.5669470065322,0.0,1.125401908948987,8504.7635120993,545289.2974917453,10027.844025511517
211,7544.9,7537.009198364179,0,0.001045845754857093,1.125401908948987,8473.682375065515,8.48216453960512,-51.825474660186956,sell,False,0,0,-1.0,0,-79.00828410824275,8473.682375065515,-109.40752665055152,554.0491115461374,8473.682375065515,0.0,0.0,553771.4620313505,10027.844025511517
212,7540.04,7540.04,0,0.0016761110911663307,0,0,0,0,sell,True,0,0,-1,0,-80.00828410824275,8473.682375065515,-115.77848974091467,554.0491115461374,8473.682375065515,0.0,0.0,553771.4620313505,10027.844025511517
213,7554.94,7566.080526079853,7573.654180260114,0.001474601529575807,1.1188367165154205,8473.682375065515,8.473682375065515,0,buy,False,0,0,0,0,-80.00828410824275,8452.74426307101,-96.2461131881555,562.522793921203,0.0,1.1188367165154205,8452.74426307101,562236.670724041,10027.844025511517
214,7449.27,7438.884109966327,0,0.0013942158135862,1.1188367165154205,8314.57377546133,8.322896672133462,-159.10859960418566,sell,False,0,0,-1.0,0,-81.00828410824275,8314.57377546133,-234.76867898211276,570.8456905933364,8314.57377546133,0.0,0.0,570559.5673961744,10027.844025511517
215,7485.01,7485.01,0,0.0012747332355334334,0,0,0,0,sell,True,0,0,-1,0,-82.00828410824275,8314.57377546133,-187.91719321059827,570.8456905933364,8314.57377546133,0.0,0.0,570559.5673961744,10027.844025511517
216,7517.84,7517.84,0,0.0019095798800221428,0,0,0,0,sell,True,0,0,-1,0,-83.00828410824275,8314.57377546133,-144.88041990676902,570.8456905933364,8314.57377546133,0.0,0.0,570559.5673961744,10027.844025511517
217,7483.99,7497.802681772294,7505.307989762056,0.0018456307093266953,1.107825792999193,8314.57377546133,8.31457377546133,0,buy,False,0,0,0,0,-83.00828410824275,8290.957156548031,-189.25430892092118,579.1602643687977,0.0,1.107825792999193,8290.957156548031,578865.8265978603,10027.844025511517
218,7487.82,7474.901138107721,0,0.0017253168335081828,1.107825792999193,8272.607392633841,8.280888280914757,-41.966382827487905,sell,False,0,0,-1.0,0,-84.00828410824275,8272.607392633841,-184.23357051843414,587.4411526497124,8272.607392633841,0.0,0.0,587146.7148787751,10027.844025511517
219,7495.13,7505.0845530694305,7512.59715021965,0.0013281361456612666,1.1011647805968101,8272.607392633841,8.27260739263384,0,buy,False,0,0,0,0,-84.00828410824275,8253.37318199457,-174.65090792778392,595.7137600423463,0.0,1.1011647805968101,8253.37318199457,595411.0496640162,10027.844025511517
220,7491.22,7491.22,7512.59715021965,0.001231529525594506,0,0,0,0,buy,True,0,0,-1,0,-85.00828410824275,8249.067627702436,-179.7765181506893,595.7137600423463,0.0,1.1011647805968101,8249.067627702436,595411.0496640162,10027.844025511517
221,7490.0,7475.244399681138,0,0.001970040095976274,1.1011647805968101,8223.244383423133,8.231475859282416,-49.3630092107087,sell,False,0,0,-1.0,0,-86.00828410824275,8223.244383423133,-181.37581341205623,603.9452359016287,8223.244383423133,0.0,0.0,603642.5255232987,10027.844025511517
222,7542.99,7542.99,0,0.0012506698279004772,0,0,0,0,sell,True,0,0,-1,0,-87.00828410824275,8223.244383423133,-111.91134136301844,603.9452359016287,8223.244383423133,0.0,0.0,603642.5255232987,10027.844025511517
223,7572.09,7572.09,0,0.0019290970864055785,0,0,0,0,sell,True,0,0,-1,0,-88.00828410824275,8223.244383423133,-73.76421668615512,603.9452359016287,8223.244383423133,0.0,0.0,603642.5255232987,10027.844025511517
224,7595.0,7603.554602250204,7611.1657680182225,0.0011263465767220226,1.0804185106540232,8223.244383423133,8.223244383423133,0,buy,False,0,0,0,0,-88.00828410824275,8205.778588417306,-43.73154911409438,612.1684802850518,0.0,1.0804185106540232,8205.778588417306,611857.5466623383,10027.844025511517
225,7531.64,7531.64,7611.1657680182225,0.0017522866440905008,0,0,0,0,buy,True,0,0,-1,0,-89.00828410824275,8137.323271582268,-126.7900308847511,612.1684802850518,0.0,1.0804185106540232,8137.323271582268,611857.5466623383,10027.844025511517
226,7536.31,7536.31,7611.1657680182225,0.0010941215086654574,0,0,0,0,hold,False,0,0,0.0006200508786930622,0,-89.00766405736405,8142.368826027022,-120.66813836787878,612.1684802850518,0.0,1.0804185106540232,8142.368826027022,611857.5466623383,10027.844025511517
227,7361.39,7361.39,7611.1657680182225,0.0018425201488611407,0,0,0,0,hold,False,0,0,-0.02321029787787393,0,-89.03087435524192,7953.38202014342,-349.970373710732,612.1684802850518,0.0,1.0804185106540232,7953.38202014342,611857.5466623383,10027.844025511517
228,7418.0,7418.0,7611.1657680182225,0.0013668726840109454,0,0,0,0,hold,False,0,0,0.007690123740217438,0,-89.0231842315017,8014.5445120315435,-275.7604517878026,612.1684802850518,0.0,1.0804185106540232,8014.5445120315435,611857.5466623383,10027.844025511517
229,7429.52,7429.52,7611.1657680182225,0.0010803582943629925,0,0,0,0,hold,False,0,0,0.001552979239687403,0,-89.02163125226201,8026.990933274279,-260.65890964768187,612.1684802850518,0.0,1.0804185106540232,8026.990933274279,611857.5466623383,10027.844025511517
230,7428.95,7428.95,7611.1657680182225,0.0016989630166463284,0,0,0,0,hold,False,0,0,-7.672097255281939e-05,0,-89.02170797323457,8026.375094723206,-261.406121368158,612.1684802850518,0.0,1.0804185106540232,8026.375094723206,611857.5466623383,10027.844025511517
231,7447.3,7439.744000141865,0,0.0010145958747646234,1.0804185106540232,8029.999095148198,8.03803713228048,-193.24528827493486,sell,False,0,0,-1.0,0,-90.02170797323457,8029.999095148198,-237.35114755989343,620.2065174173323,8029.999095148198,0.0,0.0,619895.5837946188,10027.844025511517
232,7447.99,7447.99,0,0.001849757188489063,0,0,0,0,sell,True,0,0,-1,0,-91.02170797323457,8029.999095148198,-236.44662810879345,620.2065174173323,8029.999095148198,0.0,0.0,619895.5837946188,10027.844025511517
233,7432.99,7432.99,0,0.0017793002239954682,0,0,0,0,sell,True,0,0,-1,0,-92.02170797323457,8029.999095148198,-256.1100944370737,620.2065174173323,8029.999095148198,0.0,0.0,619895.5837946188,10027.844025511517
234,7404.99,7412.893308856923,7420.313622479402,0.001067295007410313,1.0821643806026997,8029.999095148197,8.029999095148199,0,buy,False,0,0,0,0,-92.02170797323457,8013.416416719186,-292.8152315831976,628.2365165124805,9.094947017729282e-13,1.0821643806026997,8013.416416719185,627917.5528906719,10027.844025511517
235,7440.14,7440.14,7420.313622479402,0.0010369810279386698,0,0,0,0,hold,False,0,0,0.004746799117892182,0,-92.01696117411667,8051.454494697371,-246.73717548726017,628.2365165124805,9.094947017729282e-13,1.0821643806026997,8051.45449469737,627917.5528906719,10027.844025511517
236,7444.91,7444.91,7420.313622479402,0.0019523758747896957,0,0,0,0,hold,False,0,0,0.0006411169682291219,0,-92.01632005714845,8056.616418792846,-240.48419319486675,628.2365165124805,9.094947017729282e-13,1.0821643806026997,8056.616418792845,627917.5528906719,10027.844025511517
237,7442.0,7431.227312162165,0,0.0014475527865944033,1.0821643806026997,8033.76769188245,8.041809501383835,3.7685967342531512,sell,False,0,0,-1.0,0,-93.01632005714845,8033.767691882451,-244.2989056625538,636.2783260138643,8033.767691882451,0.0,0.0,635959.3623920557,10027.844025511517
238,7517.33,7517.33,0,0.0014520557918382931,0,0,0,0,sell,True,0,0,-1,0,-94.01632005714845,8033.767691882451,-145.54897776192956,636.2783260138643,8033.767691882451,0.0,0.0,635959.3623920557,10027.844025511517
239,7521.01,7528.953588043023,7536.4900781211445,0.0010561863423959046,1.0659826535438468,8033.767691882451,8.033767691882453,0,buy,False,0,0,0,0,-94.01632005714845,8017.266197129808,-140.72487402272418,644.3120937057467,0.0,1.0659826535438468,8017.266197129808,643985.0963162462,10027.844025511517
240,7472.23,7472.23,7536.4900781211445,0.0012561713862979688,0,0,0,0,buy,True,0,0,-1,0,-95.01632005714845,7965.267563289938,-204.67046652229328,644.3120937057467,0.0,1.0659826535438468,7965.267563289938,643985.0963162462,10027.844025511517
241,7485.0,7485.0,7536.4900781211445,0.0014950165740473095,0,0,0,0,hold,False,0,0,0.0017089945036488999,0,-95.0146110626448,7978.8801617756935,-187.93030218814965,644.3120937057467,0.0,1.0659826535438468,7978.8801617756935,643985.0963162462,10027.844025511517
242,7489.89,7489.89,7536.4900781211445,0.0014279013842345726,0,0,0,0,buy,True,0,0,-1,0,-96.0146110626448,7984.092816951523,-181.52001216513054,644.3120937057467,0.0,1.0659826535438468,7984.092816951523,643985.0963162462,10027.844025511517
243,7500.0,7500.0,7536.4900781211445,0.0016069837940975067,0,0,0,0,hold,False,0,0,0.0013498195567624661,0,-96.01326124308804,7994.869901578851,-168.2668358598694,644.3120937057467,0.0,1.0659826535438468,7994.869901578851,643985.0963162462,10027.844025511517
244,7498.5,7498.5,7536.4900781211445,0.0018532061379368586,0,0,0,0,hold,False,0,0,-0.00019999999999994743,0,-96.01346124308805,7993.270927598535,-170.2331824926987,644.3120937057467,0.0,1.0659826535438468,7993.270927598535,643985.0963162462,10027.844025511517
245,7531.98,7531.98,7536.4900781211445,0.0018314826426487484,0,0,0,0,hold,False,0,0,0.00446489297859571,0,-96.00899635010946,8028.960026839183,-126.3443256479768,644.3120937057467,0.0,1.0659826535438468,8028.960026839183,643985.0963162462,10027.844025511517
246,7645.9,7633.152938609274,0,0.0016671760539276438,1.0659826535438468,8128.671815780322,8.136808624404727,94.9041238978707,sell,False,0,0,-1.0,0,-97.00899635010946,8128.671815780322,22.993146626535236,652.4489023301514,8128.671815780322,0.0,0.0,652121.9049406509,10027.844025511517
247,7641.0,7641.0,0,0.0012101620843825052,0,0,0,0,sell,True,0,0,-1,0,-98.00899635010946,8128.671815780322,16.569747625964737,652.4489023301514,8128.671815780322,0.0,0.0,652121.9049406509,10027.844025511517
248,7662.03,7662.03,0,0.0012792304506098124,0,0,0,0,hold,False,0,0,-0.0027522575579112347,0,-98.01174860766737,8128.671815780322,44.13792741821271,652.4489023301514,8128.671815780322,0.0,0.0,652121.9049406509,10027.844025511517
249,7659.72,7669.555430272152,7677.232662935087,0.0012840456664410195,1.0588023279566265,8128.671815780322,8.128671815780322,0,buy,False,0,0,0,0,-98.01174860766737,8110.129367495932,41.10975360365774,660.5775741459317,0.0,1.0588023279566265,8110.129367495932,660242.4480846154,10027.844025511517
250,7660.0,7646.17013000024,0,0.0018054660574100105,1.0588023279566265,8087.686950863079,8.095782733596677,-40.9848649172427,sell,False,0,0,-1.0,0,-99.01174860766737,8087.686950863079,41.4768049751201,668.6733568795285,8087.686950863079,0.0,0.0,668338.230818212,10027.844025511517
251,7652.28,7652.28,0,0.0016958110469993222,0,0,0,0,hold,False,0,0,0.001007832898172357,0,-99.0107407747692,8087.686950863079,31.35667430483045,668.6733568795285,8087.686950863079,0.0,0.0,668338.230818212,10027.844025511517
252,7636.28,7647.187547691766,7654.842390081848,0.0014283849848049533,1.0565451956714427,8087.68695086308,8.08768695086308,0,buy,False,0,0,0,0,-99.0107407747692,8068.074946801923,10.382310221331863,676.7610438303915,-9.094947017729282e-13,1.0565451956714427,8068.074946801924,676417.8300821242,10027.844025511517
253,7635.99,7635.99,7654.842390081848,0.0014151667694933586,0,0,0,0,hold,False,0,0,-3.797660641040947e-05,0,-99.01077875137561,8067.768548695179,10.002149872318114,676.7610438303915,-9.094947017729282e-13,1.0565451956714427,8067.76854869518,676417.8300821242,10027.844025511517
254,7653.79,7653.79,7654.842390081848,0.0016191725332666937,0,0,0,0,hold,False,0,0,0.002331066436703052,0,-99.00844768493891,8086.5750531781305,33.33612991521113,676.7610438303915,-9.094947017729282e-13,1.0565451956714427,8086.575053178131,676417.8300821242,10027.844025511517
255,7623.1,7614.4712665332,0,0.0011319192279781746,1.0565451956714427,8036.988001199664,8.045033034233898,-50.69894966341599,sell,False,0,0,-1.0,0,-100.00844768493891,8036.988001199663,-6.895322192449385,684.8060768646254,8036.988001199663,0.0,0.0,684462.863116358,10027.844025511517
256,7631.24,7631.24,0,0.0014940279369949992,0,0,0,0,hold,False,0,0,-0.0010678070601198224,0,-100.00951549199904,8036.988001199663,3.7753855350292724,684.8060768646254,8036.988001199663,0.0,0.0,684462.863116358,10027.844025511517
257,7642.37,7642.37,0,0.0014026129234412856,0,0,0,0,hold,False,0,0,-0.0014584785696689017,0,-100.01097397056871,8036.988001199663,18.365677550613327,684.8060768646254,8036.988001199663,0.0,0.0,684462.863116358,10027.844025511517
258,7660.29,7668.069856052321,7675.7456016539745,0.001015608554287218,1.0470628416173469,8036.988001199662,8.036988001199664,0,buy,False,0,0,0,0,-100.01097397056871,8020.805015012947,41.856965324132034,692.8430648658251,9.094947017729282e-13,1.0470628416173469,8020.805015012946,692491.8141295565,10027.844025511517
259,7665.0,7656.735199779215,0,0.0010782518226725274,1.0470628416173469,8009.065832876597,8.01708291579239,-27.922168323065307,sell,False,0,0,-1.0,0,-101.01097397056871,8009.065832876598,48.031293751213525,700.8601477816175,8009.065832876598,0.0,0.0,700508.8970453489,10027.844025511517
260,7612.07,7612.07,0,0.0013500314561001468,0,0,0,0,sell,True,0,0,-1,0,-102.01097397056871,8009.065832876598,-21.354524432512335,700.8601477816175,8009.065832876598,0.0,0.0,700508.8970453489,10027.844025511517
261,7639.89,7639.89,0,0.0015927576299602172,0,0,0,0,hold,False,0,0,-0.0036547220401284566,0,-102.01462869260884,8009.065832876598,15.11465111767211,700.8601477816175,8009.065832876598,0.0,0.0,700508.8970453489,10027.844025511517
262,7631.0,7631.0,0,0.001848791602853016,0,0,0,0,sell,True,0,0,-1,0,-103.01462869260884,8009.065832876598,3.460770073777894,700.8601477816175,8009.065832876598,0.0,0.0,700508.8970453489,10027.844025511517
263,7640.03,7640.03,0,0.0018683472645887678,0,0,0,0,hold,False,0,0,-0.0011833311492595656,0,-103.0158120237581,8009.065832876598,15.298176803402384,700.8601477816175,8009.065832876598,0.0,0.0,700508.8970453489,10027.844025511517
264,7660.08,7674.599950831838,7682.282233064903,0.001895535142170624,1.0425373072607516,8009.065832876598,8.009065832876598,0,buy,False,0,0,0,0,-103.0158120237581,7985.919176601938,41.58167679553662,708.869213614494,0.0,1.0425373072607516,7985.919176601938,708509.9538123927,10027.844025511517
265,7650.59,7650.59,7682.282233064903,0.0017482749704676767,0,0,0,0,hold,False,0,0,-0.001238890455452072,0,-103.01705091421356,7976.025497556034,29.141257098512142,708.869213614494,0.0,1.0425373072607516,7976.025497556034,708509.9538123927,10027.844025511517
266,7641.41,7641.41,7682.282233064903,0.001385597171496428,0,0,0,0,hold,False,0,0,-0.0011999074581176643,0,-103.01825082167167,7966.45500507538,17.107215705604176,708.869213614494,0.0,1.0425373072607516,7966.45500507538,708509.9538123927,10027.844025511517
267,7643.1,7643.1,7682.282233064903,0.0018964253960295453,0,0,0,0,hold,False,0,0,0.00022116337168144134,0,-103.0180296583,7968.216893124651,19.322632911924302,708.869213614494,0.0,1.0425373072607516,7968.216893124651,708509.9538123927,10027.844025511517
268,7645.28,7634.381279068483,0,0.0014255489572018761,1.0425373072607516,7951.168173980667,7.959127301281949,-57.89765889593036,sell,False,0,0,-1.0,0,-104.0180296583,7951.168173980667,22.180390018300386,716.8283409157759,7951.168173980667,0.0,0.0,716469.0811136746,10027.844025511517
269,7655.0,7655.0,0,0.001921911008387362,0,0,0,0,sell,True,0,0,-1,0,-105.0180296583,7951.168173980667,34.92231619902668,716.8283409157759,7951.168173980667,0.0,0.0,716469.0811136746,10027.844025511517
270,7729.64,7729.64,0,0.0010380241703454216,0,0,0,0,sell,True,0,0,-1,0,-106.0180296583,7951.168173980667,132.76772464854912,716.8283409157759,7951.168173980667,0.0,0.0,716469.0811136746,10027.844025511517
271,7720.0,7720.0,0,0.0010812948868459949,0,0,0,0,sell,True,0,0,-1,0,-107.0180296583,7951.168173980667,120.13067028824116,716.8283409157759,7951.168173980667,0.0,0.0,716469.0811136746,10027.844025511517
272,7755.25,7755.25,0,0.0011311561476598862,0,0,0,0,hold,False,0,0,-0.004566062176165803,0,-107.02259572047616,7951.168173980667,166.3398161596997,716.8283409157759,7951.168173980667,0.0,0.0,716469.0811136746,10027.844025511517
273,7753.63,7753.63,0,0.0013823144295460566,0,0,0,0,hold,False,0,0,0.00020889075142643896,0,-107.02238682972474,7951.168173980667,164.2161617962447,716.8283409157759,7951.168173980667,0.0,0.0,716469.0811136746,10027.844025511517
274,7703.8,7716.293309654097,7724.017326981078,0.0016217074241410066,1.0294083813362405,7951.168173980666,7.951168173980668,0,buy,False,0,0,0,0,-107.02238682972474,7930.35628813813,98.89412665369855,724.7795090897566,9.094947017729282e-13,1.0294083813362405,7930.3562881381295,724412.2981194813,10027.844025511517
275,7714.85,7714.85,7724.017326981078,0.0017534075769685513,0,0,0,0,hold,False,0,0,0.001434357070536687,0,-107.0209524726542,7941.731250751896,113.37954684886427,724.7795090897566,9.094947017729282e-13,1.0294083813362405,7941.7312507518955,724412.2981194813,10027.844025511517
276,7718.83,7718.83,7724.017326981078,0.0018247949650108252,0,0,0,0,hold,False,0,0,0.0005158881896600996,0,-107.02043658446455,7945.828296109614,118.59691991463478,724.7795090897566,9.094947017729282e-13,1.0294083813362405,7945.828296109613,724412.2981194813,10027.844025511517
277,7720.05,7720.05,7724.017326981078,0.001954516125247364,0,0,0,0,buy,True,0,0,-1,0,-108.02043658446455,7947.084174334845,120.19621517600172,724.7795090897566,9.094947017729282e-13,1.0294083813362405,7947.084174334844,724412.2981194813,10027.844025511517
278,7717.0,7706.7600622555465,0,0.0013269324536028658,1.0294083813362405,7925.469997632233,7.933403401033266,-25.698176348433662,sell,False,0,0,-1.0,0,-109.02043658446455,7925.469997632234,116.19797702258438,732.7129124907899,7925.469997632234,0.0,0.0,732345.7015205146,10027.844025511517
279,7730.01,7730.01,0,0.0018712810433099214,0,0,0,0,sell,True,0,0,-1,0,-110.02043658446455,7925.469997632234,133.2527568179794,732.7129124907899,7925.469997632234,0.0,0.0,732345.7015205146,10027.844025511517
280,7706.58,7706.58,0,0.0013990485863086114,0,0,0,0,hold,False,0,0,0.003031043944315763,0,-110.01740554052023,7925.469997632234,102.5384224132049,732.7129124907899,7925.469997632234,0.0,0.0,732345.7015205146,10027.844025511517
281,7695.13,7695.13,0,0.0018777773125618906,0,0,0,0,sell,True,0,0,-1,0,-111.01740554052023,7925.469997632234,87.52864311595295,732.7129124907899,7925.469997632234,0.0,0.0,732345.7015205146,10027.844025511517
282,7678.0,7678.0,0,0.0013000023770170874,0,0,0,0,sell,True,0,0,-1,0,-112.01740554052023,7925.469997632234,65.07296456905533,732.7129124907899,7925.469997632234,0.0,0.0,732345.7015205146,10027.844025511517
283,7699.57,7707.377219274736,7715.092311586322,0.0010139812060590357,1.0272683303775862,7925.469997632233,7.9254699976322325,0,buy,False,0,0,0,0,-112.01740554052023,7909.524418525352,93.34902914912163,740.6383824884222,9.094947017729282e-13,1.0272683303775862,7909.524418525351,740263.2460481492,10027.844025511517
284,7720.01,7720.01,7715.092311586322,0.0012545460327743378,0,0,0,0,buy,True,0,0,-1,0,-113.01740554052023,7930.521783198271,120.14377926579255,740.6383824884222,9.094947017729282e-13,1.0272683303775862,7930.52178319827,740263.2460481492,10027.844025511517
285,7692.01,7692.01,7715.092311586322,0.001739351926199565,0,0,0,0,hold,False,0,0,-0.003626938307074798,0,-113.02103247882731,7901.758269947698,83.43864211967048,740.6383824884222,9.094947017729282e-13,1.0272683303775862,7901.758269947697,740263.2460481492,10027.844025511517
286,7712.82,7700.1840626091025,0,0.0016383031616059372,1.0272683303775862,7902.245070370956,7.910155225596552,-23.224927261277116,sell,False,0,0,-1.0,0,-114.02103247882731,7902.2450703709565,110.71842440576984,748.5485377140187,7902.2450703709565,0.0,0.0,748173.4012737457,10027.844025511517
287,7714.26,7714.26,0,0.0014627770716395525,0,0,0,0,hold,False,0,0,-0.00018670214007334663,0,-114.02121918096738,7902.2450703709565,112.60611717328538,748.5485377140187,7902.2450703709565,0.0,0.0,748173.4012737457,10027.844025511517
288,7713.99,7713.99,0,0.001902611416935169,0,0,0,0,sell,True,0,0,-1,0,-115.02121918096738,7902.2450703709565,112.25217477937622,748.5485377140187,7902.2450703709565,0.0,0.0,748173.4012737457,10027.844025511517
289,7703.99,7703.99,0,0.0016501304146694321,0,0,0,0,hold,False,0,0,0.0012963459895592294,0,-115.01992283497782,7902.2450703709565,99.14319722718938,748.5485377140187,7902.2450703709565,0.0,0.0,748173.4012737457,10027.844025511517
290,7674.0,7683.999578541479,7691.691269811291,0.0013030464609694189,1.0273741877012221,7902.2450703709565,7.902245070370958,0,buy,False,0,0,0,0,-115.01992283497782,7884.069516419178,59.82937354818023,756.4507827843897,0.0,1.0273741877012221,7884.069516419178,756067.7440990463,10027.844025511517
291,7690.0,7674.71422723989,0,0.0019877467828492233,1.0273741877012221,7876.918491754544,7.884803295049594,-25.326578616412007,sell,False,0,0,-1.0,0,-116.01992283497782,7876.918491754544,80.80373763168063,764.3355860794393,7876.918491754544,0.0,0.0,763952.5473940959,10027.844025511517
292,7699.01,7699.01,0,0.001464944318833972,0,0,0,0,sell,True,0,0,-1,0,-117.01992283497782,7876.918491754544,92.61492640620054,764.3355860794393,7876.918491754544,0.0,0.0,763952.5473940959,10027.844025511517
293,7660.0,7660.0,0,0.0016541187111426207,0,0,0,0,sell,True,0,0,-1,0,-118.01992283497782,7876.918491754544,41.4768049751201,764.3355860794393,7876.918491754544,0.0,0.0,763952.5473940959,10027.844025511517
294,7578.76,7578.76,0,0.0011898877440003658,0,0,0,0,hold,False,0,0,0.010605744125326342,0,-118.00931709085249,7876.918491754544,-65.02052865884616,764.3355860794393,7876.918491754544,0.0,0.0,763952.5473940959,10027.844025511517
295,7597.7,7597.7,0,0.001839396352628096,0,0,0,0,sell,True,0,0,-1,0,-119.00931709085249,7876.918491754544,-40.19212517500455,764.3355860794393,7876.918491754544,0.0,0.0,763952.5473940959,10027.844025511517
296,7609.24,7609.24,0,0.0014400408803986737,0,0,0,0,hold,False,0,0,-0.0015188807139002545,0,-119.0108359715664,7876.918491754544,-25.064365079781055,764.3355860794393,7876.918491754544,0.0,0.0,763952.5473940959,10027.844025511517
297,7627.9,7627.9,0,0.0011951557750896034,0,0,0,0,sell,True,0,0,-1,0,-120.0108359715664,7876.918491754544,-0.6030129673999909,764.3355860794393,7876.918491754544,0.0,0.0,763952.5473940959,10027.844025511517
298,7591.06,7601.6666398222,7609.275915737938,0.001397254114998359,1.0351731989982191,7876.918491754544,7.8769184917545445,0,buy,False,0,0,0,0,-120.0108359715664,7858.061863987422,-48.896486269655725,772.2125045711938,0.0,1.0351731989982191,7858.061863987422,771821.5889673587,10027.844025511517
299,7505.0,7492.03602062163,0,0.0017273789977840994,1.0351731989982191,7747.799339582304,7.755554894476781,-129.11915217224032,sell,False,0,0,-1.0,0,-121.0108359715664,7747.799339582304,-161.71234708377597,779.9680594656705,7747.799339582304,0.0,0.0,779577.1438618355,10027.844025511517
300,7525.74,7525.74,0,0.0019414807035929129,0,0,0,0,sell,True,0,0,-1,0,-122.0108359715664,7747.799339582304,-134.52432764054174,779.9680594656705,7747.799339582304,0.0,0.0,779577.1438618355,10027.844025511517
301,7494.99,7507.548899069133,7515.063963032166,0.001675639202871952,1.0309691810602015,7747.799339582304,7.747799339582304,0,buy,False,0,0,0,0,-122.0108359715664,7727.1037023543995,-174.834433613516,787.7158588052529,0.0,1.0309691810602015,7727.1037023543995,787317.1954020782,10027.844025511517
302,7483.0,7483.0,7515.063963032166,0.0015469272297136218,0,0,0,0,hold,False,0,0,-0.0015997352898402615,0,-122.01243570685624,7714.742381873488,-190.5520976985881,787.7158588052529,0.0,1.0309691810602015,7714.742381873488,787317.1954020782,10027.844025511517
303,7496.99,7484.52836051713,0,0.0016622190349553222,1.0309691810602015,7708.601756389733,7.716318074464198,-39.197583192571074,sell,False,0,0,-1.0,0,-123.01243570685624,7708.601756389733,-172.21263810307755,795.4321768797171,7708.601756389733,0.0,0.0,795033.5134765424,10027.844025511517
304,7483.1,7483.1,0,0.0010136834088361123,0,0,0,0,sell,True,0,0,-1,0,-124.01243570685624,7708.601756389733,-190.4210079230652,795.4321768797171,7708.601756389733,0.0,0.0,795033.5134765424,10027.844025511517
305,7475.92,7475.92,0,0.0016721252305091053,0,0,0,0,sell,True,0,0,-1,0,-125.01243570685624,7708.601756389733,-199.83325380553651,795.4321768797171,7708.601756389733,0.0,0.0,795033.5134765424,10027.844025511517
306,7498.0,7506.915305953491,7514.42973568918,0.001189024533674496,1.0258398877267225,7708.601756389734,7.708601756389733,0,buy,False,0,0,0,0,-125.01243570685624,7691.747478174964,-170.88863137030785,803.1407786361068,-9.094947017729282e-13,1.0258398877267225,7691.747478174965,802734.4066311758,10027.844025511517
307,7494.99,7494.99,7514.42973568918,0.0010339393296909354,0,0,0,0,hold,False,0,0,-0.0004014403841024518,0,-125.01283714724033,7688.659700112907,-174.834433613516,803.1407786361068,-9.094947017729282e-13,1.0258398877267225,7688.659700112908,802734.4066311758,10027.844025511517
308,7526.19,7526.19,7514.42973568918,0.0019541818521044132,0,0,0,0,buy,True,0,0,-1,0,-126.01283714724033,7720.66590460998,-133.93442365069313,803.1407786361068,-9.094947017729282e-13,1.0258398877267225,7720.665904609981,802734.4066311758,10027.844025511517
309,7547.79,7547.79,7514.42973568918,0.0016857280627911103,0,0,0,0,buy,True,0,0,-1,0,-127.01283714724033,7742.824046184878,-105.61903213796904,803.1407786361068,-9.094947017729282e-13,1.0258398877267225,7742.824046184879,802734.4066311758,10027.844025511517
310,7507.01,7507.01,7514.42973568918,0.0013093379133037454,0,0,0,0,buy,True,0,0,-1,0,-128.01283714724033,7700.9902955633825,-159.07744259578612,803.1407786361068,-9.094947017729282e-13,1.0258398877267225,7700.990295563383,802734.4066311758,10027.844025511517
311,7487.0,7476.790906195334,0,0.0013635760390899071,1.0258398877267225,7662.320353423834,7.669990343767601,-46.28140296590027,sell,False,0,0,-1.0,0,-129.01283714724033,7662.320353423833,-185.308506677713,810.8107689798744,7662.320353423833,0.0,0.0,810404.3969749433,10027.844025511517
312,7494.77,7508.867337046579,7516.383720767347,0.0018809565932748529,1.0194158039395025,7662.320353423834,7.662320353423833,0,buy,False,0,0,0,0,-129.01283714724033,7640.286984891664,-175.1228311196628,818.4730893332983,-9.094947017729282e-13,1.0194158039395025,7640.286984891665,818059.0550080137,10027.844025511517
313,7490.02,7490.02,7516.383720767347,0.0016569620292939046,0,0,0,0,hold,False,0,0,-0.0006337752859660821,0,-129.0134709225263,7635.444759822952,-181.34959545695165,818.4730893332983,-9.094947017729282e-13,1.0194158039395025,7635.444759822953,818059.0550080137,10027.844025511517
314,7395.0,7395.0,7516.383720767347,0.0011464222134687178,0,0,0,0,hold,False,0,0,-0.012686214456036153,0,-129.02615713698233,7538.57987013262,-305.91110015783124,818.4730893332983,-9.094947017729282e-13,1.0194158039395025,7538.579870132621,818059.0550080137,10027.844025511517
315,7417.36,7409.791703505416,0,0.0010203490857371817,1.0194158039395025,7546.105107686776,7.553658766453229,-116.21524573705756,sell,False,0,0,-1.0,0,-130.02615713698233,7546.105107686775,-276.59942635114203,826.0267480997516,7546.105107686775,0.0,0.0,825612.713774467,10027.844025511517
316,7375.0,7382.6250072980665,7390.015022320386,0.0010338992946530678,1.0211217548130744,7546.105107686774,7.546105107686777,0,buy,False,0,0,0,0,-130.02615713698233,7530.772941746425,-332.12905526220493,833.5728532074384,9.094947017729282e-13,1.0211217548130744,7530.772941746424,833151.2727770461,10027.844025511517
317,7424.1,7424.1,7390.015022320386,0.0010064020991434107,0,0,0,0,hold,False,0,0,0.00665762711864411,0,-130.0194995098637,7580.9100199077475,-267.76397548096793,833.5728532074384,9.094947017729282e-13,1.0211217548130744,7580.910019907747,833151.2727770461,10027.844025511517
318,7429.01,7429.01,7390.015022320386,0.0018199425224532531,0,0,0,0,hold,False,0,0,0.000661359626082531,0,-130.0188381502376,7585.923727723879,-261.32746750284423,833.5728532074384,9.094947017729282e-13,1.0211217548130744,7585.923727723878,833151.2727770461,10027.844025511517
319,7412.01,7398.236409178651,0,0.0018582801185304974,1.0211217548130744,7546.94564451782,7.554500144662483,0.840536831045938,sell,False,0,0,-1.0,0,-131.0188381502376,7546.945644517821,-283.61272934156113,841.1273533521008,7546.945644517821,0.0,0.0,840705.7729217085,10027.844025511517
320,7456.47,7456.47,0,0.0011146680940832964,0,0,0,0,sell,True,0,0,-1,0,-132.0188381502376,7546.945644517821,-225.33021514453867,841.1273533521008,7546.945644517821,0.0,0.0,840705.7729217085,10027.844025511517
321,7420.05,7434.727022811799,7442.169192003802,0.00197802209039002,1.014078751747084,7546.94564451782,7.546945644517821,0,buy,False,0,0,0,0,-132.0188381502376,7524.5150419009515,-273.0731113896036,848.6742989966186,9.094947017729282e-13,1.014078751747084,7524.515041900951,848245.1716205819,10027.844025511517
322,7420.0,7420.0,7442.169192003802,0.0010665647998125119,0,0,0,0,buy,True,0,0,-1,0,-133.0188381502376,7524.4643379633635,-273.13865627736413,848.6742989966186,9.094947017729282e-13,1.014078751747084,7524.464337963363,848245.1716205819,10027.844025511517
323,7428.88,7417.040799245351,0,0.0015936723644276,1.014078751747084,7513.942011880564,7.52146347535592,-33.00363263725649,sell,False,0,0,-1.0,0,-134.0188381502376,7513.942011880565,-261.4978842110231,856.1957624719746,7513.942011880565,0.0,0.0,855766.6350959378,10027.844025511517
324,7407.96,7407.96,0,0.0013460240983461586,0,0,0,0,sell,True,0,0,-1,0,-135.0188381502376,7513.942011880565,-288.9218652501968,856.1957624719746,7513.942011880565,0.0,0.0,855766.6350959378,10027.844025511517
325,7385.0,7385.0,0,0.001646452100493953,0,0,0,0,sell,True,0,0,-1,0,-136.0188381502376,7513.942011880565,-319.0200777100181,856.1957624719746,7513.942011880565,0.0,0.0,855766.6350959378,10027.844025511517
326,7406.98,7406.98,0,0.001481314436271359,0,0,0,0,hold,False,0,0,-0.0029763033175354858,0,-136.02181445355512,7513.942011880565,-290.20654505031234,856.1957624719746,7513.942011880565,0.0,0.0,855766.6350959378,10027.844025511517
327,7577.09,7577.09,0,0.0010628205215363182,0,0,0,0,sell,True,0,0,-1,0,-137.02181445355512,7513.942011880565,-67.2097279100617,856.1957624719746,7513.942011880565,0.0,0.0,855766.6350959378,10027.844025511517
328,7570.0,7570.0,0,0.0015590762063931118,0,0,0,0,hold,False,0,0,0.0009357154263708291,0,-137.02087873812874,7513.942011880565,-76.50399299456149,856.1957624719746,7513.942011880565,0.0,0.0,855766.6350959378,10027.844025511517
329,7620.12,7620.12,0,0.0010405273810670194,0,0,0,0,sell,True,0,0,-1,0,-138.02087873812874,7513.942011880565,-10.80179750300158,856.1957624719746,7513.942011880565,0.0,0.0,855766.6350959378,10027.844025511517
330,7618.66,7629.993547119343,7637.631178297641,0.0014876037412540673,0.9838052972800599,7513.942011880565,7.513942011880565,0,buy,False,0,0,0,0,-138.02087873812874,7495.2780661757015,-12.71570822562171,863.7097044838551,0.0,0.9838052972800599,7495.2780661757015,863273.0631658065,10027.844025511517
331,7621.01,7611.894573571899,0,0.0011960916503326463,0.9838052972800599,7481.13358161356,7.4886222038173775,-32.80843026700495,sell,False,0,0,-1.0,0,-139.02087873812874,7481.13358161356,-9.635098500857566,871.1983266876725,7481.13358161356,0.0,0.0,870761.6853696238,10027.844025511517
332,7635.1,7649.947857370271,7657.605462833104,0.0019446840735904622,0.9769546913749909,7481.13358161356,7.48113358161356,0,buy,False,0,0,0,0,-139.02087873812874,7459.146764117194,8.8354508701741,878.6794602692861,0.0,0.9769546913749909,7459.146764117194,878235.3378176558,10027.844025511517
333,7594.78,7581.83004365035,0,0.0017051127681973611,0.9769546913749909,7399.697325921709,7.407104430352061,-81.43625569185042,sell,False,0,0,-1.0,0,-140.02087873812874,7399.697325921709,-44.01994662024299,886.0865646996382,7399.697325921709,0.0,0.0,885642.4422480079,10027.844025511517
334,7637.99,7637.99,0,0.0018820132073582962,0,0,0,0,hold,False,0,0,-0.005689434058656082,0,-140.0265681721874,7399.697325921709,12.623945382756574,886.0865646996382,7399.697325921709,0.0,0.0,885642.4422480079,10027.844025511517
335,7625.0,7639.495418497972,7647.142561059031,0.0019010384915373966,0.9676421312717028,7399.697325921709,7.39969732592171,0,buy,False,0,0,0,0,-140.0265681721874,7378.271250946734,-4.404616457533848,893.4862620255599,0.0,0.9676421312717028,7378.271250946734,893034.7398766037,10027.844025511517
336,7605.0,7605.0,7647.142561059031,0.0013056479841273662,0,0,0,0,hold,False,0,0,-0.002622950819672038,0,-140.02919112300708,7358.9184083213,-30.622571561907534,893.4862620255599,0.0,0.9676421312717028,7358.9184083213,893034.7398766037,10027.844025511517
337,7631.0,7631.0,7647.142561059031,0.0016692107161455885,0,0,0,0,hold,False,0,0,0.003418803418803433,0,-140.02577231958827,7384.077103734365,3.460770073777894,893.4862620255599,0.0,0.9676421312717028,7384.077103734365,893034.7398766037,10027.844025511517
338,7616.19,7616.19,7647.142561059031,0.0016231626133423995,0,0,0,0,buy,True,0,0,-1,0,-141.02577231958827,7369.74632377023,-15.953625681011545,893.4862620255599,0.0,0.9676421312717028,7369.74632377023,893034.7398766037,10027.844025511517
339,7595.0,7583.16182517511,0,0.001558680029610303,0.9676421312717028,7330.449083420368,7.3377868702906595,-69.24824250134134,sell,False,0,0,-1.0,0,-142.02577231958827,7330.449083420368,-43.73154911409438,900.8240488958505,7330.449083420368,0.0,0.0,900372.5267468943,10027.844025511517
340,7584.53,7584.53,0,0.0010609530612186383,0,0,0,0,sell,True,0,0,-1,0,-143.02577231958827,7330.449083420368,-57.456648611234414,900.8240488958505,7330.449083420368,0.0,0.0,900372.5267468943,10027.844025511517
341,7614.19,7614.19,0,0.0011785716240494295,0,0,0,0,hold,False,0,0,-0.003910591691245187,0,-143.0296829112795,7330.449083420368,-18.575421191448186,900.8240488958505,7330.449083420368,0.0,0.0,900372.5267468943,10027.844025511517
342,7633.02,7633.02,0,0.001957598403451002,0,0,0,0,sell,True,0,0,-1,0,-144.0296829112795,7330.449083420368,6.10878353931912,900.8240488958505,7330.449083420368,0.0,0.0,900372.5267468943,10027.844025511517
343,7619.15,7619.15,0,0.0011241884749927347,0,0,0,0,sell,True,0,0,-1,0,-145.0296829112795,7330.449083420368,-12.073368325563933,900.8240488958505,7330.449083420368,0.0,0.0,900372.5267468943,10027.844025511517
344,7617.0,7630.8900211238315,7638.528549673506,0.0018235553530040562,0.959667694602476,7330.449083420368,7.330449083420368,0,buy,False,0,0,0,0,-145.0296829112795,7309.7888297870595,-14.89179849928405,908.1544979792709,0.0,0.959667694602476,7309.7888297870595,907695.6453812313,10027.844025511517
345,7592.11,7592.11,7638.528549673506,0.0010163987417079981,0,0,0,0,buy,True,0,0,-1,0,-146.0296829112795,7285.902700868404,-47.52004362667685,908.1544979792709,0.0,0.959667694602476,7285.902700868404,907695.6453812313,10027.844025511517
346,7612.98,7612.98,7638.528549673506,0.0011607596828754545,0,0,0,0,buy,True,0,0,-1,0,-147.0296829112795,7305.9309656547575,-20.161607475263736,908.1544979792709,0.0,0.959667694602476,7305.9309656547575,907695.6453812313,10027.844025511517
347,7619.0,7606.422445162186,0,0.001650814390053016,0.959667694602476,7292.338254229202,7.299637892121324,-38.110829191165976,sell,False,0,0,-1.0,0,-148.0296829112795,7292.338254229202,-12.27000298884741,915.4541358713922,7292.338254229202,0.0,0.0,914995.2832733527,10027.844025511517
348,7658.37,7658.37,0,0.0018167603281179392,0,0,0,0,hold,False,0,0,-0.00516734479590496,0,-148.0348502560754,7292.338254229202,39.34004163411373,915.4541358713922,7292.338254229202,0.0,0.0,914995.2832733527,10027.844025511517
349,7629.99,7642.978326980427,7650.628955936363,0.0017022731327860933,0.9531684644790999,7292.338254229202,7.292338254229202,0,buy,False,0,0,0,0,-148.0348502560754,7272.665852290887,2.1367633410063718,922.7464741256214,0.0,0.9531684644790999,7272.665852290887,922280.3291893277,10027.844025511517
350,7623.46,7623.46,7650.628955936363,0.0016107951655501959,0,0,0,0,hold,False,0,0,-0.0008558333628222566,0,-148.03570608943824,7266.441662217839,-6.423399000570498,922.7464741256214,0.0,0.9531684644790999,7266.441662217839,922280.3291893277,10027.844025511517
351,7650.5,7636.23454911434,0,0.0018646429495667448,0.9531684644790999,7271.339341621985,7.278617959581567,-20.99891260721688,sell,False,0,0,-1.0,0,-149.03570608943824,7271.339341621985,29.02327630054242,930.0250920852029,7271.339341621985,0.0,0.0,929558.9471489092,10027.844025511517
352,7516.99,7529.654426652536,7537.191618270806,0.0016847736464378322,0.9647279397800671,7271.339341621985,7.271339341621985,0,buy,False,0,0,0,0,-149.03570608943824,7251.850276047367,-145.99468299870387,937.2964314268249,0.0,0.9647279397800671,7251.850276047367,936823.0151511895,10027.844025511517
353,7517.08,7503.721468010983,0,0.0017770905709420743,0.9647279397800671,7231.810702765179,7.239049752517697,-39.52863885680654,sell,False,0,0,-1.0,0,-150.03570608943824,7231.810702765179,-145.87670220073414,944.5354811793426,7231.810702765179,0.0,0.0,944062.0649037072,10027.844025511517
354,7516.59,7516.59,0,0.0011419265495674256,0,0,0,0,sell,True,0,0,-1,0,-151.03570608943824,7231.810702765179,-146.51904210079192,944.5354811793426,7231.810702765179,0.0,0.0,944062.0649037072,10027.844025511517
355,7526.87,7526.87,0,0.0010284970714876413,0,0,0,0,hold,False,0,0,-0.0013676414437929626,0,-151.03707373088204,7231.810702765179,-133.04301317714453,944.5354811793426,7231.810702765179,0.0,0.0,944062.0649037072,10027.844025511517
356,7613.32,7627.380767905952,7635.015783689641,0.0018468641677943918,0.9471900134396825,7231.810702765179,7.231810702765179,0,buy,False,0,0,0,0,-151.03707373088204,7211.260673120603,-19.715902238489434,951.7672918821078,0.0,0.9471900134396825,7211.260673120603,951286.6437957697,10027.844025511517
357,7664.99,7664.99,7635.015783689641,0.0017044254080106637,0,0,0,0,buy,True,0,0,-1,0,-152.03707373088204,7260.201981115031,48.01818477366032,951.7672918821078,0.0,0.9471900134396825,7260.201981115031,951286.6437957697,10027.844025511517
358,7655.02,7644.828728416951,0,0.0013313187402579831,0.9471900134396825,7233.864320587309,7.2411054260133225,2.053617822130036,sell,False,0,0,-1.0,0,-153.03707373088204,7233.864320587309,34.948534154131266,959.0083973081211,7233.864320587309,0.0,0.0,958527.749221783,10027.844025511517
359,7658.84,7667.205366177009,7674.880246423433,0.0010922497632811817,0.9425377449971755,7233.864320587309,7.233864320587308,0,buy,False,0,0,0,0,-153.03707373088204,7218.745782894168,39.956163579066924,966.2422616287083,0.0,0.9425377449971755,7218.745782894168,965754.3796780497,10027.844025511517
360,7720.0,7720.0,7674.880246423433,0.0013530475493341342,0,0,0,0,buy,True,0,0,-1,0,-154.03707373088204,7276.391391378194,120.13067028824116,966.2422616287083,0.0,0.9425377449971755,7276.391391378194,965754.3796780497,10027.844025511517
361,7727.81,7717.699829995324,0,0.0013082839775662748,0.9425377449971755,7266.9491709345475,7.274223394328876,33.0848503472389,sell,False,0,0,-1.0,0,-155.03707373088204,7266.9491709345475,130.36878175649872,973.5164850230371,7266.9491709345475,0.0,0.0,973028.6030723786,10027.844025511517
362,7711.04,7723.802950015942,7731.534484500442,0.0016551528737942364,0.9399103354583417,7266.9491709345475,7.266949170934548,0,buy,False,0,0,0,0,-155.03707373088204,7247.686193132691,108.38502640148181,980.7834341939717,0.0,0.9399103354583417,7247.686193132691,980288.2852941422,10027.844025511517
363,7722.28,7722.28,7731.534484500442,0.001501747320504175,0,0,0,0,hold,False,0,0,0.0014576503299165932,0,-155.03561608055213,7258.250785303243,123.11951717013835,980.7834341939717,0.0,0.9399103354583417,7258.250785303243,980288.2852941422,10027.844025511517
364,7706.71,7706.71,7731.534484500442,0.001431792070337467,0,0,0,0,hold,False,0,0,-0.002016243907239807,0,-155.03763232445937,7243.616381380157,102.70883912138379,980.7834341939717,0.0,0.9399103354583417,7243.616381380157,980288.2852941422,10027.844025511517
365,7712.0,7703.311525539313,0,0.0011266175389895011,0.9399103354583417,7233.181697989656,7.240422120109765,-33.76747294489178,sell,False,0,0,-1.0,0,-156.03763232445937,7233.181697989656,109.64348824649096,988.0238563140815,7233.181697989656,0.0,0.0,987528.707414252,10027.844025511517
366,7718.66,7718.66,0,0.001845059893047469,0,0,0,0,sell,True,0,0,-1,0,-157.03763232445937,7233.181697989656,118.37406729624672,988.0238563140815,7233.181697989656,0.0,0.0,987528.707414252,10027.844025511517
367,7708.31,7708.31,0,0.0017206761660768072,0,0,0,0,sell,True,0,0,-1,0,-158.03763232445937,7233.181697989656,104.8062755297342,988.0238563140815,7233.181697989656,0.0,0.0,987528.707414252,10027.844025511517
368,7699.17,7699.17,0,0.0016089433466934407,0,0,0,0,hold,False,0,0,0.0011857333189765756,0,-158.0364465911404,7233.181697989656,92.8246700470354,988.0238563140815,7233.181697989656,0.0,0.0,987528.707414252,10027.844025511517
369,7706.05,7706.05,0,0.0010067908802010367,0,0,0,0,sell,True,0,0,-1,0,-159.0364465911404,7233.181697989656,101.84364660293977,988.0238563140815,7233.181697989656,0.0,0.0,987528.707414252,10027.844025511517
370,7695.0,7695.0,0,0.0016979511981981455,0,0,0,0,sell,True,0,0,-1,0,-160.0364465911404,7233.181697989656,87.35822640777405,988.0238563140815,7233.181697989656,0.0,0.0,987528.707414252,10027.844025511517
371,7696.23,7696.23,0,0.0015210301665315568,0,0,0,0,hold,False,0,0,-0.00015984405458083995,0,-160.03660643519498,7233.181697989656,88.97063064669237,988.0238563140815,7233.181697989656,0.0,0.0,987528.707414252,10027.844025511517
372,7705.85,7705.85,0,0.001724654160550061,0,0,0,0,sell,True,0,0,-1,0,-161.03660643519498,7233.181697989656,101.58146705189756,988.0238563140815,7233.181697989656,0.0,0.0,987528.707414252,10027.844025511517
373,7699.0,7709.6537874957985,7717.371158654453,0.0013837884784774703,0.9372597934308479,7233.181697989656,7.2331816979896555,0,buy,False,0,0,0,0,-161.03660643519498,7215.963149624098,92.60181742864734,995.2570380120711,0.0,0.9372597934308479,7215.963149624098,994754.6559305437,10027.844025511517
374,7690.0,7690.0,7717.371158654453,0.0010736125799956746,0,0,0,0,buy,True,0,0,-1,0,-162.03660643519498,7207.52781148322,80.80373763168063,995.2570380120711,0.0,0.9372597934308479,7207.52781148322,994754.6559305437,10027.844025511517
375,7691.43,7678.766809298846,0,0.001646402645691888,0.9372597934308479,7189.8023940936,7.196999393487087,-43.37930389605572,sell,False,0,0,-1.0,0,-163.03660643519498,7189.8023940936,82.67832142164298,1002.4540374055582,7189.8023940936,0.0,0.0,1001951.6553240308,10027.844025511517
376,7720.8,7720.8,0,0.0019541519640321587,0,0,0,0,hold,False,0,0,-0.0038185356949227765,0,-163.04042497088992,7189.8023940936,121.17938849241546,1002.4540374055582,7189.8023940936,0.0,0.0,1001951.6553240308,10027.844025511517
377,7699.01,7699.01,0,0.0017041126414505375,0,0,0,0,hold,False,0,0,0.0028222463993368514,0,-163.03760272449057,7189.8023940936,92.61492640620054,1002.4540374055582,7189.8023940936,0.0,0.0,1001951.6553240308,10027.844025511517
378,7697.2,7697.2,0,0.0015196719433583136,0,0,0,0,hold,False,0,0,0.00023509516158576235,0,-163.03736762932897,7189.8023940936,90.24220146925472,1002.4540374055582,7189.8023940936,0.0,0.0,1001951.6553240308,10027.844025511517
379,7695.12,7695.12,0,0.0019544716174607147,0,0,0,0,hold,False,0,0,0.0002702281349061902,0,-163.03709740119407,7189.8023940936,87.51553413839974,1002.4540374055582,7189.8023940936,0.0,0.0,1001951.6553240308,10027.844025511517
380,7668.01,7678.037404403126,7685.723127530657,0.001307693182863072,0.9354750717390998,7189.8023940936,7.1898023940936,0,buy,False,0,0,0,0,-163.03709740119407,7173.232204846135,51.97709599442169,1009.6438397996518,0.0,0.9354750717390998,7173.232204846135,1009134.2679157302,10027.844025511517
381,7674.68,7665.655271025259,0,0.0011759094808827337,0.9354750717390998,7163.858385174974,7.1710294145895634,-25.944008918626423,sell,False,0,0,-1.0,0,-164.03709740119407,7163.858385174974,60.72078402173065,1016.8148692142414,7163.858385174974,0.0,0.0,1016305.2973303198,10027.844025511517
382,7654.76,7654.76,0,0.0019098759466700602,0,0,0,0,sell,True,0,0,-1,0,-165.03709740119407,7163.858385174974,34.607700737773484,1016.8148692142414,7163.858385174974,0.0,0.0,1016305.2973303198,10027.844025511517
383,7691.08,7705.580726739635,7713.294020760395,0.0018853953852559933,0.9287677049381742,7163.858385174974,7.163858385174974,0,buy,False,0,0,0,0,-165.03709740119407,7143.226720095892,82.21950720731547,1023.9787275994164,0.0,0.9287677049381742,7143.226720095892,1023461.9918571096,10027.844025511517
384,7694.99,7694.99,7713.294020760395,0.0018550945434727749,0,0,0,0,hold,False,0,0,0.0005083811376295664,0,-165.03658902005645,7146.8582018222005,87.34511743022085,1023.9787275994164,0.0,0.9287677049381742,7146.8582018222005,1023461.9918571096,10027.844025511517
385,7674.0,7674.0,7713.294020760395,0.0019180118085728435,0,0,0,0,buy,True,0,0,-1,0,-166.03658902005645,7127.363367695549,59.82937354818023,1023.9787275994164,0.0,0.9287677049381742,7127.363367695549,1023461.9918571096,10027.844025511517
386,7660.45,7660.45,7713.294020760395,0.0014366228486750094,0,0,0,0,hold,False,0,0,-0.0017657023716445314,0,-166.0383547224281,7114.778565293636,42.06670896496689,1023.9787275994164,0.0,0.9287677049381742,7114.778565293636,1023461.9918571096,10027.844025511517
387,7630.5,7630.5,7713.294020760395,0.0010373164264491283,0,0,0,0,hold,False,0,0,-0.003909691989373938,0,-166.04226441441747,7086.961972530738,2.805321196168734,1023.9787275994164,0.0,0.9287677049381742,7086.961972530738,1023461.9918571096,10027.844025511517
388,7625.17,7625.17,7713.294020760395,0.0013831448773220791,0,0,0,0,hold,False,0,0,-0.0006985125483258063,0,-166.0429629269658,7082.011640663418,-4.181763839147607,1023.9787275994164,0.0,0.9287677049381742,7082.011640663418,1023461.9918571096,10027.844025511517
389,7633.47,7633.47,7713.294020760395,0.0016713824271786424,0,0,0,0,hold,False,0,0,0.0010885003219599685,0,-166.04187442664383,7089.720412614404,6.698687529167728,1023.9787275994164,0.0,0.9287677049381742,7089.720412614404,1023461.9918571096,10027.844025511517
390,7648.95,7648.95,7713.294020760395,0.001453157876321113,0,0,0,0,hold,False,0,0,0.0020279112906712404,0,-166.03984651535316,7104.097736686847,26.99138477995257,1023.9787275994164,0.0,0.9287677049381742,7104.097736686847,1023461.9918571096,10027.844025511517
391,7627.88,7627.88,7713.294020760395,0.001213938643249985,0,0,0,0,hold,False,0,0,-0.00275462645199666,0,-166.04260114180516,7084.5286011438,-0.6292309225045756,1023.9787275994164,0.0,0.9287677049381742,7084.5286011438,1023461.9918571096,10027.844025511517
392,7621.52,7621.52,7713.294020760395,0.0015733221130391746,0,0,0,0,buy,True,0,0,-1,0,-167.04260114180516,7078.621638540394,-8.966540645695204,1023.9787275994164,0.0,0.9287677049381742,7078.621638540394,1023461.9918571096,10027.844025511517
393,7618.19,7606.628609968761,0,0.0015176032668177339,0.9287677049381742,7057.726205401343,7.064790996397741,-106.13217977363092,sell,False,0,0,-1.0,0,-168.04260114180516,7057.726205401343,-13.331830170574904,1031.0435185958142,7057.726205401343,0.0,0.0,1030526.7828535073,10027.844025511517
394,7564.06,7564.06,0,0.0013698531184884078,0,0,0,0,sell,True,0,0,-1,0,-169.04260114180516,7057.726205401343,-84.2907256605613,1031.0435185958142,7057.726205401343,0.0,0.0,1030526.7828535073,10027.844025511517
395,7558.99,7558.99,0,0.0013507932634690978,0,0,0,0,sell,True,0,0,-1,0,-170.04260114180516,7057.726205401343,-90.93697727951985,1031.0435185958142,7057.726205401343,0.0,0.0,1030526.7828535073,10027.844025511517
396,7551.99,7566.843076049084,7574.417493542626,0.0019667764455572477,0.9317846832998345,7057.726205401343,7.057726205401343,0,buy,False,0,0,0,0,-170.04260114180516,7036.8286104335175,-100.11326156604991,1038.1012448012157,0.0,0.9317846832998345,7036.8286104335175,1037577.4513327032,10027.844025511517
397,7577.8,7577.8,7574.417493542626,0.0016175137711024485,0,0,0,0,buy,True,0,0,-1,0,-171.04260114180516,7060.877973109486,-66.27899050385531,1038.1012448012157,0.0,0.9317846832998345,7060.877973109486,1037577.4513327032,10027.844025511517
398,7579.98,7579.98,7574.417493542626,0.0013669486881385873,0,0,0,0,hold,False,0,0,0.0002876824408139043,0,-171.04231345936435,7062.90926371908,-63.42123339747923,1038.1012448012157,0.0,0.9317846832998345,7062.90926371908,1037577.4513327032,10027.844025511517
399,7627.51,7627.51,7574.417493542626,0.0016547687036920287,0,0,0,0,hold,False,0,0,0.006270465093575435,0,-171.0360429942708,7107.196989716321,-1.1142630919348449,1038.1012448012157,0.0,0.9317846832998345,7107.196989716321,1037577.4513327032,10027.844025511517
400,7641.9,7631.208330821179,0,0.001399085198552795,0.9317846832998345,7103.532394691541,7.110643037729271,45.806189290198745,sell,False,0,0,-1.0,0,-172.0360429942708,7103.532394691541,17.749555605660134,1045.211887838945,7103.532394691541,0.0,0.0,1044688.0943704325,10027.844025511517
401,7651.0,7651.0,0,0.0013650027043488838,0,0,0,0,hold,False,0,0,-0.0011908033342493836,0,-172.03723379760504,7103.532394691541,29.67872517815158,1045.211887838945,7103.532394691541,0.0,0.0,1044688.0943704325,10027.844025511517
402,7637.63,7637.63,0,0.001184845804848175,0,0,0,0,hold,False,0,0,0.0017474839890210287,0,-172.03548631361602,7103.532394691541,12.152022190877688,1045.211887838945,7103.532394691541,0.0,0.0,1044688.0943704325,10027.844025511517
403,7641.13,7651.399121686644,7659.058179866511,0.001343927100657174,0.9274681335317064,7103.532394691541,7.103532394691541,0,buy,False,0,0,0,0,-172.03548631361602,7086.904579173128,16.74016433414363,1052.3154202336364,0.0,0.9274681335317064,7086.904579173128,1051784.5232327294,10027.844025511517
404,7642.31,7642.31,7659.058179866511,0.0013392744473098531,0,0,0,0,buy,True,0,0,-1,0,-173.03548631361602,7087.998991570696,18.287023685301392,1052.3154202336364,0.0,0.9274681335317064,7087.998991570696,1051784.5232327294,10027.844025511517
405,7656.0,7656.0,7659.058179866511,0.0019338723182305128,0,0,0,0,hold,False,0,0,0.0017913431933537947,0,-173.03369497042266,7100.696030318744,36.233213954245,1052.3154202336364,0.0,0.9274681335317064,7100.696030318744,1051784.5232327294,10027.844025511517
406,7638.66,7638.66,7659.058179866511,0.0019012165090773097,0,0,0,0,buy,True,0,0,-1,0,-174.03369497042266,7084.613732883305,13.502246878751976,1052.3154202336364,0.0,0.9274681335317064,7084.613732883305,1051784.5232327294,10027.844025511517
407,7603.44,7591.500390356136,0,0.00157029050585826,0.9274681335317064,7033.833823051077,7.040874697748826,-69.69857164046425,sell,False,0,0,-1.0,0,-175.03369497042266,7033.833823051077,-32.66757206005059,1059.3562949313853,7033.833823051077,0.0,0.0,1058825.3979304782,10027.844025511517
408,7630.91,7638.559410884682,7646.205616501184,0.0010024244663719283,0.9199116759130105,7033.833823051077,7.0338338230510775,0,buy,False,0,0,0,0,-175.03369497042266,7019.76320684135,3.3427892758081725,1066.3901287544363,0.0,0.9199116759130105,7019.76320684135,1065852.1979197063,10027.844025511517
409,7655.39,7642.050296034379,0,0.0017425244129457393,0.9199116759130105,7022.981283941267,7.030011295236504,-10.852539109810095,sell,False,0,0,-1.0,0,-176.03369497042266,7022.981283941267,35.433566323561536,1073.420140049673,7022.981283941267,0.0,0.0,1072882.2092149428,10027.844025511517
410,7670.73,7682.373281395322,7690.063344740062,0.001517884398919299,0.913254022640129,7022.981283941267,7.0229812839412675,0,buy,False,0,0,0,0,-176.03369497042266,7005.325029086316,55.5427378886161,1080.4431213336143,0.0,0.913254022640129,7005.325029086316,1079898.1675176,10027.844025511517
411,7661.15,7647.418697098425,0,0.0017923292066563015,0.913254022640129,6977.051852050532,6.984035887938471,-45.92943189073503,sell,False,0,0,-1.0,0,-177.03369497042266,6977.051852050532,42.98433739362008,1087.4271572215528,6977.051852050532,0.0,0.0,1086882.2034055386,10027.844025511517
412,7653.0,7653.0,0,0.001992878529015768,0,0,0,0,hold,False,0,0,0.0010638089581850815,0,-177.03263116146448,6977.051852050532,32.30052068858822,1087.4271572215528,6977.051852050532,0.0,0.0,1086882.2034055386,10027.844025511517
413,7653.65,7653.65,0,0.0012104097619703505,0,0,0,0,sell,True,0,0,-1,0,-178.03263116146448,6977.051852050532,33.15260422948086,1087.4271572215528,6977.051852050532,0.0,0.0,1086882.2034055386,10027.844025511517
414,7670.0,7677.697793956698,7685.383177133832,0.0010036237231678667,0.9078339610716114,6977.051852050532,6.977051852050532,0,buy,False,0,0,0,0,-178.03263116146448,6963.086481419259,54.58578252730695,1094.4042090736034,0.0,0.9078339610716114,6963.086481419259,1093852.278205737,10027.844025511517
415,7649.01,7636.44011914591,0,0.0016433343470710316,0.9078339610716114,6925.687062168549,6.9326196818504,-51.36478988198269,sell,False,0,0,-1.0,0,-179.03263116146448,6925.687062168549,27.070038645266322,1101.3368287554538,6925.687062168549,0.0,0.0,1100784.8978875873,10027.844025511517
416,7615.02,7615.02,0,0.0015922038487745547,0,0,0,0,sell,True,0,0,-1,0,-180.03263116146448,6925.687062168549,-17.487376054616107,1101.3368287554538,6925.687062168549,0.0,0.0,1100784.8978875873,10027.844025511517
417,7639.45,7639.45,0,0.001338992762226895,0,0,0,0,hold,False,0,0,-0.003208133399518239,0,-180.035839294864,6925.687062168549,14.537856105374885,1101.3368287554538,6925.687062168549,0.0,0.0,1100784.8978875873,10027.844025511517
418,7646.05,7659.253054112616,7666.9199740867025,0.0017267810323782582,0.9033206405670812,6925.687062168549,6.925687062168549,0,buy,False,0,0,0,0,-180.035839294864,6906.834783807931,23.18978128981871,1108.2625158176224,0.0,0.9033206405670812,6906.834783807931,1107703.6592626937,10027.844025511517
419,7635.01,7635.01,7666.9199740867025,0.001510948377872434,0,0,0,0,buy,True,0,0,-1,0,-181.035839294864,6896.862123936071,8.717470072204378,1108.2625158176224,0.0,0.9033206405670812,6896.862123936071,1107703.6592626937,10027.844025511517
420,7603.15,7603.15,7666.9199740867025,0.001094348771635475,0,0,0,0,buy,True,0,0,-1,0,-182.035839294864,6868.082328327603,-33.04773240906252,1108.2625158176224,0.0,0.9033206405670812,6868.082328327603,1107703.6592626937,10027.844025511517
421,7584.79,7584.79,7666.9199740867025,0.0016658784109367256,0,0,0,0,hold,False,0,0,-0.002414788607353511,0,-182.03825408347134,6851.497361366792,-57.11581519487845,1108.2625158176224,0.0,0.9033206405670812,6851.497361366792,1107703.6592626937,10027.844025511517
422,7594.0,7594.0,7666.9199740867025,0.0017355038135171718,0,0,0,0,buy,True,0,0,-1,0,-183.03825408347134,6859.8169444664145,-45.0424468693127,1108.2625158176224,0.0,0.9033206405670812,6859.8169444664145,1107703.6592626937,10027.844025511517
423,7610.0,7610.0,7666.9199740867025,0.001749206637073526,0,0,0,0,buy,True,0,0,-1,0,-184.03825408347134,6874.270074715488,-24.068082785814113,1108.2625158176224,0.0,0.9033206405670812,6874.270074715488,1107703.6592626937,10027.844025511517
424,7585.47,7585.47,7666.9199740867025,0.001292537368708017,0,0,0,0,buy,True,0,0,-1,0,-185.03825408347134,6852.111619402377,-56.22440472132803,1108.2625158176224,0.0,0.9033206405670812,6852.111619402377,1107703.6592626937,10027.844025511517
425,7597.27,7586.122474031714,0,0.001467306804718887,0.9033206405670812,6845.848311649996,6.852701012662658,-79.83875051855375,sell,False,0,0,-1.0,0,-186.03825408347134,6845.848311649996,-40.75581120974857,1115.1152168302851,6845.848311649996,0.0,0.0,1114556.3602753563,10027.844025511517
426,7608.36,7608.36,0,0.0012448474017898474,0,0,0,0,hold,False,0,0,-0.0014597348784496584,0,-186.03971381834978,6845.848311649996,-26.217955104373686,1115.1152168302851,6845.848311649996,0.0,0.0,1114556.3602753563,10027.844025511517
427,7613.86,7613.86,0,0.0010313737807738164,0,0,0,0,hold,False,0,0,-0.0007228890325904663,0,-186.04043670738238,6845.848311649996,-19.008017450671105,1115.1152168302851,6845.848311649996,0.0,0.0,1114556.3602753563,10027.844025511517
428,7628.99,7628.99,0,0.0019118701711178148,0,0,0,0,hold,False,0,0,-0.0019871655113175325,0,-186.0424238728937,6845.848311649996,0.8258655857880512,1115.1152168302851,6845.848311649996,0.0,0.0,1114556.3602753563,10027.844025511517
429,7614.01,7614.01,0,0.0012358825115595601,0,0,0,0,hold,False,0,0,0.0019635626734337787,0,-186.04046031022025,6845.848311649996,-18.81138278738763,1115.1152168302851,6845.848311649996,0.0,0.0,1114556.3602753563,10027.844025511517
430,7605.0,7616.787292107529,7624.41170381134,0.0015499397906020979,0.8978854471129686,6845.848311649996,6.845848311649996,0,buy,False,0,0,0,0,-186.04046031022025,6828.418825294126,-30.622571561907534,1121.961065141935,0.0,0.8978854471129686,6828.418825294126,1121395.3627386948,10027.844025511517
431,7491.73,7491.73,7624.41170381134,0.0016167855874456177,0,0,0,0,hold,False,0,0,-0.014894148586456334,0,-186.0553544588067,6726.7153406996395,-179.10796029552876,1121.961065141935,0.0,0.8978854471129686,6726.7153406996395,1121395.3627386948,10027.844025511517
432,7264.9,7250.928910114209,0,0.0019230945898484702,0.8978854471129686,6503.993042895805,6.510503546442247,-341.85526875419055,sell,False,0,0,-1.0,0,-187.0553544588067,6503.993042895805,-476.4588981117831,1128.4715686883774,6503.993042895805,0.0,0.0,1127905.866285137,10027.844025511517
433,7326.9,7337.240541371695,7344.585126498193,0.0014113119288779378,0.8855494123732525,6503.993042895805,6.5039930428958055,0,buy,False,0,0,0,0,-187.0553544588067,6488.331989517583,-395.1832372882254,1134.9755617312733,0.0,0.8855494123732525,6488.331989517583,1134403.3553349897,10027.844025511517
434,7321.07,7321.07,7344.585126498193,0.0017661512356425273,0,0,0,0,buy,True,0,0,-1,0,-188.0553544588067,6483.1692364434475,-402.8257712011491,1134.9755617312733,0.0,0.8855494123732525,6483.1692364434475,1134403.3553349897,10027.844025511517
435,7261.03,7261.03,7344.585126498193,0.0011353741226613372,0,0,0,0,buy,True,0,0,-1,0,-189.0553544588067,6430.000849724557,-481.53207242447934,1134.9755617312733,0.0,0.8855494123732525,6430.000849724557,1134403.3553349897,10027.844025511517
436,7277.87,7277.87,7344.585126498193,0.0011902678365955065,0,0,0,0,buy,True,0,0,-1,0,-190.0553544588067,6444.913501828923,-459.4565542265955,1134.9755617312733,0.0,0.8855494123732525,6444.913501828923,1134403.3553349897,10027.844025511517
437,7291.12,7291.12,7344.585126498193,0.001801410911051789,0,0,0,0,hold,False,0,0,0.0018205876169814289,0,-190.05353387118973,6456.647031542869,-442.0871589699491,1134.9755617312733,0.0,0.8855494123732525,6456.647031542869,1134403.3553349897,10027.844025511517
438,7302.9,7302.9,7344.585126498193,0.0013802253095971256,0,0,0,0,buy,True,0,0,-1,0,-191.05353387118973,6467.078803620625,-426.6447834134724,1134.9755617312733,0.0,0.8855494123732525,6467.078803620625,1134403.3553349897,10027.844025511517
439,7185.53,7185.53,7344.585126498193,0.0019186148639269893,0,0,0,0,hold,False,0,0,-0.016071697544810935,0,-191.06960556873454,6363.1418690903765,-580.5048529434898,1134.9755617312733,0.0,0.8855494123732525,6363.1418690903765,1134403.3553349897,10027.844025511517
440,7202.0,7202.0,7344.585126498193,0.0016264632127532216,0,0,0,0,buy,True,0,0,-1,0,-192.06960556873454,6377.726867912164,-558.914366915038,1134.9755617312733,0.0,0.8855494123732525,6377.726867912164,1134403.3553349897,10027.844025511517
441,7232.72,7232.72,7344.585126498193,0.0013275592085689562,0,0,0,0,buy,True,0,0,-1,0,-193.06960556873454,6404.930945860271,-518.6435878747197,1134.9755617312733,0.0,0.8855494123732525,6404.930945860271,1134403.3553349897,10027.844025511517
442,7236.0,7224.994074683189,0,0.0015209957596476894,0.8855494123732525,6391.691167978693,6.398089257235929,-112.3018749171124,sell,False,0,0,-1.0,0,-194.06960556873454,6391.691167978693,-514.3438432376024,1141.373650988509,6391.691167978693,0.0,0.0,1140801.4445922256,10027.844025511517
443,7235.1,7242.94105534692,7250.191246593513,0.001083752173006557,0.8815893195895784,6391.691167978693,6.391691167978693,0,buy,False,0,0,0,0,-194.06960556873454,6378.386886162559,-515.5236512172996,1147.7653421564878,0.0,0.8815893195895784,6378.386886162559,1147186.7440690363,10027.844025511517
444,7228.47,7228.47,7250.191246593513,0.00177736468173301,0,0,0,0,buy,True,0,0,-1,0,-195.06960556873454,6372.5419489736805,-524.2149033343994,1147.7653421564878,0.0,0.8815893195895784,6372.5419489736805,1147186.7440690363,10027.844025511517
445,7268.88,7268.88,7250.191246593513,0.001616119917215564,0,0,0,0,buy,True,0,0,-1,0,-196.06960556873454,6408.166973378295,-471.2415250460126,1147.7653421564878,0.0,0.8815893195895784,6408.166973378295,1147186.7440690363,10027.844025511517
446,7234.96,7234.96,7250.191246593513,0.0019319249728603214,0,0,0,0,buy,True,0,0,-1,0,-197.06960556873454,6378.263463657816,-515.7071769030299,1147.7653421564878,0.0,0.8815893195895784,6378.263463657816,1147186.7440690363,10027.844025511517
447,7228.78,7228.78,7250.191246593513,0.0019143012300387949,0,0,0,0,buy,True,0,0,-1,0,-198.06960556873454,6372.815241662753,-523.8085250302811,1147.7653421564878,0.0,0.8815893195895784,6372.815241662753,1147186.7440690363,10027.844025511517
448,7185.0,7185.0,7250.191246593513,0.0019889310012020794,0,0,0,0,hold,False,0,0,-0.006056346990778552,0,-198.07566191572533,6334.219261251121,-581.199628753755,1147.7653421564878,0.0,0.8815893195895784,6334.219261251121,1147186.7440690363,10027.844025511517
449,6749.33,6749.33,7250.191246593513,0.0013635155389876657,0,0,0,0,hold,False,0,0,-0.06063604732080724,0,-198.13629796304613,5950.137242385529,-1152.3184537698799,1147.7653421564878,0.0,0.8815893195895784,5950.137242385529,1147186.7440690363,10027.844025511517
450,6760.26,6760.26,7250.191246593513,0.0013352132564234712,0,0,0,0,hold,False,0,0,0.0016194200016890904,0,-198.13467854304443,5959.773013648643,-1137.9903413053398,1147.7653421564878,0.0,0.8815893195895784,5959.773013648643,1147186.7440690363,10027.844025511517
451,6839.0,6839.0,7250.191246593513,0.001543680534763281,0,0,0,0,buy,True,0,0,-1,0,-199.13467854304443,6029.189356673127,-1034.7702520594194,1147.7653421564878,0.0,0.8815893195895784,6029.189356673127,1147186.7440690363,10027.844025511517
452,6689.11,6689.11,7250.191246593513,0.0012992572421836866,0,0,0,0,buy,True,0,0,-1,0,-200.13467854304443,5897.047933559845,-1231.2607165891495,1147.7653421564878,0.0,0.8815893195895784,5897.047933559845,1147186.7440690363,10027.844025511517
453,6728.32,6728.32,7250.191246593513,0.001017128017331653,0,0,0,0,hold,False,0,0,0.005861766363537065,0,-200.1288167766809,5931.615050780952,-1179.860415607025,1147.7653421564878,0.0,0.8815893195895784,5931.615050780952,1147186.7440690363,10027.844025511517
454,6663.86,6663.86,7250.191246593513,0.001174607392970557,0,0,0,0,hold,False,0,0,-0.009580400456577515,0,-200.13839717713748,5874.787803240208,-1264.3608849084212,1147.7653421564878,0.0,0.8815893195895784,5874.787803240208,1147186.7440690363,10027.844025511517
455,6764.99,6764.99,7250.191246593513,0.001504138984172895,0,0,0,0,buy,True,0,0,-1,0,-201.13839717713748,5963.942931130302,-1131.7897949231556,1147.7653421564878,0.0,0.8815893195895784,5963.942931130302,1147186.7440690363,10027.844025511517
456,6706.14,6706.14,7250.191246593513,0.0013502921965819683,0,0,0,0,hold,False,0,0,-0.008699199850997446,0,-201.1470963769885,5912.061399672456,-1208.9361278177748,1147.7653421564878,0.0,0.8815893195895784,5912.061399672456,1147186.7440690363,10027.844025511517
457,6755.16,6755.16,7250.191246593513,0.0012087298861847104,0,0,0,0,buy,True,0,0,-1,0,-202.1470963769885,5955.276908118736,-1144.6759198569544,1147.7653421564878,0.0,0.8815893195895784,5955.276908118736,1147186.7440690363,10027.844025511517
458,6777.43,6769.399328200761,0,0.0011849140159676062,0.8815893195895784,5961.862317630879,5.967830147778658,-429.8288503478134,sell,False,0,0,-1.0,0,-203.1470963769885,5961.862317630879,-1115.4822268482349,1153.7331723042664,5961.862317630879,0.0,0.0,1153154.574216815,10027.844025511517
459,6768.6,6780.1713134259135,6786.958271697611,0.0017095578739936635,0.8784291989082244,5961.862317630879,5.96186231763088,0,buy,False,0,0,0,0,-203.1470963769885,5945.735875730207,-1127.0574540268153,1159.6950346218973,0.0,0.8784291989082244,5945.735875730207,1159110.4746721282,10027.844025511517
460,6779.96,6779.96,6786.958271697611,0.0010860247160495468,0,0,0,0,buy,True,0,0,-1,0,-204.1470963769885,5955.714831429805,-1112.1656555275313,1159.6950346218973,0.0,0.8784291989082244,5955.714831429805,1159110.4746721282,10027.844025511517
461,6732.45,6719.575489385946,0,0.0019123069037354566,0.8784291989082244,5896.768642830491,5.902671314144636,-65.09367480038782,sell,False,0,0,-1.0,0,-205.1470963769885,5896.768642830491,-1174.446407877971,1165.5977059360418,5896.768642830491,0.0,0.0,1165013.145986273,10027.844025511517
462,6731.98,6731.98,0,0.001907530899718071,0,0,0,0,hold,False,0,0,6.981113859000136e-05,0,-205.1470265658499,5896.768642830491,-1175.0625298229243,1165.5977059360418,5896.768642830491,0.0,0.0,1165013.145986273,10027.844025511517
463,6625.0,6625.0,0,0.0012325229912820224,0,0,0,0,hold,False,0,0,0.015891312808415884,0,-205.1311352530415,5896.768642830491,-1315.3023716762182,1165.5977059360418,5896.768642830491,0.0,0.0,1165013.145986273,10027.844025511517
464,6783.0,6783.0,0,0.0012371718227679792,0,0,0,0,sell,True,0,0,-1,0,-206.1311352530415,5896.768642830491,-1108.1805263516671,1165.5977059360418,5896.768642830491,0.0,0.0,1165013.145986273,10027.844025511517
465,6766.56,6766.56,0,0.0019091996651304337,0,0,0,0,hold,False,0,0,0.0024237063246350583,0,-206.12871154671686,5896.768642830491,-1129.7316854474611,1165.5977059360418,5896.768642830491,0.0,0.0,1165013.145986273,10027.844025511517
466,6759.89,6759.89,0,0.001565229932399049,0,0,0,0,hold,False,0,0,0.0009857298243125122,0,-206.12772581689254,5896.768642830491,-1138.47537347477,1165.5977059360418,5896.768642830491,0.0,0.0,1165013.145986273,10027.844025511517
467,6770.56,6782.997296481754,6789.78708356532,0.001836967175795459,0.8684762232240861,5896.768642830491,5.896768642830492,0,buy,False,0,0,0,0,-206.12772581689254,5880.070377912069,-1124.488094426586,1171.4944745788723,0.0,0.8684762232240861,5880.070377912069,1170904.0178604606,10027.844025511517
468,6756.9,6743.955174233902,0,0.0019157935985581547,0.8684762232240861,5851.1077545918815,5.8569647193111924,-45.660888238609914,sell,False,0,0,-1.0,0,-207.12772581689254,5851.1077545918815,-1142.3949577628737,1177.3514392981835,5851.1077545918815,0.0,0.0,1176760.9825797717,10027.844025511517
469,6736.4,6736.4,0,0.0015327856109804612,0,0,0,0,sell,True,0,0,-1,0,-208.12772581689254,5851.1077545918815,-1169.2683617448583,1177.3514392981835,5851.1077545918815,0.0,0.0,1176760.9825797717,10027.844025511517
470,6699.05,6699.05,0,0.001493084408414776,0,0,0,0,sell,True,0,0,-1,0,-209.12772581689254,5851.1077545918815,-1218.2303929022746,1177.3514392981835,5851.1077545918815,0.0,0.0,1176760.9825797717,10027.844025511517
471,6682.0,6682.0,0,0.0019467304084730623,0,0,0,0,hold,False,0,0,0.0025451369970369204,0,-209.1251806798955,5851.1077545918815,-1240.581199628754,1177.3514392981835,5851.1077545918815,0.0,0.0,1176760.9825797717,10027.844025511517
472,6717.22,6717.22,0,0.001146802994736077,0,0,0,0,sell,True,0,0,-1,0,-210.1251806798955,5851.1077545918815,-1194.4113806899513,1177.3514392981835,5851.1077545918815,0.0,0.0,1176760.9825797717,10027.844025511517
473,6705.9,6705.9,0,0.00134647642523621,0,0,0,0,hold,False,0,0,0.0016852209693892144,0,-210.1234954589261,5851.1077545918815,-1209.250743279028,1177.3514392981835,5851.1077545918815,0.0,0.0,1176760.9825797717,10027.844025511517
474,6740.32,6740.32,0,0.0015296129900660613,0,0,0,0,hold,False,0,0,-0.005132793510192528,0,-210.1286282524363,5851.1077545918815,-1164.1296425443998,1177.3514392981835,5851.1077545918815,0.0,0.0,1176760.9825797717,10027.844025511517
475,6747.65,6757.641897888568,6764.40630419276,0.0014807967053075087,0.8649846699724717,5851.1077545918815,5.851107754591881,0,buy,False,0,0,0,0,-210.1286282524363,5836.613808339748,-1154.5207619986468,1183.2025470527753,0.0,0.8649846699724717,5836.613808339748,1182606.239226609,10027.844025511517
476,6750.79,6737.889549052761,0,0.0019109542656842275,0.8649846699724717,5822.34299673047,5.828171167898368,-28.764757861411454,sell,False,0,0,-1.0,0,-211.1286282524363,5822.34299673047,-1150.4045430472597,1189.0307182206736,5822.34299673047,0.0,0.0,1188434.4103945075,10027.844025511517
477,6769.01,6777.144656345901,6783.928584930832,0.0012017497899842753,0.8582553492181012,5822.34299673047,5.8223429967304705,0,buy,False,0,0,0,0,-211.1286282524363,5809.53904141082,-1126.5199859471759,1194.853061217404,0.0,0.8582553492181012,5809.53904141082,1194250.9310482412,10027.844025511517
478,6786.99,6786.99,6783.928584930832,0.001898175750557929,0,0,0,0,hold,False,0,0,0.0026562229927271108,0,-211.12597202944357,5824.970472589761,-1102.9500443083434,1194.853061217404,0.0,0.8582553492181012,5824.970472589761,1194250.9310482412,10027.844025511517
479,6872.0,6872.0,6783.928584930832,0.0010819326337542822,0,0,0,0,buy,True,0,0,-1,0,-212.12597202944357,5897.9307598267915,-991.5106261372039,1194.853061217404,0.0,0.8582553492181012,5897.9307598267915,1194250.9310482412,10027.844025511517
480,6842.0,6842.0,6783.928584930832,0.0014656986158560733,0,0,0,0,buy,True,0,0,-1,0,-213.12597202944357,5872.183099350248,-1030.8375587937644,1194.853061217404,0.0,0.8582553492181012,5872.183099350248,1194250.9310482412,10027.844025511517
481,6850.05,6850.05,6783.928584930832,0.00140201680820978,0,0,0,0,hold,False,0,0,0.0011765565624087544,0,-213.12479547288117,5879.092054911454,-1020.2848318642536,1194.853061217404,0.0,0.8582553492181012,5879.092054911454,1194250.9310482412,10027.844025511517
482,6851.94,6851.94,6783.928584930832,0.0019744660939782673,0,0,0,0,hold,False,0,0,0.0002759103948146024,0,-213.12451956248637,5880.714157521476,-1017.8072351068913,1194.853061217404,0.0,0.8582553492181012,5880.714157521476,1194250.9310482412,10027.844025511517
483,6811.0,6811.0,6783.928584930832,0.0011511241799533598,0,0,0,0,hold,False,0,0,-0.005974950160100577,0,-213.13049451264646,5845.577183524488,-1071.4753892055433,1194.853061217404,0.0,0.8582553492181012,5845.577183524488,1194250.9310482412,10027.844025511517
484,6812.2,6812.2,6783.928584930832,0.001233930384775065,0,0,0,0,buy,True,0,0,-1,0,-214.13049451264646,5846.607089943549,-1069.902311899281,1194.853061217404,0.0,0.8582553492181012,5846.607089943549,1194250.9310482412,10027.844025511517
485,6834.4,6826.982219196751,0,0.001085359476069314,0.8582553492181012,5853.434714633832,5.859294008642475,31.091717903362223,sell,False,0,0,-1.0,0,-215.13049451264646,5853.434714633832,-1040.8003817334265,1200.7123552260466,5853.434714633832,0.0,0.0,1200110.2250568836,10027.844025511517
486,6835.97,6846.53666208926,6853.390052141402,0.0015457443624327535,0.8540933275503377,5853.434714633832,5.853434714633832,0,buy,False,0,0,0,0,-215.13049451264646,5838.556364334282,-1038.742272257732,1206.5657899406804,0.0,0.8540933275503377,5838.556364334282,1205957.806336803,10027.844025511517
487,6825.0,6825.0,6853.390052141402,0.0010393803906941668,0,0,0,0,hold,False,0,0,-0.0016047466562901843,0,-215.13209925930275,5829.186960531055,-1053.1228206324813,1206.5657899406804,0.0,0.8540933275503377,5829.186960531055,1205957.806336803,10027.844025511517
488,6846.73,6846.73,6853.390052141402,0.0014656648923481066,0,0,0,0,buy,True,0,0,-1,0,-216.13209925930275,5847.746408538724,-1024.6370124115801,1206.5657899406804,0.0,0.8540933275503377,5847.746408538724,1205957.806336803,10027.844025511517
489,6842.98,6842.98,6853.390052141402,0.0010447792903967824,0,0,0,0,hold,False,0,0,-0.0005477067154685373,0,-216.13264696601823,5844.54355856041,-1029.5528789936507,1206.5657899406804,0.0,0.8540933275503377,5844.54355856041,1205957.806336803,10027.844025511517
490,6826.79,6826.79,6853.390052141402,0.0012933233228359165,0,0,0,0,buy,True,0,0,-1,0,-217.13264696601823,5830.71578758737,-1050.77631365064,1206.5657899406804,0.0,0.8540933275503377,5830.71578758737,1205957.806336803,10027.844025511517
491,6831.7,6831.7,6853.390052141402,0.0018573535517156334,0,0,0,0,hold,False,0,0,0.0007192252874337428,0,-217.1319277407308,5834.909385825642,-1044.3398056725164,1206.5657899406804,0.0,0.8540933275503377,5834.909385825642,1205957.806336803,10027.844025511517
492,6715.0,6715.0,6853.390052141402,0.0017618680874605898,0,0,0,0,buy,True,0,0,-1,0,-218.1319277407308,5735.236694500518,-1197.3215737065366,1206.5657899406804,0.0,0.8540933275503377,5735.236694500518,1205957.806336803,10027.844025511517
493,6720.0,6708.287958602033,0,0.0017428633032689268,0.8540933275503377,5723.774480743544,5.7295039847282725,-129.6602338902885,sell,False,0,0,-1.0,0,-219.1319277407308,5723.774480743544,-1190.7670849304432,1212.2952939254087,5723.774480743544,0.0,0.0,1211687.3103215313,10027.844025511517
494,6742.4,6742.4,0,0.0010157317950715348,0,0,0,0,sell,True,0,0,-1,0,-220.1319277407308,5723.774480743544,-1161.4029752135448,1212.2952939254087,5723.774480743544,0.0,0.0,1211687.3103215313,10027.844025511517
495,6760.0,6760.0,0,0.0018582823707306586,0,0,0,0,hold,False,0,0,-0.002610346464167116,0,-220.13453808719495,5723.774480743544,-1138.3311747216958,1212.2952939254087,5723.774480743544,0.0,0.0,1211687.3103215313,10027.844025511517
496,6727.0,6727.0,0,0.0017428602382482646,0,0,0,0,sell,True,0,0,-1,0,-221.13453808719495,5723.774480743544,-1181.590800643913,1212.2952939254087,5723.774480743544,0.0,0.0,1211687.3103215313,10027.844025511517
497,6712.57,6712.57,0,0.001883139387305993,0,0,0,0,hold,False,0,0,0.002145086962985029,0,-221.13239300023196,5723.774480743544,-1200.507055251719,1212.2952939254087,5723.774480743544,0.0,0.0,1211687.3103215313,10027.844025511517
498,6671.31,6671.31,0,0.0016161520539331978,0,0,0,0,sell,True,0,0,-1,0,-222.13239300023196,5723.774480743544,-1254.5946966320407,1212.2952939254087,5723.774480743544,0.0,0.0,1211687.3103215313,10027.844025511517
499,6497.97,6510.735319691962,6517.252572264226,0.0019645088684561505,0.8782496024632337,5723.774480743544,5.723774480743544,0,buy,False,0,0,0,0,-222.13239300023196,5706.839569318019,-1481.8257135216481,1218.0190684061522,0.0,0.8782496024632337,5706.839569318019,1217405.361027794,10027.844025511517
500,6519.92,6519.92,6517.252572264226,0.0019836988396023754,0,0,0,0,buy,True,0,0,-1,0,-223.13239300023196,5726.117148092087,-1453.0515077945984,1218.0190684061522,0.0,0.8782496024632337,5726.117148092087,1217405.361027794,10027.844025511517
501,6534.99,6534.99,6517.252572264226,0.0017970699497453346,0,0,0,0,hold,False,0,0,0.0023113780537183737,0,-223.13008162217824,5739.352369601207,-1433.296278623453,1218.0190684061522,0.0,0.8782496024632337,5739.352369601207,1217405.361027794,10027.844025511517
502,6516.04,6516.04,6517.252572264226,0.0011228389244293802,0,0,0,0,hold,False,0,0,-0.0028997749040165868,0,-223.13298139708226,5722.709539634529,-1458.137791084846,1218.0190684061522,0.0,0.8782496024632337,5722.709539634529,1217405.361027794,10027.844025511517
503,6530.0,6530.0,6517.252572264226,0.0010820372007694472,0,0,0,0,buy,True,0,0,-1,0,-224.13298139708226,5734.969904084916,-1439.8376584219932,1218.0190684061522,0.0,0.8782496024632337,5734.969904084916,1217405.361027794,10027.844025511517
504,6538.51,6538.51,6517.252572264226,0.0010958375693461658,0,0,0,0,hold,False,0,0,0.0013032159264931456,0,-224.13167818115576,5742.443808201879,-1428.6819185250824,1218.0190684061522,0.0,0.8782496024632337,5742.443808201879,1217405.361027794,10027.844025511517
505,6544.2,6544.2,6517.252572264226,0.0016282646510711752,0,0,0,0,buy,True,0,0,-1,0,-225.13167818115576,5747.441048439894,-1421.222910297889,1218.0190684061522,0.0,0.8782496024632337,5747.441048439894,1217405.361027794,10027.844025511517
506,6550.09,6550.09,6517.252572264226,0.0012951347301928674,0,0,0,0,hold,False,0,0,0.0009000336175544642,0,-225.13077814753822,5752.6139385984025,-1413.5017225196498,1218.0190684061522,0.0,0.8782496024632337,5752.6139385984025,1217405.361027794,10027.844025511517
507,6537.63,6526.367677230648,0,0.0017226919800220994,0.8782496024632337,5726.048038238658,5.731779818056714,2.2735574951138915,sell,False,0,0,-1.0,0,-226.13077814753822,5726.048038238658,-1429.835508549675,1223.750848224209,5726.048038238658,0.0,0.0,1223137.1408458506,10027.844025511517
508,6584.99,6584.99,0,0.0010916305957914781,0,0,0,0,sell,True,0,0,-1,0,-227.13077814753822,5726.048038238658,-1367.7513908625187,1223.750848224209,5726.048038238658,0.0,0.0,1223137.1408458506,10027.844025511517
509,6563.77,6571.724367535231,6578.302670205436,0.0012118595769246006,0.8704446002725255,5726.048038238658,5.726048038238658,0,buy,False,0,0,0,0,-227.13077814753822,5713.398153930795,-1395.5686412282575,1229.4768962624476,0.0,0.8704446002725255,5713.398153930795,1228857.462836051,10027.844025511517
510,6572.74,6562.802889411893,0,0.001511867286414201,0.8704446002725255,5706.84378140377,5.712556337741511,-19.20425683488793,sell,False,0,0,-1.0,0,-228.13077814753822,5706.84378140377,-1383.8098883639468,1235.189452600189,5706.84378140377,0.0,0.0,1234570.0191737923,10027.844025511517
511,6537.44,6537.44,0,0.001493413012203968,0,0,0,0,hold,False,0,0,0.005370667332041155,0,-228.12540748020618,5706.84378140377,-1430.0845791231677,1235.189452600189,5706.84378140377,0.0,0.0,1234570.0191737923,10027.844025511517
512,6520.0,6520.0,0,0.0018305312900565507,0,0,0,0,sell,True,0,0,-1,0,-229.12540748020618,5706.84378140377,-1452.94663597418,1235.189452600189,5706.84378140377,0.0,0.0,1234570.0191737923,10027.844025511517
513,6358.67,6358.67,0,0.001478170314398528,0,0,0,0,hold,False,0,0,0.024743865030674835,0,-229.1006636151755,5706.84378140377,-1664.4337708236108,1235.189452600189,5706.84378140377,0.0,0.0,1234570.0191737923,10027.844025511517
514,6392.2,6392.2,0,0.0015554493868918885,0,0,0,0,sell,True,0,0,-1,0,-230.1006636151755,5706.84378140377,-1620.4793690911283,1235.189452600189,5706.84378140377,0.0,0.0,1234570.0191737923,10027.844025511517
515,6447.01,6455.305579628277,6461.767346975253,0.001286732861943301,0.8831707294561043,5706.84378140377,5.70684378140377,0,buy,False,0,0,0,0,-230.1006636151755,5693.810524510799,-1548.6290631275915,1240.8962963815927,0.0,0.8831707294561043,5693.810524510799,1240271.1561114148,10027.844025511517
516,6455.0,6455.0,6461.767346975253,0.0019441631756857338,0,0,0,0,hold,False,0,0,0.0012393342029871684,0,-230.09942428097253,5700.867058639154,-1538.1549900633945,1240.8962963815927,0.0,0.8831707294561043,5700.867058639154,1240271.1561114148,10027.844025511517
517,6444.99,6444.99,6461.767346975253,0.0015629523457430204,0,0,0,0,buy,True,0,0,-1,0,-231.09942428097253,5692.0265196372975,-1551.2770765931346,1240.8962963815927,0.0,0.8831707294561043,5692.0265196372975,1240271.1561114148,10027.844025511517
518,6417.98,6406.960603311142,0,0.0017169571561235259,0.8831707294561043,5652.781629553201,5.6584400696228245,-54.062151850568625,sell,False,0,0,-1.0,0,-232.09942428097253,5652.781629553201,-1586.6844249615915,1246.5547364512156,5652.781629553201,0.0,0.0,1245929.5961810376,10027.844025511517
519,6366.31,6366.31,0,0.0014648774605137182,0,0,0,0,sell,True,0,0,-1,0,-233.09942428097253,5652.781629553201,-1654.4185119737394,1246.5547364512156,5652.781629553201,0.0,0.0,1245929.5961810376,10027.844025511517
520,6266.47,6266.47,0,0.0016645013049858945,0,0,0,0,hold,False,0,0,0.015682553944121498,0,-233.0837417270284,5652.781629553201,-1785.298543854773,1246.5547364512156,5652.781629553201,0.0,0.0,1245929.5961810376,10027.844025511517
521,6316.63,6316.63,0,0.0016871790317665957,0,0,0,0,hold,False,0,0,-0.00800450652440686,0,-233.0917462335528,5652.781629553201,-1719.543912453004,1246.5547364512156,5652.781629553201,0.0,0.0,1245929.5961810376,10027.844025511517
522,6319.95,6319.95,0,0.0012837564750770203,0,0,0,0,sell,True,0,0,-1,0,-234.0917462335528,5652.781629553201,-1715.1917319056774,1246.5547364512156,5652.781629553201,0.0,0.0,1245929.5961810376,10027.844025511517
523,6273.87,6273.87,0,0.001610897964313593,0,0,0,0,sell,True,0,0,-1,0,-235.0917462335528,5652.781629553201,-1775.597900466155,1246.5547364512156,5652.781629553201,0.0,0.0,1245929.5961810376,10027.844025511517
524,6255.32,6261.953526452465,6268.221748200665,0.0010604615675080956,0.9018158349576368,5652.781629553201,5.652781629553202,0,buy,False,0,0,0,0,-235.0917462335528,5641.146628727204,-1799.9150538254617,1252.2075180807688,0.0,0.9018158349576368,5641.146628727204,1251576.7250289612,10027.844025511517
525,6267.34,6267.34,6268.221748200665,0.001217710501271538,0,0,0,0,buy,True,0,0,-1,0,-236.0917462335528,5651.986455063396,-1784.1580628077336,1252.2075180807688,0.0,0.9018158349576368,5651.986455063396,1251576.7250289612,10027.844025511517
526,6324.94,6314.2688481482055,0,0.0016871546373236328,0.9018158349576368,5688.61332580633,5.69430763343977,35.83169625312894,sell,False,0,0,-1.0,0,-237.0917462335528,5688.61332580633,-1708.6503521071372,1257.9018257142086,5688.61332580633,0.0,0.0,1257271.032662401,10027.844025511517
527,6292.78,6292.78,0,0.0019191968228948753,0,0,0,0,hold,False,0,0,0.005084633213911888,0,-237.08666160033889,5688.61332580633,-1750.8088239149693,1257.9018257142086,5688.61332580633,0.0,0.0,1257271.032662401,10027.844025511517
528,6265.01,6265.01,0,0.0012066721141325925,0,0,0,0,hold,False,0,0,0.004412993939085671,0,-237.0822486063998,5688.61332580633,-1787.2124545773913,1257.9018257142086,5688.61332580633,0.0,0.0,1257271.032662401,10027.844025511517
529,6315.0,6315.0,0,0.0014434897301417618,0,0,0,0,sell,True,0,0,-1,0,-238.0822486063998,5688.61332580633,-1721.6806757940103,1257.9018257142086,5688.61332580633,0.0,0.0,1257271.032662401,10027.844025511517
530,6473.97,6486.88164572436,6493.375020745106,0.001994393814670063,0.8760641896752129,5688.61332580633,5.6886133258063305,0,buy,False,0,0,0,0,-238.0822486063998,5671.613282031639,-1513.287259646895,1263.5904390400149,0.0,0.8760641896752129,5671.613282031639,1262953.9573748815,10027.844025511517
531,6497.05,6497.05,6493.375020745106,0.001373473184532528,0,0,0,0,hold,False,0,0,0.003565045868300226,0,-238.0786835605315,5691.832843529342,-1483.0317394564481,1263.5904390400149,0.0,0.8760641896752129,5691.832843529342,1262953.9573748815,10027.844025511517
532,6464.99,6464.99,6493.375020745106,0.0012878846722778666,0,0,0,0,hold,False,0,0,-0.004934547217583469,0,-238.08361810774906,5663.7462256083545,-1525.0591214887609,1263.5904390400149,0.0,0.8760641896752129,5663.7462256083545,1262953.9573748815,10027.844025511517
533,6465.52,6454.984174003368,0,0.0016295403922086294,0.8760641896752129,5649.325499284821,5.654980479764585,-39.28782652150949,sell,False,0,0,-1.0,0,-239.08361810774906,5649.325499284821,-1524.364345678494,1269.2454195197795,5649.325499284821,0.0,0.0,1268608.937854646,10027.844025511517
534,6476.0,6476.0,0,0.001568523685046904,0,0,0,0,sell,True,0,0,-1,0,-240.08361810774906,5649.325499284821,-1510.6261372038025,1269.2454195197795,5649.325499284821,0.0,0.0,1268608.937854646,10027.844025511517
535,6477.59,6477.59,0,0.001960116959812518,0,0,0,0,hold,False,0,0,-0.00024552192711552585,0,-240.0838636296762,5649.325499284821,-1508.5418097730053,1269.2454195197795,5649.325499284821,0.0,0.0,1268608.937854646,10027.844025511517
536,6485.01,6496.815838050768,6503.319157207977,0.0018204810865007992,0.8686834157636829,5649.325499284821,5.649325499284821,0,buy,False,0,0,0,0,-240.0838636296762,5633.4206380616415,-1498.8149484292826,1274.8947450190642,0.0,0.8686834157636829,5633.4206380616415,1274252.6140284315,10027.844025511517
537,6503.0,6503.0,6503.319157207977,0.0018558101185785062,0,0,0,0,buy,True,0,0,-1,0,-241.0838636296762,5649.04825271123,-1475.2318978128988,1274.8947450190642,0.0,0.8686834157636829,5649.04825271123,1274252.6140284315,10027.844025511517
538,6495.11,6495.11,6503.319157207977,0.0018262874323455968,0,0,0,0,hold,False,0,0,-0.0012132861756112524,0,-241.0850769158518,5642.1943405608545,-1485.5748811015728,1274.8947450190642,0.0,0.8686834157636829,5642.1943405608545,1274252.6140284315,10027.844025511517
539,6528.0,6528.0,6503.319157207977,0.0014248702894698842,0,0,0,0,buy,True,0,0,-1,0,-242.0850769158518,5670.765338105322,-1442.4594539324316,1274.8947450190642,0.0,0.8686834157636829,5670.765338105322,1274252.6140284315,10027.844025511517
540,6478.8,6478.8,6503.319157207977,0.0015957493709653037,0,0,0,0,buy,True,0,0,-1,0,-243.0850769158518,5628.026114049749,-1506.9556234891897,1274.8947450190642,0.0,0.8686834157636829,5628.026114049749,1274252.6140284315,10027.844025511517
541,6372.92,6365.7454637741685,0,0.001125784762060593,0.8686834157636829,5524.28769584016,5.529817513353514,-125.03780344466031,sell,False,0,0,-1.0,0,-244.0850769158518,5524.28769584016,-1645.7534778117442,1280.4245625324177,5524.28769584016,0.0,0.0,1279782.431541785,10027.844025511517
542,6419.1,6419.1,0,0.0010519132401362575,0,0,0,0,hold,False,0,0,-0.007246285846990122,0,-244.0923232016988,5524.28769584016,-1585.2162194757457,1280.4245625324177,5524.28769584016,0.0,0.0,1279782.431541785,10027.844025511517
543,6344.35,6344.35,0,0.0014039878645307055,0,0,0,0,sell,True,0,0,-1,0,-245.0923232016988,5524.28769584016,-1683.2058266783424,1280.4245625324177,5524.28769584016,0.0,0.0,1279782.431541785,10027.844025511517
544,6520.0,6526.778442221935,6533.3117539759105,0.0010396383775974083,0.8455570320026901,5524.28769584016,5.524287695840161,0,buy,False,0,0,0,0,-245.0923232016988,5513.031848657539,-1452.94663597418,1285.948850228258,0.0,0.8455570320026901,5513.031848657539,1285301.1949499291,10027.844025511517
545,6610.46,6610.46,6533.3117539759105,0.001150617815755376,0,0,0,0,buy,True,0,0,-1,0,-246.0923232016988,5589.520937772502,-1334.3628250370984,1285.948850228258,0.0,0.8455570320026901,5589.520937772502,1285301.1949499291,10027.844025511517
546,6649.87,6649.87,6533.3117539759105,0.001695776972087093,0,0,0,0,hold,False,0,0,0.005961763629157369,0,-246.08636143806964,5622.844340403728,-1282.70034450393,1285.948850228258,0.0,0.8455570320026901,5622.844340403728,1285301.1949499291,10027.844025511517
547,6642.0,6642.0,6533.3117539759105,0.001434653178620287,0,0,0,0,buy,True,0,0,-1,0,-247.08636143806964,5616.189806561867,-1293.0171098375013,1285.948850228258,0.0,0.8455570320026901,5616.189806561867,1285301.1949499291,10027.844025511517
548,6648.95,6642.122594136696,0,0.0010268397060143643,0.8455570320026901,5610.677173429336,5.6162934668962325,86.38947758917584,sell,False,0,0,-1.0,0,-248.08636143806964,5610.677173429336,-1283.9063704387318,1291.5651436951541,5610.677173429336,0.0,0.0,1290917.4884168254,10027.844025511517
549,6639.99,6639.99,0,0.0017794024886189628,0,0,0,0,hold,False,0,0,0.0013475811970311156,0,-248.08501385687262,5610.677173429336,-1295.652014325491,1291.5651436951541,5610.677173429336,0.0,0.0,1290917.4884168254,10027.844025511517
550,6612.84,6612.84,0,0.001529642203211011,0,0,0,0,sell,True,0,0,-1,0,-249.08501385687262,5610.677173429336,-1331.2428883796765,1291.5651436951541,5610.677173429336,0.0,0.0,1290917.4884168254,10027.844025511517
551,6635.98,6635.98,0,0.0018873356766456058,0,0,0,0,hold,False,0,0,-0.0034992529684673176,0,-249.0885131098411,5610.677173429336,-1300.9087143239176,1291.5651436951541,5610.677173429336,0.0,0.0,1290917.4884168254,10027.844025511517
552,6613.42,6625.7357416173745,6632.368109727102,0.0018622349128551013,0.845953825331356,5610.677173429336,5.610677173429337,0,buy,False,0,0,0,0,-249.0885131098411,5594.647947522896,-1330.4825676816508,1297.1758208685835,0.0,0.845953825331356,5594.647947522896,1296522.5549130812,10027.844025511517
553,6584.51,6584.51,6632.368109727102,0.0010840437291429273,0,0,0,0,hold,False,0,0,-0.004371414487511631,0,-249.0928845243286,5570.191422432567,-1368.3806217850233,1297.1758208685835,0.0,0.845953825331356,5570.191422432567,1296522.5549130812,10027.844025511517
554,6586.0,6572.911505949102,0,0.001987320687958966,0.845953825331356,5554.819252390105,5.560379632022127,-55.85792103923086,sell,False,0,0,-1.0,0,-250.0928845243286,5554.819252390105,-1366.4273841297472,1302.7362005006057,5554.819252390105,0.0,0.0,1302082.9345451035,10027.844025511517
555,6602.12,6602.12,0,0.001753116519010684,0,0,0,0,sell,True,0,0,-1,0,-251.0928845243286,5554.819252390105,-1345.295712315623,1302.7362005006057,5554.819252390105,0.0,0.0,1302082.9345451035,10027.844025511517
556,6557.05,6568.663341012909,6575.238579592502,0.0017711228392201799,0.8448087754002629,5554.819252390105,5.554819252390105,0,buy,False,0,0,0,0,-251.0928845243286,5539.453380738294,-1404.377874143327,1308.291019752996,0.0,0.8448087754002629,5539.453380738294,1307632.198978241,10027.844025511517
557,6564.08,6564.08,6575.238579592502,0.0016753519924602952,0,0,0,0,hold,False,0,0,0.0010721284724074726,0,-251.0918123958562,5545.392386429357,-1395.162262924141,1308.291019752996,0.0,0.8448087754002629,5545.392386429357,1307632.198978241,10027.844025511517
558,6580.0,6572.208884030745,0,0.0011840601776982609,0.8448087754002629,5546.70747925375,5.552259738992743,-8.111773136355623,sell,False,0,0,-1.0,0,-252.0918123958562,5546.70747925375,-1374.292770661059,1313.8432794919886,5546.70747925375,0.0,0.0,1313184.4587172337,10027.844025511517
559,6571.47,6571.47,0,0.0010506117316059166,0,0,0,0,hold,False,0,0,0.0012963525835865874,0,-252.09051604327263,5546.70747925375,-1385.4747285130743,1313.8432794919886,5546.70747925375,0.0,0.0,1313184.4587172337,10027.844025511517
560,6594.95,6594.95,0,0.0013971418631657062,0,0,0,0,hold,False,0,0,-0.0035730209526939273,0,-252.09408906422533,5546.70747925375,-1354.6948492205393,1313.8432794919886,5546.70747925375,0.0,0.0,1313184.4587172337,10027.844025511517
561,6585.41,6585.41,0,0.0012549517612960117,0,0,0,0,sell,True,0,0,-1,0,-253.09408906422533,5546.70747925375,-1367.200813805326,1313.8432794919886,5546.70747925375,0.0,0.0,1313184.4587172337,10027.844025511517
562,6582.03,6594.595832373386,6601.197029402789,0.0019091119872419902,0.8402578281708342,5546.70747925375,5.54670747925375,0,buy,False,0,0,0,0,-253.09408906422533,5530.6022327552755,-1371.6316482179664,1319.3899869712423,0.0,0.8402578281708342,5530.6022327552755,1318725.6194890083,10027.844025511517
563,6525.0,6516.86077364641,0,0.0012473910120444531,0.8402578281708342,5470.367436875679,5.475843280155835,-76.3400423780704,sell,False,0,0,-1.0,0,-254.09408906422533,5470.367436875679,-1446.3921471980866,1324.8658302513982,5470.367436875679,0.0,0.0,1324201.4627691642,10027.844025511517
564,6499.64,6499.64,0,0.0019590324239326788,0,0,0,0,sell,True,0,0,-1,0,-255.09408906422533,5470.367436875679,-1479.6365142704326,1324.8658302513982,5470.367436875679,0.0,0.0,1324201.4627691642,10027.844025511517
565,6497.77,6497.77,0,0.0017378165156978756,0,0,0,0,sell,True,0,0,-1,0,-256.09408906422533,5470.367436875679,-1482.0878930726903,1324.8658302513982,5470.367436875679,0.0,0.0,1324201.4627691642,10027.844025511517
566,6527.0,6527.0,0,0.0010152726080878832,0,0,0,0,hold,False,0,0,-0.004498466396933034,0,-256.09858753062224,5470.367436875679,-1443.77035168765,1324.8658302513982,5470.367436875679,0.0,0.0,1324201.4627691642,10027.844025511517
567,6538.9,6538.9,0,0.0010222775608880591,0,0,0,0,sell,True,0,0,-1,0,-257.09858753062224,5470.367436875679,-1428.1706684005476,1324.8658302513982,5470.367436875679,0.0,0.0,1324201.4627691642,10027.844025511517
568,6554.75,6564.576568702473,6571.147716418892,0.0014991523250274313,0.8324827979756465,5470.367436875679,5.470367436875679,0,buy,False,0,0,0,0,-257.09858753062224,5456.716620030869,-1407.3929389803307,1330.3361976882738,0.0,0.8324827979756465,5456.716620030869,1329666.359838603,10027.844025511517
569,6534.43,6523.512590566854,0,0.001670751608502435,0.8324827979756465,5425.281302010428,5.4307120140244525,-45.08613486525155,sell,False,0,0,-1.0,0,-258.09858753062224,5425.281302010428,-1434.030381366374,1335.7669097022983,5425.281302010428,0.0,0.0,1335097.0718526274,10027.844025511517
570,6542.44,6542.44,0,0.0016538484823761992,0,0,0,0,sell,True,0,0,-1,0,-259.09858753062224,5425.281302010428,-1423.5300903470743,1335.7669097022983,5425.281302010428,0.0,0.0,1335097.0718526274,10027.844025511517
571,6536.8,6536.8,0,0.0019743031176820956,0,0,0,0,hold,False,0,0,0.0008620636948905024,0,-259.09772546692733,5425.281302010428,-1430.9235536865053,1335.7669097022983,5425.281302010428,0.0,0.0,1335097.0718526274,10027.844025511517
572,6492.81,6492.81,0,0.0018161579579321673,0,0,0,0,sell,True,0,0,-1,0,-260.09772546692733,5425.281302010428,-1488.5899459385764,1335.7669097022983,5425.281302010428,0.0,0.0,1335097.0718526274,10027.844025511517
573,6471.0,6482.87705141659,6489.366417834424,0.0018354275099041412,0.8360263472101651,5425.281302010428,5.425281302010427,0,buy,False,0,0,0,0,-260.09772546692733,5409.926492796978,-1517.180625979896,1341.1921910043088,0.0,0.8360263472101651,5409.926492796978,1340516.9278733358,10027.844025511517
574,6403.74,6403.74,6489.366417834424,0.0019103408802320886,0,0,0,0,hold,False,0,0,-0.010394065832174311,0,-260.10811953275953,5353.695360683622,-1605.3516089959048,1341.1921910043088,0.0,0.8360263472101651,5353.695360683622,1340516.9278733358,10027.844025511517
575,6388.9,6388.9,6489.366417834424,0.0010141098486334966,0,0,0,0,hold,False,0,0,-0.0023173957718457374,0,-260.1104369285314,5341.288729691024,-1624.8053316833502,1341.1921910043088,0.0,0.8360263472101651,5341.288729691024,1340516.9278733358,10027.844025511517
576,6397.17,6397.17,6489.366417834424,0.001143958891412549,0,0,0,0,buy,True,0,0,-1,0,-261.1104369285314,5348.202667582452,-1613.9642072476909,1341.1921910043088,0.0,0.8360263472101651,5348.202667582452,1340516.9278733358,10027.844025511517
577,6440.92,6440.92,6489.366417834424,0.0011861694369762255,0,0,0,0,hold,False,0,0,0.0068389616033340764,0,-261.1035979669281,5384.778820272897,-1556.612430456873,1341.1921910043088,0.0,0.8360263472101651,5384.778820272897,1340516.9278733358,10027.844025511517
578,6441.05,6441.05,6489.366417834424,0.0014236569306296046,0,0,0,0,buy,True,0,0,-1,0,-262.1035979669281,5384.887503698034,-1556.442013748696,1341.1921910043088,0.0,0.8360263472101651,5384.887503698034,1340516.9278733358,10027.844025511517
579,6399.02,6386.888908332812,0,0.0018957733632944227,0.8360263472101651,5334.26779666653,5.3396074040706,-91.01350534389803,sell,False,0,0,-1.0,0,-263.1035979669281,5334.26779666653,-1611.5390464005359,1346.5317984083795,5334.26779666653,0.0,0.0,1345856.5352774065,10027.844025511517
580,6423.99,6423.99,0,0.00181306239668244,0,0,0,0,hold,False,0,0,-0.0039021600182526923,0,-263.1075001269463,5334.26779666653,-1578.8059294527266,1346.5317984083795,5334.26779666653,0.0,0.0,1345856.5352774065,10027.844025511517
581,6455.83,6455.83,0,0.001677200361853372,0,0,0,0,hold,False,0,0,-0.004956421165039197,0,-263.11245654811137,5334.26779666653,-1537.0669449265624,1346.5317984083795,5334.26779666653,0.0,0.0,1345856.5352774065,10027.844025511517
582,6459.71,6472.514139849508,6478.99313298249,0.0019821539743282426,0.8233174024388868,5334.26779666653,5.33426779666653,0,buy,False,0,0,0,0,-263.11245654811137,5318.391657708502,-1531.9806616363148,1351.866066205046,0.0,0.8233174024388868,5318.391657708502,1351185.4688062763,10027.844025511517
583,6457.69,6444.79910072979,0,0.001996209057760559,0.8233174024388868,5300.809139598471,5.306115254853324,-33.45865706805853,sell,False,0,0,-1.0,0,-264.11245654811137,5300.809139598471,-1534.628675101856,1357.1721814598993,5300.809139598471,0.0,0.0,1356491.5840611297,10027.844025511517
584,6450.2,6450.2,0,0.0014985466005916733,0,0,0,0,hold,False,0,0,0.0011598574722539766,0,-264.1112966906391,5300.809139598471,-1544.447299288444,1357.1721814598993,5300.809139598471,0.0,0.0,1356491.5840611297,10027.844025511517
585,6463.0,6463.0,0,0.0013125549787957815,0,0,0,0,sell,True,0,0,-1,0,-265.1112966906391,5300.809139598471,-1527.6678080216461,1357.1721814598993,5300.809139598471,0.0,0.0,1356491.5840611297,10027.844025511517
586,6466.43,6473.911170446221,6480.39156200823,0.0011569243688125635,0.8179766745384419,5300.809139598471,5.3008091395984716,0,buy,False,0,0,0,0,-265.1112966906391,5289.388907535617,-1523.1714287212453,1362.4729905994977,0.0,0.8179766745384419,5289.388907535617,1361787.0923915885,10027.844025511517
587,6447.0,6447.0,6480.39156200823,0.0018988017720437383,0,0,0,0,hold,False,0,0,-0.003004749142881065,0,-265.11430143978197,5273.495620749335,-1548.6421721051447,1362.4729905994977,0.0,0.8179766745384419,5273.495620749335,1361787.0923915885,10027.844025511517
588,6433.0,6421.325728969995,0,0.0018147475563508862,0.8179766745384419,5247.242171245101,5.252494665911013,-53.5669683533697,sell,False,0,0,-1.0,0,-266.11430143978197,5247.242171245101,-1566.9947406782048,1367.7254852654087,5247.242171245101,0.0,0.0,1367039.5870574994,10027.844025511517
589,6406.18,6406.18,0,0.0018509155286124603,0,0,0,0,sell,True,0,0,-1,0,-267.11430143978197,5247.242171245101,-1602.153018473171,1367.7254852654087,5247.242171245101,0.0,0.0,1367039.5870574994,10027.844025511517
590,6399.57,6399.57,0,0.0016409532554711773,0,0,0,0,hold,False,0,0,0.0010318161525278062,0,-267.11326962362944,5247.242171245101,-1610.8180526351662,1367.7254852654087,5247.242171245101,0.0,0.0,1367039.5870574994,10027.844025511517
591,6358.96,6368.641077345207,6375.016093438646,0.0015224309234854938,0.8230947333051782,5247.242171245101,5.247242171245102,0,buy,False,0,0,0,0,-267.11326962362944,5234.026485298296,-1664.053610474597,1372.9727274366537,0.0,0.8230947333051782,5234.026485298296,1372281.5819865733,10027.844025511517
592,6513.99,6504.792095160695,0,0.0014120231746295603,0.8230947333051782,5348.706054657152,5.354060114771924,101.46388341205056,sell,False,0,0,-1.0,0,-268.11326962362944,5348.706054657152,-1460.825131483045,1378.3267875514257,5348.706054657152,0.0,0.0,1377635.6421013451,10027.844025511517
593,6522.91,6522.91,0,0.0015794415710878422,0,0,0,0,hold,False,0,0,-0.0013693604073693809,0,-268.1146389840368,5348.706054657152,-1449.1319235064948,1378.3267875514257,5348.706054657152,0.0,0.0,1377635.6421013451,10027.844025511517
594,6508.0,6508.0,0,0.0018179231032697603,0,0,0,0,sell,True,0,0,-1,0,-269.1146389840368,5348.706054657152,-1468.6774090368053,1378.3267875514257,5348.706054657152,0.0,0.0,1377635.6421013451,10027.844025511517
595,6488.19,6488.19,0,0.0013004234622394416,0,0,0,0,sell,True,0,0,-1,0,-270.1146389840368,5348.706054657152,-1494.6462935676864,1378.3267875514257,5348.706054657152,0.0,0.0,1377635.6421013451,10027.844025511517
596,6515.35,6515.35,0,0.0014011250298401068,0,0,0,0,hold,False,0,0,-0.004186067300741927,0,-270.1188250513375,5348.706054657152,-1459.042310535946,1378.3267875514257,5348.706054657152,0.0,0.0,1377635.6421013451,10027.844025511517
597,6520.0,6520.0,0,0.0010798140335471337,0,0,0,0,hold,False,0,0,-0.0007136991873037728,0,-270.11953875052484,5348.706054657152,-1452.94663597418,1378.3267875514257,5348.706054657152,0.0,0.0,1377635.6421013451,10027.844025511517
598,6532.67,6532.67,0,0.0012542002959619173,0,0,0,0,sell,True,0,0,-1,0,-271.11953875052484,5348.706054657152,-1436.3375614155593,1378.3267875514257,5348.706054657152,0.0,0.0,1377635.6421013451,10027.844025511517
599,6483.98,6493.790427800376,6500.290718518894,0.001513025610871244,0.8228410522346401,5348.706054657152,5.348706054657152,0,buy,False,0,0,0,0,-271.11953875052484,5335.284925868362,-1500.1651731171587,1383.675493606083,0.0,0.8228410522346401,5335.284925868362,1382978.9994499476,10027.844025511517
600,6506.09,6495.22704237067,0,0.0016696599077680521,0.8228410522346401,5339.194914593124,5.344539454047171,-9.51114006402804,sell,False,0,0,-1.0,0,-272.11953875052484,5339.194914593124,-1471.1812237492722,1389.0200330601301,5339.194914593124,0.0,0.0,1388323.5389039947,10027.844025511517
601,6521.0,6533.953370041876,6540.493863905783,0.0019864085327213864,0.8163290151616656,5339.194914593124,5.339194914593124,0,buy,False,0,0,0,0,-272.11953875052484,5323.281507869221,-1451.6357382189617,1394.3592279747234,0.0,0.8163290151616656,5323.281507869221,1393657.3946236733,10027.844025511517
602,6524.7,6524.7,6540.493863905783,0.001055477789041803,0,0,0,0,buy,True,0,0,-1,0,-273.11953875052484,5326.301925225319,-1446.7854165246536,1394.3592279747234,0.0,0.8163290151616656,5326.301925225319,1393657.3946236733,10027.844025511517
603,6540.0,6540.0,6540.493863905783,0.0016794024753634617,0,0,0,0,buy,True,0,0,-1,0,-274.11953875052484,5338.791759157293,-1426.7286808698063,1394.3592279747234,0.0,0.8163290151616656,5338.791759157293,1393657.3946236733,10027.844025511517
604,6528.06,6520.541406960935,0,0.001151734671413126,0.8163290151616656,5317.584237920216,5.322907145065281,-21.610676672908085,sell,False,0,0,-1.0,0,-275.11953875052484,5317.584237920216,-1442.380800067118,1399.6821351197887,5317.584237920216,0.0,0.0,1398980.3017687385,10027.844025511517
605,6513.0,6513.0,0,0.001177094791396066,0,0,0,0,hold,False,0,0,0.002306964090403642,0,-275.11723178643444,5317.584237920216,-1462.122920260712,1399.6821351197887,5317.584237920216,0.0,0.0,1398980.3017687385,10027.844025511517
606,6510.57,6510.57,0,0.001283316170344947,0,0,0,0,hold,False,0,0,0.000373099953938322,0,-275.1168586864805,5317.584237920216,-1465.3084018058926,1399.6821351197887,5317.584237920216,0.0,0.0,1398980.3017687385,10027.844025511517
607,6527.79,6538.794431389428,6545.3397711605885,0.0016857820777671146,0.8124229488207801,5317.584237920216,5.317584237920216,0,buy,False,0,0,0,0,-275.1168586864805,5303.326401082801,-1442.734742461027,1404.999719357709,0.0,0.8124229488207801,5303.326401082801,1404292.5684224209,10027.844025511517
608,6513.4,6513.4,6545.3397711605885,0.0013496340606016367,0,0,0,0,hold,False,0,0,-0.0022044214044876866,0,-275.119063107885,5291.635634849269,-1461.5985611586239,1404.999719357709,0.0,0.8124229488207801,5291.635634849269,1404292.5684224209,10027.844025511517
609,6529.98,6529.98,6545.3397711605885,0.0019899810311240695,0,0,0,0,hold,False,0,0,0.002545521540209325,0,-275.1165175863448,5305.105607340717,-1439.8638763770978,1404.999719357709,0.0,0.8124229488207801,5305.105607340717,1404292.5684224209,10027.844025511517
610,6518.91,6506.86997965179,0,0.001846937654946873,0.8124229488207801,5281.044165965655,5.286330496462117,-36.54007195456052,sell,False,0,0,-1.0,0,-276.1165175863448,5281.044165965655,-1454.375514527368,1410.286049854171,5281.044165965655,0.0,0.0,1409578.898918883,10027.844025511517
611,6508.01,6508.01,0,0.0015163204640290617,0,0,0,0,sell,True,0,0,-1,0,-277.1165175863448,5281.044165965655,-1468.6643000592521,1410.286049854171,5281.044165965655,0.0,0.0,1409578.898918883,10027.844025511517
612,6455.37,6464.337973946223,6470.808782728952,0.0013892269453530408,0.8161335535151552,5281.044165965655,5.281044165965655,0,buy,False,0,0,0,0,-277.1165175863448,5268.444057355127,-1537.6699578939642,1415.5670940201367,0.0,0.8161335535151552,5268.444057355127,1414854.6620406827,10027.844025511517
613,6490.0,6490.0,6470.808782728952,0.001602871291408208,0,0,0,0,hold,False,0,0,0.005364525968302342,0,-277.1111530603765,5296.706762313357,-1492.2735686307406,1415.5670940201367,0.0,0.8161335535151552,5296.706762313357,1414854.6620406827,10027.844025511517
614,6475.0,6465.945788151877,0,0.0013983338761579466,0.8161335535151552,5271.798237607822,5.277075312920743,-9.24592835783369,sell,False,0,0,-1.0,0,-278.1111530603765,5271.798237607822,-1511.9370349590208,1420.8441693330574,5271.798237607822,0.0,0.0,1420131.7373536036,10027.844025511517
615,6516.59,6516.59,0,0.0015237635606324116,0,0,0,0,hold,False,0,0,-0.006423166023166046,0,-278.1175762263997,5271.798237607822,-1457.4167973194762,1420.8441693330574,5271.798237607822,0.0,0.0,1420131.7373536036,10027.844025511517
616,6504.12,6512.498784725386,6519.017802527914,0.0012882272660077584,0.8086798344934031,5271.798237607822,5.271798237607822,0,buy,False,0,0,0,0,-278.1175762263997,5259.750685125233,-1473.763692327053,1426.1159675706651,0.0,0.8086798344934031,5259.750685125233,1425398.2637929737,10027.844025511517
617,6498.15,6498.15,6519.017802527914,0.0012376098159025371,0,0,0,0,buy,True,0,0,-1,0,-279.1175762263997,5254.922866513307,-1481.5897519257087,1426.1159675706651,0.0,0.8086798344934031,5254.922866513307,1425398.2637929737,10027.844025511517
618,6515.0,6515.0,6519.017802527914,0.0012969480772334972,0,0,0,0,hold,False,0,0,0.0025930457130106375,0,-279.1149831806867,5268.549121724521,-1459.5011247502734,1426.1159675706651,0.0,0.8086798344934031,5268.549121724521,1425398.2637929737,10027.844025511517
619,6523.81,6513.311611097047,0,0.001609241977150463,0.8086798344934031,5261.916571910254,5.26718375566592,-9.881665697567769,sell,False,0,0,-1.0,0,-280.1149831806867,5261.916571910254,-1447.9521155267958,1431.383151326331,5261.916571910254,0.0,0.0,1430665.4475486397,10027.844025511517
620,6487.0,6494.8499821266405,6501.351333460101,0.0012101097774996905,0.8093573631114311,5261.916571910254,5.261916571910254,0,buy,False,0,0,0,0,-280.1149831806867,5250.301214503854,-1496.2062618963973,1436.6450678982412,0.0,0.8093573631114311,5250.301214503854,1435922.102203978,10027.844025511517
621,6499.6,6488.514305345419,0,0.0017055964451013665,0.8093573631114311,5246.275301856483,5.251526828685168,-15.641270053771223,sell,False,0,0,-1.0,0,-281.1149831806867,5246.275301856483,-1479.6889501806418,1441.8965947269264,5246.275301856483,0.0,0.0,1441173.629032663,10027.844025511517
622,6483.0,6483.0,0,0.0012344633912368863,0,0,0,0,sell,True,0,0,-1,0,-282.1149831806867,5246.275301856483,-1501.4498529172724,1441.8965947269264,5246.275301856483,0.0,0.0,1441173.629032663,10027.844025511517
623,6449.61,6449.61,0,0.0017061311027018623,0,0,0,0,sell,True,0,0,-1,0,-283.1149831806867,5246.275301856483,-1545.2207289640246,1441.8965947269264,5246.275301856483,0.0,0.0,1441173.629032663,10027.844025511517
624,6393.05,6393.05,0,0.0011071471863626314,0,0,0,0,hold,False,0,0,0.008769522498259507,0,-283.10621365818844,5246.275301856483,-1619.3651059991917,1441.8965947269264,5246.275301856483,0.0,0.0,1441173.629032663,10027.844025511517
625,6415.06,6415.06,0,0.0015324554481417614,0,0,0,0,hold,False,0,0,-0.003442801166892206,0,-283.10965645935534,5246.275301856483,-1590.5122464068281,1441.8965947269264,5246.275301856483,0.0,0.0,1441173.629032663,10027.844025511517
626,6436.06,6436.06,0,0.0011947135939778608,0,0,0,0,sell,True,0,0,-1,0,-284.10965645935534,5246.275301856483,-1562.9833935472361,1441.8965947269264,5246.275301856483,0.0,0.0,1441173.629032663,10027.844025511517
627,6415.5,6415.5,0,0.001095698537741056,0,0,0,0,hold,False,0,0,0.003194500983521036,0,-284.1064619583718,5246.275301856483,-1589.9354513945327,1441.8965947269264,5246.275301856483,0.0,0.0,1441173.629032663,10027.844025511517
628,6405.5,6416.454464871271,6422.877342213485,0.0017101654626916307,0.816810756664471,5246.275301856483,5.246275301856483,0,buy,False,0,0,0,0,-284.1064619583718,5232.081301814269,-1603.0444289467196,1447.142870028783,0.0,0.816810756664471,5232.081301814269,1446414.6580592177,10027.844025511517
629,6423.26,6410.537984609194,0,0.0019806166013529867,0.816810756664471,5230.960185453134,5.236196381834969,-15.315116403348839,sell,False,0,0,-1.0,0,-285.1064619583718,5230.960185453134,-1579.7628848140357,1452.379066410618,5230.960185453134,0.0,0.0,1451650.8544410528,10027.844025511517
630,6426.5,6426.5,0,0.0010535688464517396,0,0,0,0,sell,True,0,0,-1,0,-286.1064619583718,5230.960185453134,-1575.5155760871276,1452.379066410618,5230.960185453134,0.0,0.0,1451650.8544410528,10027.844025511517
631,6431.1,6431.1,0,0.0011148119286091736,0,0,0,0,hold,False,0,0,-0.0007157861977748951,0,-286.1071777445696,5230.960185453134,-1569.4854464131204,1452.379066410618,5230.960185453134,0.0,0.0,1451650.8544410528,10027.844025511517
632,6463.01,6463.01,0,0.001385365092870813,0,0,0,0,sell,True,0,0,-1,0,-287.1071777445696,5230.960185453134,-1527.654699044093,1452.379066410618,5230.960185453134,0.0,0.0,1451650.8544410528,10027.844025511517
633,6457.98,6457.98,0,0.0018226099987235871,0,0,0,0,hold,False,0,0,0.0007782751380549705,0,-287.10639946943155,5230.960185453134,-1534.2485147528441,1452.379066410618,5230.960185453134,0.0,0.0,1451650.8544410528,10027.844025511517
634,6430.0,6430.0,0,0.0012105406296723069,0,0,0,0,hold,False,0,0,0.004332624133242835,0,-287.1020668452983,5230.960185453134,-1570.9274339438616,1452.379066410618,5230.960185453134,0.0,0.0,1451650.8544410528,10027.844025511517
635,6418.26,6427.489462176505,6433.923385562067,0.0014380006694188956,0.813028050223846,5230.960185453134,5.230960185453134,0,buy,False,0,0,0,0,-287.1020668452983,5218.225413629702,-1586.3173735901291,1457.610026596071,0.0,0.813028050223846,5218.225413629702,1456876.5836663204,10027.844025511517
636,6418.94,6406.564814149865,0,0.001927917358650243,0.813028050223846,5203.5081825814805,5.208716899480962,-27.45200287165335,sell,False,0,0,-1.0,0,-288.1020668452983,5203.5081825814805,-1585.4259631165805,1462.818743495552,5203.5081825814805,0.0,0.0,1462085.3005658013,10027.844025511517
637,6436.91,6448.4242464116005,6454.879125537138,0.001788784744792255,0.8061356504717623,5203.5081825814805,5.203508182581481,0,buy,False,0,0,0,0,-288.1020668452983,5189.022629878191,-1561.8691304553013,1468.0222516781337,0.0,0.8061356504717623,5189.022629878191,1467283.6052402002,10027.844025511517
638,6455.04,6447.592273376483,0,0.0011537847361932968,0.8061356504717623,5192.436357283784,5.197633991275059,-11.071825297696705,sell,False,0,0,-1.0,0,-289.1020668452983,5192.436357283784,-1538.1025541531853,1473.2198856694088,5192.436357283784,0.0,0.0,1472481.2392314752,10027.844025511517
639,6460.57,6460.57,0,0.0012779104033972598,0,0,0,0,hold,False,0,0,-0.0008566949236565142,0,-289.1029235402219,5192.436357283784,-1530.8532895668268,1473.2198856694088,5192.436357283784,0.0,0.0,1472481.2392314752,10027.844025511517
640,6644.95,6644.95,0,0.00169475474742602,0,0,0,0,hold,False,0,0,-0.028539277494091096,0,-289.131462817716,5192.436357283784,-1289.149961459605,1473.2198856694088,5192.436357283784,0.0,0.0,1472481.2392314752,10027.844025511517
641,6728.0,6738.764837599391,6745.510347947338,0.0016000055884945344,0.7697618251914541,5192.436357283784,5.192436357283784,0,buy,False,0,0,0,0,-289.131462817716,5178.957559888103,-1180.2799028886948,1478.4123220266927,0.0,0.7697618251914541,5178.957559888103,1477668.4831524016,10027.844025511517
642,6718.15,6718.15,6745.510347947338,0.0019067130080510286,0,0,0,0,buy,True,0,0,-1,0,-290.131462817716,5171.375405909967,-1193.1922457775981,1478.4123220266927,0.0,0.7697618251914541,5171.375405909967,1477668.4831524016,10027.844025511517
643,6694.63,6694.63,6745.510347947338,0.0017815917656191665,0,0,0,0,buy,True,0,0,-1,0,-291.131462817716,5153.270607781465,-1224.0245609803405,1478.4123220266927,0.0,0.7697618251914541,5153.270607781465,1477668.4831524016,10027.844025511517
644,6720.05,6720.05,6745.510347947338,0.0017633801660673725,0,0,0,0,buy,True,0,0,-1,0,-292.131462817716,5172.837953377832,-1190.7015400426826,1478.4123220266927,0.0,0.7697618251914541,5172.837953377832,1477668.4831524016,10027.844025511517
645,6716.24,6716.24,6745.510347947338,0.0019875761806880726,0,0,0,0,hold,False,0,0,-0.0005669600672615332,0,-292.13202977778326,5169.9051608238515,-1195.696060490065,1478.4123220266927,0.0,0.7697618251914541,5169.9051608238515,1477668.4831524016,10027.844025511517
646,6711.08,6711.08,6745.510347947338,0.0017808009334450208,0,0,0,0,hold,False,0,0,-0.0007682870177361187,0,-292.132798064801,5165.933189805864,-1202.4602929069933,1478.4123220266927,0.0,0.7697618251914541,5165.933189805864,1477668.4831524016,10027.844025511517
647,6712.46,6702.347801282158,0,0.0015064817843000024,0.7697618251914541,5154.0522651063,5.159211476582883,-38.38409217748358,sell,False,0,0,-1.0,0,-293.132798064801,5154.0522651063,-1200.6512540047916,1483.5715335032755,5154.0522651063,0.0,0.0,1482827.6946289844,10027.844025511517
648,6719.85,6719.85,0,0.0017237915235568395,0,0,0,0,sell,True,0,0,-1,0,-294.132798064801,5154.0522651063,-1190.9637195937266,1483.5715335032755,5154.0522651063,0.0,0.0,1482827.6946289844,10027.844025511517
649,6709.36,6718.362296410755,6725.087383794551,0.001341751882557479,0.7663918654092176,5154.0522651063,5.1540522651063005,0,buy,False,0,0,0,0,-294.132798064801,5141.998926101987,-1204.7150370459713,1488.7255857683817,0.0,0.7663918654092176,5141.998926101987,1487976.5928418257,10027.844025511517
650,6676.48,6676.48,6725.087383794551,0.0016789549553054436,0,0,0,0,buy,True,0,0,-1,0,-295.132798064801,5116.7999615673325,-1247.817355237561,1488.7255857683817,0.0,0.7663918654092176,5116.7999615673325,1487976.5928418257,10027.844025511517
651,6683.0,6683.0,6725.087383794551,0.001608929144700842,0,0,0,0,buy,True,0,0,-1,0,-296.132798064801,5121.796836529801,-1239.2703018735356,1488.7255857683817,0.0,0.7663918654092176,5121.796836529801,1487976.5928418257,10027.844025511517
652,6701.63,6701.63,6725.087383794551,0.0019910748995715473,0,0,0,0,buy,True,0,0,-1,0,-297.132798064801,5136.074716982374,-1214.8482766938105,1488.7255857683817,0.0,0.7663918654092176,5136.074716982374,1487976.5928418257,10027.844025511517
653,6700.0,6693.202503723055,0,0.0010145516831261247,0.7663918654092176,5124.486336437568,5.129615952389958,-29.56592866873234,sell,False,0,0,-1.0,0,-298.132798064801,5124.486336437568,-1216.9850400348168,1493.8552017207717,5124.486336437568,0.0,0.0,1493106.2087942157,10027.844025511517
654,6680.87,6694.116551875173,6700.817369244417,0.0019827585142613707,0.7647554102814481,5124.486336437568,5.124486336437568,0,buy,False,0,0,0,0,-298.132798064801,5109.231477887018,-1242.062514092151,1498.9796880572092,0.0,0.7647554102814481,5109.231477887018,1498225.5706443167,10027.844025511517
655,6699.01,6699.01,6700.817369244417,0.001622497468850703,0,0,0,0,buy,True,0,0,-1,0,-299.132798064801,5123.104141029524,-1218.2828288124838,1498.9796880572092,0.0,0.7647554102814481,5123.104141029524,1498225.5706443167,10027.844025511517
656,6703.02,6703.02,6700.817369244417,0.0013613845621484955,0,0,0,0,buy,True,0,0,-1,0,-300.132798064801,5126.170810224753,-1213.0261288140555,1498.9796880572092,0.0,0.7647554102814481,5126.170810224753,1498225.5706443167,10027.844025511517
657,6714.46,6714.46,6700.817369244417,0.0014321950966949086,0,0,0,0,buy,True,0,0,-1,0,-301.132798064801,5134.919612118372,-1198.029458494355,1498.9796880572092,0.0,0.7647554102814481,5134.919612118372,1498225.5706443167,10027.844025511517
658,6715.28,6715.28,6700.817369244417,0.001573846390615757,0,0,0,0,buy,True,0,0,-1,0,-302.132798064801,5135.546711554803,-1196.954522335076,1498.9796880572092,0.0,0.7647554102814481,5135.546711554803,1498225.5706443167,10027.844025511517
659,6726.11,6726.11,6700.817369244417,0.0018823260200951084,0,0,0,0,buy,True,0,0,-1,0,-303.132798064801,5143.829012648151,-1182.757499646057,1498.9796880572092,0.0,0.7647554102814481,5143.829012648151,1498225.5706443167,10027.844025511517
660,6765.82,6765.82,6700.817369244417,0.0010351603333732967,0,0,0,0,buy,True,0,0,-1,0,-304.132798064801,5174.197449990427,-1130.7017497863235,1498.9796880572092,0.0,0.7647554102814481,5174.197449990427,1498225.5706443167,10027.844025511517
661,6760.0,6752.557338080147,0,0.001100985491102469,0.7647554102814481,5158.890702774954,5.164054757532487,34.40436633738591,sell,False,0,0,-1.0,0,-305.132798064801,5158.890702774954,-1138.3311747216958,1504.1437428147417,5158.890702774954,0.0,0.0,1503389.6254018492,10027.844025511517
662,6742.32,6751.257289033905,6758.015304338243,0.0013255510023115577,0.7633736341886135,5158.890702774954,5.158890702774954,0,buy,False,0,0,0,0,-305.132798064801,5146.909321262572,-1161.5078470339631,1509.3026335175166,0.0,0.7633736341886135,5146.909321262572,1508543.3572139214,10027.844025511517
663,6739.04,6739.04,6758.015304338243,0.0013308501587521349,0,0,0,0,buy,True,0,0,-1,0,-306.132798064801,5144.405455742433,-1165.8075916710804,1509.3026335175166,0.0,0.7633736341886135,5144.405455742433,1508543.3572139214,10027.844025511517
664,6708.0,6708.0,6758.015304338243,0.0016605832626634105,0,0,0,0,hold,False,0,0,-0.0046059972933829955,0,-306.1374040620944,5120.710338137219,-1206.4978579930685,1509.3026335175166,0.0,0.7633736341886135,5120.710338137219,1508543.3572139214,10027.844025511517
665,6717.0,6717.0,6758.015304338243,0.0014896834942400299,0,0,0,0,hold,False,0,0,0.0013416815742397087,0,-306.1360623805202,5127.5807008449165,-1194.6997781961,1509.3026335175166,0.0,0.7633736341886135,5127.5807008449165,1508543.3572139214,10027.844025511517
666,6710.49,6701.614480482739,0,0.001322633595648159,0.7633736341886135,5110.719965096248,5.115835800897146,-48.170737678705336,sell,False,0,0,-1.0,0,-307.1360623805202,5110.719965096248,-1203.233722582574,1514.4184693184138,5110.719965096248,0.0,0.0,1513659.1930148185,10027.844025511517
667,6742.03,6750.138635347352,6756.89553087823,0.0012026993868838201,0.75637102005512,5110.719965096248,5.110719965096249,0,buy,False,0,0,0,0,-307.1360623805202,5099.476108342221,-1161.8880073829769,1519.52918928351,0.0,0.75637102005512,5099.476108342221,1518764.8022599497,10027.844025511517
668,6698.0,6688.589556442408,0,0.0014049632065679537,0.75637102005512,5053.996250230831,5.059055305536368,-56.723714865417605,sell,False,0,0,-1.0,0,-308.1360623805202,5053.996250230831,-1219.6068355452553,1524.5882445890463,5053.996250230831,0.0,0.0,1523823.857565486,10027.844025511517
669,6717.98,6717.98,0,0.0010318610928012856,0,0,0,0,sell,True,0,0,-1,0,-309.1360623805202,5053.996250230831,-1193.4150983959862,1524.5882445890463,5053.996250230831,0.0,0.0,1523823.857565486,10027.844025511517
670,6729.96,6729.96,0,0.001750381413224391,0,0,0,0,sell,True,0,0,-1,0,-310.1360623805202,5053.996250230831,-1177.7105432884655,1524.5882445890463,5053.996250230831,0.0,0.0,1523823.857565486,10027.844025511517
671,6741.21,6750.146770872186,6756.903674546732,0.0013256924012433563,0.7479751811867976,5053.996250230831,5.053996250230831,0,buy,False,0,0,0,0,-310.1360623805202,5042.2577711682525,-1162.9629435422557,1529.642240839277,0.0,0.7479751811867976,5042.2577711682525,1528872.7998194667,10027.844025511517
672,6670.0,6670.0,6756.903674546732,0.001325179911424137,0,0,0,0,hold,False,0,0,-0.010563385504976212,0,-310.1466257660251,4988.99445851594,-1256.3119726913774,1529.642240839277,0.0,0.7479751811867976,4988.99445851594,1528872.7998194667,10027.844025511517
673,6618.99,6618.99,6756.903674546732,0.0015262202871899034,0,0,0,0,hold,False,0,0,-0.007647676161919042,0,-310.15427344218705,4950.8402445236015,-1323.1808671850831,1529.642240839277,0.0,0.7479751811867976,4950.8402445236015,1528872.7998194667,10027.844025511517
674,6598.53,6598.53,6756.903674546732,0.0011992544084940893,0,0,0,0,buy,True,0,0,-1,0,-311.15427344218705,4935.53667231652,-1350.0018352568568,1529.642240839277,0.0,0.7479751811867976,4935.53667231652,1528872.7998194667,10027.844025511517
675,6601.73,6588.604623402413,0,0.001988172281748319,0.7479751811867976,4923.184624220635,4.928112736957592,-130.81162601019605,sell,False,0,0,-1.0,0,-312.15427344218705,4923.184624220635,-1345.8069624401578,1534.5703535762348,4923.184624220635,0.0,0.0,1533800.9125564243,10027.844025511517
676,6588.85,6588.85,0,0.0013045881574402533,0,0,0,0,sell,True,0,0,-1,0,-313.15427344218705,4923.184624220635,-1362.691325527374,1534.5703535762348,4923.184624220635,0.0,0.0,1533800.9125564243,10027.844025511517
677,6587.38,6587.38,0,0.0012746804896250708,0,0,0,0,sell,True,0,0,-1,0,-314.15427344218705,4923.184624220635,-1364.6183452275454,1534.5703535762348,4923.184624220635,0.0,0.0,1533800.9125564243,10027.844025511517
678,6624.08,6624.08,0,0.0012970763618606416,0,0,0,0,hold,False,0,0,-0.005571258983085812,0,-314.15984470117013,4923.184624220635,-1316.50839761102,1534.5703535762348,4923.184624220635,0.0,0.0,1533800.9125564243,10027.844025511517
679,6627.95,6627.95,0,0.0010631891025630385,0,0,0,0,hold,False,0,0,-0.0005842320744918375,0,-314.16042893324465,4923.184624220635,-1311.4352232983238,1534.5703535762348,4923.184624220635,0.0,0.0,1533800.9125564243,10027.844025511517
680,6633.99,6633.99,0,0.001415907524862465,0,0,0,0,sell,True,0,0,-1,0,-315.16042893324465,4923.184624220635,-1303.5174008568029,1534.5703535762348,4923.184624220635,0.0,0.0,1533800.9125564243,10027.844025511517
681,6641.15,6641.15,0,0.0011093351793729942,0,0,0,0,hold,False,0,0,-0.001079290140624248,0,-315.1615082233853,4923.184624220635,-1294.131372929438,1534.5703535762348,4923.184624220635,0.0,0.0,1533800.9125564243,10027.844025511517
682,6622.06,6622.06,0,0.0018211174070897073,0,0,0,0,sell,True,0,0,-1,0,-316.1615082233853,4923.184624220635,-1319.1564110765612,1534.5703535762348,4923.184624220635,0.0,0.0,1533800.9125564243,10027.844025511517
683,6626.61,6634.794061445815,6641.435496942758,0.0012350298939902556,0.7412832100058665,4923.184624220635,4.923184624220635,0,buy,False,0,0,0,0,-316.1615082233853,4912.194732256975,-1313.1918262903164,1539.4935382004553,0.0,0.7412832100058665,4912.194732256975,1538719.1739960206,10027.844025511517
684,6612.0,6600.947915054808,0,0.0016715191992123625,0.7412832100058665,4888.278687693806,4.89317185955336,-34.905936526828555,sell,False,0,0,-1.0,0,-317.1615082233853,4888.278687693806,-1332.3440424940618,1544.3867100600087,4888.278687693806,0.0,0.0,1543612.345855574,10027.844025511517
685,6727.72,6736.1242069344835,6742.867074008493,0.0012491909494573355,0.7249555172956758,4888.278687693806,4.8882786876938065,0,buy,False,0,0,0,0,-317.1615082233853,4877.297732820464,-1180.6469542601553,1549.2749887477025,0.0,0.7249555172956758,4877.297732820464,1548495.73626458,10027.844025511517
686,6756.04,6756.04,6742.867074008493,0.0018748977857201872,0,0,0,0,buy,True,0,0,-1,0,-318.1615082233853,4897.828473070277,-1143.5223298323617,1549.2749887477025,0.0,0.7249555172956758,4897.828473070277,1548495.73626458,10027.844025511517
687,6750.62,6750.62,6742.867074008493,0.0014668043417469274,0,0,0,0,hold,False,0,0,-0.0008022451021603766,0,-318.1623104684874,4893.899214166535,-1150.6273956656478,1549.2749887477025,0.0,0.7249555172956758,4893.899214166535,1548495.73626458,10027.844025511517
688,6745.01,6736.232700877311,0,0.0013013026107728518,0.7249555172956758,4878.585593226269,4.883469062288558,-9.693094467536866,sell,False,0,0,-1.0,0,-319.1623104684874,4878.585593226269,-1157.9815320724247,1554.1584578099912,4878.585593226269,0.0,0.0,1553379.2053268685,10027.844025511517
689,6751.26,6761.892319799682,6768.6609807804625,0.0015748645141323925,0.7207608132655718,4878.585593226269,4.878585593226269,0,buy,False,0,0,0,0,-319.1623104684874,4866.043648167325,-1149.7884211023065,1559.0370434032175,0.0,0.7207608132655718,4866.043648167325,1558252.9123345015,10027.844025511517
690,6757.5,6757.5,6768.6609807804625,0.001954191501843041,0,0,0,0,hold,False,0,0,0.0009242719136872073,0,-319.16138619657374,4870.541195642102,-1141.6084191097434,1559.0370434032175,0.0,0.7207608132655718,4870.541195642102,1558252.9123345015,10027.844025511517
691,6748.93,6739.222128974528,0,0.001438431132856963,0.7207608132655718,4852.509855234562,4.857367222457019,-26.075737991707683,sell,False,0,0,-1.0,0,-320.16138619657374,4852.509855234562,-1152.842812871966,1563.8944106256745,4852.509855234562,0.0,0.0,1563110.2795569585,10027.844025511517
692,6740.0,6740.0,0,0.0012599972922158812,0,0,0,0,sell,True,0,0,-1,0,-321.16138619657374,4852.509855234562,-1164.5491298260695,1563.8944106256745,4852.509855234562,0.0,0.0,1563110.2795569585,10027.844025511517
693,6715.0,6715.0,0,0.001637460464724563,0,0,0,0,hold,False,0,0,0.00370919881305638,0,-321.1576769977607,4852.509855234562,-1197.3215737065366,1563.8944106256745,4852.509855234562,0.0,0.0,1563110.2795569585,10027.844025511517
694,6730.01,6730.01,0,0.0014206593563920416,0,0,0,0,sell,True,0,0,-1,0,-322.1576769977607,4852.509855234562,-1177.644998400705,1563.8944106256745,4852.509855234562,0.0,0.0,1563110.2795569585,10027.844025511517
695,6761.51,6761.51,0,0.0015078736200639037,0,0,0,0,hold,False,0,0,-0.004680527963554289,0,-322.16235752572425,4852.509855234562,-1136.351719111315,1563.8944106256745,4852.509855234562,0.0,0.0,1563110.2795569585,10027.844025511517
696,6753.35,6753.35,0,0.0018452404204679865,0,0,0,0,hold,False,0,0,0.0012068310185150734,0,-322.1611506947057,4852.509855234562,-1147.0486447939002,1563.8944106256745,4852.509855234562,0.0,0.0,1563110.2795569585,10027.844025511517
697,6759.98,6759.98,0,0.00105307144068056,0,0,0,0,sell,True,0,0,-1,0,-323.1611506947057,4852.509855234562,-1138.3573926768004,1563.8944106256745,4852.509855234562,0.0,0.0,1563110.2795569585,10027.844025511517
698,6778.48,6778.48,0,0.0017951612988618302,0,0,0,0,sell,True,0,0,-1,0,-324.1611506947057,4852.509855234562,-1114.105784205256,1563.8944106256745,4852.509855234562,0.0,0.0,1563110.2795569585,10027.844025511517
699,6772.41,6772.41,0,0.0015455537793615435,0,0,0,0,hold,False,0,0,0.0008954809927889009,0,-324.16025521371296,4852.509855234562,-1122.0629335794329,1563.8944106256745,4852.509855234562,0.0,0.0,1563110.2795569585,10027.844025511517
700,6759.21,6759.21,0,0.0011968126192868883,0,0,0,0,sell,True,0,0,-1,0,-325.16025521371296,4852.509855234562,-1139.3667839483187,1563.8944106256745,4852.509855234562,0.0,0.0,1563110.2795569585,10027.844025511517
701,6741.27,6750.736097992544,6757.493591584129,0.0014042009877284357,0.7180931494005324,4852.509855234562,4.852509855234562,0,buy,False,0,0,0,0,-325.16025521371296,4840.859805259327,-1162.884289676942,1568.746920480909,0.0,0.7180931494005324,4840.859805259327,1567957.9369023377,10027.844025511517
702,6765.29,6765.29,6757.493591584129,0.0019937020781237184,0,0,0,0,buy,True,0,0,-1,0,-326.16025521371296,4858.108402707928,-1131.3965255965886,1568.746920480909,0.0,0.7180931494005324,4858.108402707928,1567957.9369023377,10027.844025511517
703,6758.72,6758.72,6757.493591584129,0.0010243140516792526,0,0,0,0,hold,False,0,0,-0.0009711335360347495,0,-326.161226347249,4853.390530716366,-1140.0091238483765,1568.746920480909,0.0,0.7180931494005324,4853.390530716366,1567957.9369023377,10027.844025511517
704,6716.45,6716.45,6757.493591584129,0.0017907663370062984,0,0,0,0,hold,False,0,0,-0.006254142796269082,0,-326.16748049004525,4823.036733291206,-1195.4207719614697,1568.746920480909,0.0,0.7180931494005324,4823.036733291206,1567957.9369023377,10027.844025511517
705,6736.5,6725.518120659035,0,0.0016302054985474854,0.7180931494005324,4824.718940125781,4.829548488614396,-27.79091510878061,sell,False,0,0,-1.0,0,-327.16748049004525,4824.718940125781,-1169.1372719693354,1573.5764689695234,4824.718940125781,0.0,0.0,1572787.485390952,10027.844025511517
706,6746.0,6757.275635624481,6764.039675299779,0.0016714550288290386,0.7132895683247085,4824.718940125781,4.8247189401257815,0,buy,False,0,0,0,0,-327.16748049004525,4811.851427918484,-1156.6837432947577,1578.4011879096493,0.0,0.7132895683247085,4811.851427918484,1577607.3796121378,10027.844025511517
707,6732.85,6732.85,6764.039675299779,0.0012402061586706896,0,0,0,0,buy,True,0,0,-1,0,-328.16748049004525,4802.471670095014,-1173.922048775883,1578.4011879096493,0.0,0.7132895683247085,4802.471670095014,1577607.3796121378,10027.844025511517
708,6714.67,6714.67,6764.039675299779,0.0018870206873859057,0,0,0,0,hold,False,0,0,-0.0027001938257945938,0,-328.170180683871,4789.50406574287,-1197.7541699657595,1578.4011879096493,0.0,0.7132895683247085,4789.50406574287,1577607.3796121378,10027.844025511517
709,6720.0,6720.0,6764.039675299779,0.0016351224459336088,0,0,0,0,hold,False,0,0,0.000793784355746574,0,-328.1693868995153,4793.305899142041,-1190.7670849304432,1578.4011879096493,0.0,0.7132895683247085,4793.305899142041,1577607.3796121378,10027.844025511517
710,6715.99,6715.99,6764.039675299779,0.001678174734531252,0,0,0,0,hold,False,0,0,-0.0005967261904762274,0,-328.16998362570575,4790.445607973059,-1196.0237849288715,1578.4011879096493,0.0,0.7132895683247085,4790.445607973059,1577607.3796121378,10027.844025511517
711,6713.96,6713.96,6764.039675299779,0.0016673795725351023,0,0,0,0,buy,True,0,0,-1,0,-329.16998362570575,4788.99763014936,-1198.684907371964,1578.4011879096493,0.0,0.7132895683247085,4788.99763014936,1577607.3796121378,10027.844025511517
712,6719.97,6719.97,6764.039675299779,0.0012420408244809902,0,0,0,0,buy,True,0,0,-1,0,-330.16998362570575,4793.284500454992,-1190.8064118630991,1578.4011879096493,0.0,0.7132895683247085,4793.284500454992,1577607.3796121378,10027.844025511517
713,6703.98,6703.98,6764.039675299779,0.0011473912486190962,0,0,0,0,buy,True,0,0,-1,0,-331.16998362570575,4781.879000257479,-1211.7676669690482,1578.4011879096493,0.0,0.7132895683247085,4781.879000257479,1577607.3796121378,10027.844025511517
714,6697.0,6697.0,6764.039675299779,0.0017328872689162454,0,0,0,0,hold,False,0,0,-0.0010411725571972718,0,-331.171024798263,4776.900239070573,-1220.9177333004736,1578.4011879096493,0.0,0.7132895683247085,4776.900239070573,1577607.3796121378,10027.844025511517
715,6714.04,6714.04,6764.039675299779,0.0010209865065242394,0,0,0,0,buy,True,0,0,-1,0,-332.171024798263,4789.054693314825,-1198.5800355515476,1578.4011879096493,0.0,0.7132895683247085,4789.054693314825,1577607.3796121378,10027.844025511517
716,6716.78,6716.78,6764.039675299779,0.0010276158675284425,0,0,0,0,buy,True,0,0,-1,0,-333.171024798263,4791.009106732035,-1194.9881757022486,1578.4011879096493,0.0,0.7132895683247085,4791.009106732035,1577607.3796121378,10027.844025511517
717,6699.33,6699.33,6764.039675299779,0.0015790931565431892,0,0,0,0,hold,False,0,0,-0.0025979710516051335,0,-333.1736227693146,4778.562203764769,-1217.863341530814,1578.4011879096493,0.0,0.7132895683247085,4778.562203764769,1577607.3796121378,10027.844025511517
718,6724.75,6715.3058731618785,0,0.001404383335904127,0.7132895683247085,4785.16766980858,4.789957627436016,-39.55127031720076,sell,False,0,0,-1.0,0,-334.1736227693146,4785.16766980858,-1184.5403205931543,1583.1911455370853,4785.16766980858,0.0,0.0,1582397.3372395737,10027.844025511517
719,6718.84,6718.84,0,0.0019365373626695527,0,0,0,0,sell,True,0,0,-1,0,-335.1736227693146,4785.16766980858,-1192.2877263264963,1583.1911455370853,4785.16766980858,0.0,0.0,1582397.3372395737,10027.844025511517
720,6722.95,6722.95,0,0.001989219666422827,0,0,0,0,sell,True,0,0,-1,0,-336.1736227693146,4785.16766980858,-1186.8999365525488,1583.1911455370853,4785.16766980858,0.0,0.0,1582397.3372395737,10027.844025511517
721,6637.59,6637.59,0,0.001316311632673678,0,0,0,0,hold,False,0,0,0.012696807205170302,0,-336.16092596210945,4785.16766980858,-1298.7981689380158,1583.1911455370853,4785.16766980858,0.0,0.0,1582397.3372395737,10027.844025511517
722,6665.03,6673.024138541242,6679.703842383625,0.001199415237627218,0.7163742259718229,4785.16766980858,4.7851676698085805,0,buy,False,0,0,0,0,-336.16092596210945,4774.655707328979,-1262.8271345348148,1587.9763132068938,0.0,0.7163742259718229,4774.655707328979,1587177.7197417126,10027.844025511517
723,6660.29,6660.29,6679.703842383625,0.0012512832457721044,0,0,0,0,hold,False,0,0,-0.0007111745933627578,0,-336.1616371367028,4771.260093497872,-1269.0407898945505,1587.9763132068938,0.0,0.7163742259718229,4771.260093497872,1587177.7197417126,10027.844025511517
724,6654.06,6654.06,6679.703842383625,0.0016867394964489163,0,0,0,0,hold,False,0,0,-0.0009353947050351437,0,-336.1625725314078,4766.797082070068,-1277.2076829095622,1587.9763132068938,0.0,0.7163742259718229,4766.797082070068,1587177.7197417126,10027.844025511517
725,6650.0,6650.0,6679.703842383625,0.0012891230442961335,0,0,0,0,buy,True,0,0,-1,0,-337.1625725314078,4763.888602712622,-1282.529927795751,1587.9763132068938,0.0,0.7163742259718229,4763.888602712622,1587177.7197417126,10027.844025511517
726,6630.0,6617.223145290382,0,0.0019271274071822418,0.7163742259718229,4735.667700681439,4.740408108790229,-49.49996912714141,sell,False,0,0,-1.0,0,-338.1625725314078,4735.667700681439,-1308.7478829001248,1592.716721315684,4735.667700681439,0.0,0.0,1591918.1278505027,10027.844025511517
727,6495.08,6495.08,0,0.0013529818106357075,0,0,0,0,sell,True,0,0,-1,0,-339.1625725314078,4735.667700681439,-1485.6142080342306,1592.716721315684,4735.667700681439,0.0,0.0,1591918.1278505027,10027.844025511517
728,6400.0,6400.0,0,0.0015932563661951171,0,0,0,0,sell,True,0,0,-1,0,-340.1625725314078,4735.667700681439,-1610.2543666004221,1592.716721315684,4735.667700681439,0.0,0.0,1591918.1278505027,10027.844025511517
729,6310.78,6310.78,0,0.0011246381556268394,0,0,0,0,sell,True,0,0,-1,0,-341.1625725314078,4735.667700681439,-1727.212664321034,1592.716721315684,4735.667700681439,0.0,0.0,1591918.1278505027,10027.844025511517
730,6363.95,6370.455238156298,6376.832070226524,0.0010222013303527026,0.7426364139009253,4735.667700681439,4.735667700681439,0,buy,False,0,0,0,0,-341.1625725314078,4726.101006244793,-1657.5122306760568,1597.4523890163655,0.0,0.7426364139009253,4726.101006244793,1596649.0598834835,10027.844025511517
731,6348.52,6348.52,6376.832070226524,0.0019787853834888377,0,0,0,0,hold,False,0,0,-0.0024245947878282262,0,-341.16499712619566,4714.642126378302,-1677.7393830390793,1597.4523890163655,0.0,0.7426364139009253,4714.642126378302,1596649.0598834835,10027.844025511517
732,6324.0,6324.0,6376.832070226524,0.0015740522762445887,0,0,0,0,buy,True,0,0,-1,0,-342.16499712619566,4696.432681509452,-1709.8825959970418,1597.4523890163655,0.0,0.7426364139009253,4696.432681509452,1596649.0598834835,10027.844025511517
733,6122.24,6122.24,6376.832070226524,0.0013306398929241675,0,0,0,0,buy,True,0,0,-1,0,-343.16499712619566,4546.5983586408,-1974.369327089964,1597.4523890163655,0.0,0.7426364139009253,4546.5983586408,1596649.0598834835,10027.844025511517
734,6163.99,6163.99,6376.832070226524,0.0011289180416166722,0,0,0,0,buy,True,0,0,-1,0,-344.16499712619566,4577.603428921164,-1919.6393458095845,1597.4523890163655,0.0,0.7426364139009253,4577.603428921164,1596649.0598834835,10027.844025511517
735,6150.0,6150.0,6376.832070226524,0.0013315406250560434,0,0,0,0,buy,True,0,0,-1,0,-345.16499712619566,4567.21394549069,-1937.9788054050932,1597.4523890163655,0.0,0.7426364139009253,4567.21394549069,1596649.0598834835,10027.844025511517
736,6172.27,6172.27,6376.832070226524,0.0010645702367020895,0,0,0,0,buy,True,0,0,-1,0,-346.16499712619566,4583.752458428265,-1908.7851123963728,1597.4523890163655,0.0,0.7426364139009253,4583.752458428265,1596649.0598834835,10027.844025511517
737,6144.91,6133.256998885826,0,0.0018963664421731044,0.7426364139009253,4550.225203202135,4.554779983185321,-185.4424974793037,sell,False,0,0,-1.0,0,-347.16499712619566,4550.225203202135,-1944.6512749791564,1602.007168999551,4550.225203202135,0.0,0.0,1601203.8398666687,10027.844025511517
738,6212.96,6212.96,0,0.0017824747741018838,0,0,0,0,sell,True,0,0,-1,0,-348.16499712619566,4550.225203202135,-1855.4446827365246,1602.007168999551,4550.225203202135,0.0,0.0,1601203.8398666687,10027.844025511517
739,6192.39,6192.39,0,0.0016028164479821821,0,0,0,0,sell,True,0,0,-1,0,-349.16499712619566,4550.225203202135,-1882.4098495613725,1602.007168999551,4550.225203202135,0.0,0.0,1601203.8398666687,10027.844025511517
740,6061.19,6061.19,0,0.0012414202733817415,0,0,0,0,hold,False,0,0,0.021187296019792152,0,-349.1438098301759,4550.225203202135,-2054.3996350460648,1602.007168999551,4550.225203202135,0.0,0.0,1601203.8398666687,10027.844025511517
741,6017.03,6017.03,0,0.0018811030355175464,0,0,0,0,hold,False,0,0,0.007285698022995461,0,-349.1365241321529,4550.225203202135,-2112.288879916522,1602.007168999551,4550.225203202135,0.0,0.0,1601203.8398666687,10027.844025511517
742,6071.07,6081.82442223292,6087.912334567487,0.0017714212211226454,0.7474196330597135,4550.225203202135,4.550225203202135,0,buy,False,0,0,0,0,-349.1365241321529,4537.636911679834,-2041.4479652245045,1606.5573942027531,0.0,0.7474196330597135,4537.636911679834,1605749.5148446676,10027.844025511517
743,6045.0,6036.837581690065,0,0.0013502759817923319,0.7474196330597135,4507.538879217729,4.512050930147877,-42.686323984406044,sell,False,0,0,-1.0,0,-350.1365241321529,4507.538879217729,-2075.623069703055,1611.069445132901,4507.538879217729,0.0,0.0,1610261.5657748156,10027.844025511517
744,6136.8,6142.949013791972,6149.098111903875,0.0010019902541995513,0.7330406503828105,4507.538879217729,4.507538879217729,0,buy,False,0,0,0,0,-350.1365241321529,4498.523863269232,-1955.28265577398,1615.5769840121186,0.0,0.7330406503828105,4498.523863269232,1614764.5971151541,10027.844025511517
745,6138.82,6128.367522453716,0,0.0017026851326938089,0.7330406503828105,4487.850171929921,4.492342514444365,-19.68870728780803,sell,False,0,0,-1.0,0,-351.1365241321529,4487.850171929921,-1952.6346423084387,1620.069326526563,4487.850171929921,0.0,0.0,1619256.9396295985,10027.844025511517
746,6119.98,6119.98,0,0.0015224593227236639,0,0,0,0,sell,True,0,0,-1,0,-352.1365241321529,4487.850171929921,-1977.3319560167583,1620.069326526563,4487.850171929921,0.0,0.0,1619256.9396295985,10027.844025511517
747,6095.42,6095.42,0,0.0016259866184858275,0,0,0,0,hold,False,0,0,0.0040130850100816495,0,-352.1325110471428,4487.850171929921,-2009.5276048849291,1620.069326526563,4487.850171929921,0.0,0.0,1619256.9396295985,10027.844025511517
748,6103.91,6103.91,0,0.0014238948520383593,0,0,0,0,hold,False,0,0,-0.0013928490571609145,0,-352.13390389619997,4487.850171929921,-1998.398082943123,1620.069326526563,4487.850171929921,0.0,0.0,1619256.9396295985,10027.844025511517
749,6066.64,6073.610272442869,6079.689962405274,0.0011489510574005783,0.7381708935293171,4487.850171929921,4.487850171929921,0,buy,False,0,0,0,0,-352.13390389619997,4478.217069520696,-2047.2552422801227,1624.5571766984929,0.0,0.7381708935293171,4478.217069520696,1623740.3019513565,10027.844025511517
750,6029.01,6029.01,6079.689962405274,0.001896159939322465,0,0,0,0,hold,False,0,0,-0.006202774517690003,0,-352.14010667071767,4450.439698797189,-2096.5843248090014,1624.5571766984929,0.0,0.7381708935293171,4450.439698797189,1623740.3019513565,10027.844025511517
751,6105.99,6099.278872162709,0,0.001099105605690565,0.7381708935293171,4497.807824813884,4.502310134948832,9.95765288396251,sell,False,0,0,-1.0,0,-353.14010667071767,4497.807824813884,-1995.671415612268,1629.0594868334417,4497.807824813884,0.0,0.0,1628242.6120863054,10027.844025511517
752,6075.01,6075.01,0,0.0018908304882500455,0,0,0,0,sell,True,0,0,-1,0,-354.14010667071767,4497.807824813884,-2036.2830280689423,1629.0594868334417,4497.807824813884,0.0,0.0,1628242.6120863054,10027.844025511517
753,6116.8,6116.8,0,0.0016148143749559647,0,0,0,0,sell,True,0,0,-1,0,-355.14010667071767,4497.807824813884,-1981.5006108783537,1629.0594868334417,4497.807824813884,0.0,0.0,1628242.6120863054,10027.844025511517
754,6122.72,6134.284642925021,6140.425067993015,0.001888808066516372,0.7324912811425257,4497.807824813884,4.497807824813884,0,buy,False,0,0,0,0,-355.14010667071767,4484.839016876966,-1973.7400961674584,1633.5572946582556,0.0,0.7324912811425257,4484.839016876966,1632735.9221032944,10027.844025511517
755,6126.0,6126.0,6140.425067993015,0.0016729111107240862,0,0,0,0,hold,False,0,0,0.0005357096192541374,0,-355.1395709610984,4487.241588279113,-1969.440351530342,1633.5572946582556,0.0,0.7324912811425257,4487.241588279113,1632735.9221032944,10027.844025511517
756,6117.57,6107.316526366438,0,0.0016760696867484195,0.7324912811425257,4469.082550634331,4.473556106741071,-28.725274179552798,sell,False,0,0,-1.0,0,-356.1395709610984,4469.082550634331,-1980.4912196068353,1638.0308507649968,4469.082550634331,0.0,0.0,1637209.4782100355,10027.844025511517
757,6134.73,6134.73,0,0.0017281485467988888,0,0,0,0,hold,False,0,0,-0.0028050353326565703,0,-356.14237599643104,4469.082550634331,-1957.9962141272836,1638.0308507649968,4469.082550634331,0.0,0.0,1637209.4782100355,10027.844025511517
758,6095.96,6095.96,0,0.001132317453868614,0,0,0,0,sell,True,0,0,-1,0,-357.14237599643104,4469.082550634331,-2008.8197200971108,1638.0308507649968,4469.082550634331,0.0,0.0,1637209.4782100355,10027.844025511517
759,6091.64,6091.64,0,0.0019282320323828579,0,0,0,0,sell,True,0,0,-1,0,-358.14237599643104,4469.082550634331,-2014.4827983996556,1638.0308507649968,4469.082550634331,0.0,0.0,1637209.4782100355,10027.844025511517
760,6108.54,6108.54,0,0.0018820006378629408,0,0,0,0,sell,True,0,0,-1,0,-359.14237599643104,4469.082550634331,-1992.3286263364598,1638.0308507649968,4469.082550634331,0.0,0.0,1637209.4782100355,10027.844025511517
761,6130.0,6140.645424224862,6146.792216441303,0.0017366108034032423,0.7270593170012366,4469.082550634331,4.469082550634331,0,buy,False,0,0,0,0,-359.14237599643104,4456.87361321758,-1964.196760509467,1642.499933315631,0.0,0.7270593170012366,4456.87361321758,1641674.0916781193,10027.844025511517
762,6120.0,6112.717764909484,0,0.0011899076945288403,0.7270593170012366,4439.864094773238,4.444308403176414,-29.21845586109248,sell,False,0,0,-1.0,0,-360.14237599643104,4439.864094773238,-1977.3057380616538,1646.9442417188075,4439.864094773238,0.0,0.0,1646118.4000812958,10027.844025511517
763,6135.61,6135.61,0,0.0013214562068506724,0,0,0,0,sell,True,0,0,-1,0,-361.14237599643104,4439.864094773238,-1956.842624102691,1646.9442417188075,4439.864094773238,0.0,0.0,1646118.4000812958,10027.844025511517
764,6129.05,6137.4671361053415,6143.610746852193,0.0013733182312661454,0.7226799153979758,4439.864094773238,4.439864094773238,0,buy,False,0,0,0,0,-361.14237599643104,4429.341335469964,-1965.4421133769247,1651.3841058135806,0.0,0.7226799153979758,4429.341335469964,1650553.8243119742,10027.844025511517
765,6212.62,6212.62,6143.610746852193,0.001429291979806097,0,0,0,0,buy,True,0,0,-1,0,-362.14237599643104,4489.735695999772,-1855.8903879732998,1651.3841058135806,0.0,0.7226799153979758,4489.735695999772,1650553.8243119742,10027.844025511517
766,6191.26,6191.26,6143.610746852193,0.001817190618029462,0,0,0,0,buy,True,0,0,-1,0,-363.14237599643104,4474.299253006872,-1883.8911640247698,1651.3841058135806,0.0,0.7226799153979758,4474.299253006872,1650553.8243119742,10027.844025511517
767,6149.98,6149.98,6143.610746852193,0.0014987251980428263,0,0,0,0,buy,True,0,0,-1,0,-364.14237599643104,4444.467026099243,-1938.0050233601978,1651.3841058135806,0.0,0.7226799153979758,4444.467026099243,1650553.8243119742,10027.844025511517
768,6114.01,6104.956821887382,0,0.0014807267427790064,0.7226799153979758,4407.517749870319,4.411929679549869,-32.346344902919554,sell,False,0,0,-1.0,0,-365.14237599643104,4407.517749870319,-1985.1580156154132,1655.7960354931304,4407.517749870319,0.0,0.0,1654965.753991524,10027.844025511517
769,6082.73,6082.73,0,0.0019379648629232918,0,0,0,0,sell,True,0,0,-1,0,-366.14237599643104,4407.517749870319,-2026.1628973986544,1655.7960354931304,4407.517749870319,0.0,0.0,1654965.753991524,10027.844025511517
770,6096.97,6096.97,0,0.0018371107798395097,0,0,0,0,sell,True,0,0,-1,0,-367.14237599643104,4407.517749870319,-2007.4957133643402,1655.7960354931304,4407.517749870319,0.0,0.0,1654965.753991524,10027.844025511517
