trade_row_loc,original_price,trade_price,avg_buy_price,trade_slippage,trade_amount,trade_total,trade_fee,trade_profit,trade_type,trade_min_trade_penalty,trade_buy_penalty,trade_hold_penalty,trend_reward,profit_reward,overall_reward ,net_worth,benchmark,total_fees,Balance,crypto_holding,crypto_worth,total_volume_traded,highest_net_worth
50,6472.93,6472.93,0,0.0013934339736765557,0,0,0,0,hold,False,0,0,-0.0,0,0.0,10000.0,0.0,0,10000,0,0.0,0,10000
51,6472.01,6472.01,0,0.001210582788216642,0,0,0,0,hold,False,0,0,0.00014213037990524734,0,0.00014213037990524734,10000.0,-1.4213037990521116,0,10000,0,0.0,0,10000
52,6446.85,6446.85,0,0.0019963465477797595,0,0,0,0,hold,False,0,0,0.003887509444515669,0,0.004029639824420917,10000.0,-40.29087291226642,0,10000,0,0.0,0,10000
53,6449.25,6449.25,0,0.001802582528929212,0,0,0,0,hold,False,0,0,-0.00037227483189458975,0,0.003657364992526327,10000.0,-36.583123871261705,0,10000,0,0.0,0,10000
54,6460.12,6460.12,0,0.0014239682778593758,0,0,0,0,hold,False,0,0,-0.001685467302399487,0,0.00197189769012684,10000.0,-19.790110506370183,0,10000,0,0.0,0,10000
55,6452.84,6452.84,0,0.0019191347536881656,0,0,0,0,hold,False,0,0,0.0011269140511321377,0,0.0030988117412589777,10000.0,-31.036949264089344,0,10000,0,0.0,0,10000
56,6467.94,6467.94,0,0.0016163278592388592,0,0,0,0,hold,False,0,0,-0.0023400549215538357,0,0.0007587568197051421,10000.0,-7.709028214425416,0,10000,0,0.0,0,10000
57,6475.34,6475.34,0,0.0017586286905683498,0,0,0,0,hold,False,0,0,-0.0011441046144522902,0,-0.00038534779474714816,10000.0,3.723197995343071,0,10000,0,0.0,0,10000
58,6464.84,6464.84,0,0.0013889969708094413,0,0,0,0,hold,False,0,0,0.0016215364753047717,0,0.0012361886805576235,10000.0,-12.49820405905848,0,10000,0,0.0,0,10000
59,6473.15,6473.15,0,0.0017363463101522133,0,0,0,0,sell,True,0,0,-1,0,-0.9987638113194424,10000.0,0.339876995425584,0,10000,0,0.0,0.0,10000
60,6473.4,6473.4,0,0.0013939992100446713,0,0,0,0,hold,False,0,0,-3.862107320238215e-05,0,-0.9988024323926448,10000.0,0.7261008538625902,0,10000,0,0.0,0.0,10000
61,6450.78,6450.78,0,0.001037011433400501,0,0,0,0,hold,False,0,0,0.003494299749745094,0,-0.9953081326428996,10000.0,-34.21943385761915,0,10000,0,0.0,0.0,10000
62,6439.94,6451.088991613469,6457.5465381516215,0.0017312260073027506,1.5485757541071248,10000.0,10.0,0,buy,False,0,0,0,0,-0.9953081326428996,9972.734941904637,-50.96610035949743,10.0,0.0,1.5485757541071248,9972.734941904637,9990.0,10000
63,6448.12,6448.12,6457.5465381516215,0.0012615228393147342,0,0,0,0,hold,False,0,0,0.0012701981695481571,0,-0.9940379344733514,9985.402291573233,-38.32885571140105,10.0,0.0,1.5485757541071248,9985.402291573233,9990.0,10000
64,6456.16,6456.16,6457.5465381516215,0.001824113911657654,0,0,0,0,hold,False,0,0,0.0012468750581565331,0,-0.9927910594151949,9997.852840636255,-25.907896424030696,10.0,0.0,1.5485757541071248,9997.852840636255,9990.0,10000
65,6460.21,6460.21,6457.5465381516215,0.0018321487994277194,0,0,0,0,hold,False,0,0,0.0006273078734108451,0,-0.992163751541784,10004.124572440389,-19.65106991733228,10.0,0.0,1.5485757541071248,10004.124572440389,9990.0,10000
66,6462.01,6462.01,6457.5465381516215,0.0012314885725878124,0,0,0,0,hold,False,0,0,0.0002786287133081733,0,-0.9918851228284759,10006.912008797783,-16.87025813657783,10.0,0.0,1.5485757541071248,10006.912008797783,9990.0,10004.124572440389
67,6468.99,6468.99,6457.5465381516215,0.001035480705012098,0,0,0,0,hold,False,0,0,0.0010801592693294442,0,-0.9908049635591464,10017.72106756145,-6.086888008985625,10.0,0.0,1.5485757541071248,10017.72106756145,9990.0,10006.912008797783
68,6463.01,6463.01,6457.5465381516215,0.0018075876972653063,0,0,0,0,hold,False,0,0,-0.0009244101474882501,0,-0.9917293737066346,10008.460584551889,-15.32536270282435,10.0,0.0,1.5485757541071248,10008.460584551889,9990.0,10017.72106756145
69,6465.0,6465.0,6457.5465381516215,0.0013927790611443314,0,0,0,0,hold,False,0,0,0.0003079060685346106,0,-0.9914214676381,10011.542250302562,-12.25102078965756,10.0,0.0,1.5485757541071248,10011.542250302562,9990.0,10017.72106756145
70,6460.0,6460.0,6457.5465381516215,0.0016001245916415084,0,0,0,0,hold,False,0,0,-0.0007733952049497423,0,-0.9921948628430498,10003.799371532026,-19.97549795842133,10.0,0.0,1.5485757541071248,10003.799371532026,9990.0,10017.72106756145
71,6448.38,6448.38,6457.5465381516215,0.0015121628665268887,0,0,0,0,hold,False,0,0,-0.0017987616099070475,0,-0.9939936244529568,9985.804921269302,-37.92718289862569,10.0,0.0,1.5485757541071248,9985.804921269302,9990.0,10017.72106756145
72,6458.2,6458.2,6457.5465381516215,0.0011890947514967918,0,0,0,0,hold,False,0,0,0.0015228631067026033,0,-0.9924707613462542,10001.011935174633,-22.756309739175776,10.0,0.0,1.5485757541071248,10001.011935174633,9990.0,10017.72106756145
73,6459.99,6459.99,6457.5465381516215,0.0018131875693913199,0,0,0,0,hold,False,0,0,0.0002771670124802885,0,-0.992193594333774,10003.783885774485,-19.990946912757863,10.0,0.0,1.5485757541071248,10003.783885774485,9990.0,10017.72106756145
74,6464.67,6464.67,6457.5465381516215,0.001973796016709872,0,0,0,0,hold,False,0,0,0.0007244593257884872,0,-0.9914691350079855,10011.031220303707,-12.760836282795935,10.0,0.0,1.5485757541071248,10011.031220303707,9990.0,10017.72106756145
75,6464.34,6453.54956582141,0,0.00166922441867074,1.5485757541071248,9983.816575174038,9.993810385559598,-16.183424825961993,sell,False,0,0,-1.0,0,-1.9914691350079856,9983.816575174038,-13.270651775934311,19.9938103855596,9983.816575174038,0.0,0.0,19983.8103855596,10017.72106756145
76,6473.92,6482.317439863927,6488.806246110036,0.0012971182628031901,1.538621465413491,9983.816575174038,9.983816575174039,0,buy,False,0,0,0,0,-1.9914691350079856,9960.912277369709,1.5294464794151281,29.977626960733637,0.0,1.538621465413491,9960.912277369709,29957.643144158465,10017.72106756145
77,6498.53,6498.53,6488.806246110036,0.0014514300025075025,0,0,0,0,hold,False,0,0,0.0038014062577231516,0,-1.9876677287502624,9998.777751633534,39.54932310406548,29.977626960733637,0.0,1.538621465413491,9998.777751633534,29957.643144158465,10017.72106756145
78,6481.78,6481.78,6488.806246110036,0.0017068923987412221,0,0,0,0,hold,False,0,0,-0.0025775059898161565,0,-1.9902452347400785,9973.005842087858,13.672324588709671,29.977626960733637,0.0,1.538621465413491,9973.005842087858,29957.643144158465,10017.72106756145
79,6471.72,6471.72,6488.806246110036,0.0012010555308127472,0,0,0,0,hold,False,0,0,-0.0015520428030571035,0,-1.9917972775431356,9957.527310145799,-1.8693234748407122,29.977626960733637,0.0,1.538621465413491,9957.527310145799,29957.643144158465,10017.72106756145
80,6485.15,6485.15,6488.806246110036,0.001742336847808175,0,0,0,0,hold,False,0,0,0.002075182486263252,0,-1.9897220950568724,9978.190996426301,18.878622200456448,29.977626960733637,0.0,1.538621465413491,9978.190996426301,29957.643144158465,10017.72106756145
81,6484.64,6484.64,6488.806246110036,0.0010174763332504771,0,0,0,0,hold,False,0,0,-7.864120336446227e-05,0,-1.9898007362602368,9977.406299478942,18.090725529242263,29.977626960733637,0.0,1.538621465413491,9977.406299478942,29957.643144158465,10017.72106756145
82,6485.81,6485.81,6488.806246110036,0.0013489089504431684,0,0,0,0,hold,False,0,0,0.00018042636137083175,0,-1.989620309898866,9979.206486593475,19.8982531867332,29.977626960733637,0.0,1.538621465413491,9979.206486593475,29957.643144158465,10017.72106756145
83,6496.27,6496.27,6488.806246110036,0.0013164877778910982,0,0,0,0,hold,False,0,0,0.0016127515298782992,0,-1.9880075583689878,9995.3004671217,36.057859423784976,29.977626960733637,0.0,1.538621465413491,9995.3004671217,29957.643144158465,10017.72106756145
84,6489.0,6489.0,6488.806246110036,0.0019169799360791715,0,0,0,0,hold,False,0,0,-0.0011191037318339424,0,-1.9891266621008217,9984.114689068143,24.82646962040417,29.977626960733637,0.0,1.538621465413491,9984.114689068143,29957.643144158465,10017.72106756145
85,6494.92,6494.92,6488.806246110036,0.0011184518329089286,0,0,0,0,hold,False,0,0,0.0009123131453228667,0,-1.9882143489554989,9993.223328143391,33.97225058821823,29.977626960733637,0.0,1.538621465413491,9993.223328143391,29957.643144158465,10017.72106756145
86,6491.36,6491.36,6488.806246110036,0.0012464792867066202,0,0,0,0,hold,False,0,0,-0.0005481206850893007,0,-1.9887624696405881,9987.745835726519,28.47242284405911,29.977626960733637,0.0,1.538621465413491,9987.745835726519,29957.643144158465,10017.72106756145
87,6479.87,6479.87,6488.806246110036,0.0012162168545545298,0,0,0,0,hold,False,0,0,-0.0017700451061101882,0,-1.9905325147466983,9970.067075088919,10.721574310242431,29.977626960733637,0.0,1.538621465413491,9970.067075088919,29957.643144158465,10017.72106756145
88,6488.53,6488.53,6488.806246110036,0.0016652065954460185,0,0,0,0,hold,False,0,0,0.0013364465645144244,0,-1.9891960681821839,9983.3915369794,24.10036876653976,29.977626960733637,0.0,1.538621465413491,9983.3915369794,29957.643144158465,10017.72106756145
89,6490.55,6490.55,6488.806246110036,0.0013429477836807335,0,0,0,0,hold,False,0,0,0.0003113185883398118,0,-1.988884749593844,9986.499552339536,27.22105754271979,29.977626960733637,0.0,1.538621465413491,9986.499552339536,29957.643144158465,10017.72106756145
90,6500.0,6500.0,6488.806246110036,0.0015975898969484829,0,0,0,0,hold,False,0,0,0.0014559628999082838,0,-1.9874287866939357,10001.039525187693,41.82031939168155,29.977626960733637,0.0,1.538621465413491,10001.039525187693,29957.643144158465,10017.72106756145
91,6519.11,6519.11,6488.806246110036,0.0013010320412008786,0,0,0,0,hold,False,0,0,0.002939999999999979,0,-1.9844887866939358,10030.442581391744,71.3432711306923,29.977626960733637,0.0,1.538621465413491,10030.442581391744,29957.643144158465,10017.72106756145
92,6563.58,6563.58,6488.806246110036,0.001239293224847608,0,0,0,0,hold,False,0,0,0.006821483300634621,0,-1.9776673033933012,10098.865077958682,140.04477106966988,29.977626960733637,0.0,1.538621465413491,10098.865077958682,29957.643144158465,10030.442581391744
93,6595.04,6595.04,6488.806246110036,0.0011386296842961208,0,0,0,0,hold,False,0,0,0.004793115951965097,0,-1.972874187441336,10147.27010926059,188.64718141552657,29.977626960733637,0.0,1.538621465413491,10147.27010926059,29957.643144158465,10098.865077958682
94,6577.96,6567.580820668375,0,0.0015778720654466235,1.538621465413491,10094.915805691795,10.105020826518315,111.09923051775695,sell,False,0,0,-1.0,0,-2.9728741874413362,10094.915805691795,162.2603674070324,40.08264778725195,10094.915805691795,0.0,0.0,40062.663970676775,10147.27010926059
95,6580.0,6580.0,0,0.0010758954509245229,0,0,0,0,hold,False,0,0,-0.00031012654379168673,0,-2.973184313985128,10094.915805691795,165.4119540918873,40.08264778725195,10094.915805691795,0.0,0.0,40062.663970676775,10147.27010926059
96,6567.26,6567.26,0,0.0011196561010906841,0,0,0,0,hold,False,0,0,0.0019361702127659243,0,-2.971248143772362,10094.915805691795,145.72998626588014,40.08264778725195,10094.915805691795,0.0,0.0,40062.663970676775,10147.27010926059
97,6568.15,6568.15,0,0.0011625762746464434,0,0,0,0,hold,False,0,0,-0.0001355207499016969,0,-2.9713836645222638,10094.915805691795,147.104943201919,40.08264778725195,10094.915805691795,0.0,0.0,40062.663970676775,10147.27010926059
98,6568.58,6568.58,0,0.001496385509049284,0,0,0,0,hold,False,0,0,-6.546744517105898e-05,0,-2.971449131967435,10094.915805691795,147.76924823843365,40.08264778725195,10094.915805691795,0.0,0.0,40062.663970676775,10147.27010926059
99,6581.97,6581.97,0,0.0015978849336953588,0,0,0,0,hold,False,0,0,-0.0020384923377655944,0,-2.9734876243052004,10094.915805691795,168.4553980963792,40.08264778725195,10094.915805691795,0.0,0.0,40062.663970676775,10147.27010926059
100,6590.02,6600.212293130556,6606.819112242799,0.001546625523223829,1.5279540175370265,10094.915805691795,10.094915805691794,0,buy,False,0,0,0,0,-2.9734876243052004,10069.247534649356,180.89180633808792,50.17756359294374,0.0,1.5279540175370265,10069.247534649356,50147.48486056288,10147.27010926059
101,6587.2,6587.2,6606.819112242799,0.001685692992698101,0,0,0,0,hold,False,0,0,-0.0004279197938702132,0,-2.9739155440990706,10064.9387043199,176.5352012149051,50.17756359294374,0.0,1.5279540175370265,10064.9387043199,50147.48486056288,10147.27010926059
102,6574.5,6574.5,6606.819112242799,0.001822105553896519,0,0,0,0,hold,False,0,0,-0.0019279815399562347,0,-2.9758435256390268,10045.53368829718,156.9150292062477,50.17756359294374,0.0,1.5279540175370265,10045.53368829718,50147.48486056288,10147.27010926059
103,6575.01,6575.01,6606.819112242799,0.0017686447216848132,0,0,0,0,hold,False,0,0,7.757243896888795e-05,0,-2.975765953200058,10046.312944846126,157.7029258774619,50.17756359294374,0.0,1.5279540175370265,10046.312944846126,50147.48486056288,10147.27010926059
104,6575.65,6575.65,6606.819112242799,0.0018584328629822752,0,0,0,0,hold,False,0,0,9.733825499876393e-05,0,-2.975668614945059,10047.290835417349,158.69165895506376,50.17756359294374,0.0,1.5279540175370265,10047.290835417349,50147.48486056288,10147.27010926059
105,6576.0,6576.0,6606.819112242799,0.0018982011534868282,0,0,0,0,hold,False,0,0,5.322667721060391e-05,0,-2.9756153882678484,10047.825619323487,159.23237235687702,50.17756359294374,0.0,1.5279540175370265,10047.825619323487,50147.48486056288,10147.27010926059
106,6552.13,6552.13,6606.819112242799,0.0019762218021250728,0,0,0,0,hold,False,0,0,-0.003629866180048681,0,-2.979245254447897,10011.353356924878,122.35571835320297,50.17756359294374,0.0,1.5279540175370265,10011.353356924878,50147.48486056288,10147.27010926059
107,6547.96,6547.96,6606.819112242799,0.0011939325889179977,0,0,0,0,buy,True,0,0,-1,0,-3.979245254447897,10004.981788671748,115.91350439445523,50.17756359294374,0.0,1.5279540175370265,10004.981788671748,50147.48486056288,10147.27010926059
108,6575.59,6575.59,6606.819112242799,0.0016053172259464584,0,0,0,0,hold,False,0,0,0.004219634817561456,0,-3.9750256196303355,10047.199158176296,158.5989652290391,50.17756359294374,0.0,1.5279540175370265,10047.199158176296,50147.48486056288,10147.27010926059
109,6585.8,6585.8,6606.819112242799,0.0010626335976243353,0,0,0,0,hold,False,0,0,0.0015527123801818688,0,-3.973472907250154,10062.799568695349,174.37234760765205,50.17756359294374,0.0,1.5279540175370265,10062.799568695349,50147.48486056288,10147.27010926059
110,6577.0,6577.0,6606.819112242799,0.0017947877899411203,0,0,0,0,hold,False,0,0,-0.0013362082055331773,0,-3.974809115455687,10049.353573341023,160.77726779062868,50.17756359294374,0.0,1.5279540175370265,10049.353573341023,50147.48486056288,10147.27010926059
111,6570.0,6570.0,6606.819112242799,0.0012353362141686445,0,0,0,0,hold,False,0,0,-0.0010643150372509264,0,-3.9758734304929377,10038.657895218264,149.9629997543616,50.17756359294374,0.0,1.5279540175370265,10038.657895218264,50147.48486056288,10147.27010926059
112,6574.13,6574.13,6606.819112242799,0.0013102489269597906,0,0,0,0,hold,False,0,0,0.0006286149162860919,0,-3.9752448155766515,10044.968345310692,156.34341789575956,50.17756359294374,0.0,1.5279540175370265,10044.968345310692,50147.48486056288,10147.27010926059
113,6579.64,6579.64,6606.819112242799,0.0017374746341212262,0,0,0,0,hold,False,0,0,0.0008381337150315425,0,-3.97440668186162,10053.387371947321,164.8557917357375,50.17756359294374,0.0,1.5279540175370265,10053.387371947321,50147.48486056288,10147.27010926059
114,6575.92,6575.92,6606.819112242799,0.001917829300462746,0,0,0,0,hold,False,0,0,-0.0005653804767434867,0,-3.9749720623383635,10047.703383002083,159.10878072217747,50.17756359294374,0.0,1.5279540175370265,10047.703383002083,50147.48486056288,10147.27010926059
115,6578.46,6578.46,6606.819112242799,0.001008257460776463,0,0,0,0,hold,False,0,0,0.00038625774036179605,0,-3.974585804598002,10051.584386206627,163.03281512390822,50.17756359294374,0.0,1.5279540175370265,10051.584386206627,50147.48486056288,10147.27010926059
116,6579.55,6579.55,6606.819112242799,0.001919978160128342,0,0,0,0,hold,False,0,0,0.00016569227448387237,0,-3.974420112323518,10053.249856085744,164.7167511466996,50.17756359294374,0.0,1.5279540175370265,10053.249856085744,50147.48486056288,10147.27010926059
117,6561.1,6561.1,6606.819112242799,0.0014234936277697798,0,0,0,0,hold,False,0,0,-0.002804143140488392,0,-3.9772242554640065,10025.059104462185,136.2134303939638,50.17756359294374,0.0,1.5279540175370265,10025.059104462185,50147.48486056288,10147.27010926059
118,6512.6,6512.6,6606.819112242799,0.0016244863314187556,0,0,0,0,hold,False,0,0,-0.007392053161817267,0,-3.984616308625824,9950.95333461164,61.2860018569645,50.17756359294374,0.0,1.5279540175370265,9950.95333461164,50147.48486056288,10147.27010926059
119,6511.08,6511.08,6606.819112242799,0.0015350946132564136,0,0,0,0,hold,False,0,0,-0.00023339372907926257,0,-3.984849702354903,9948.630844504982,58.9377607976603,50.17756359294374,0.0,1.5279540175370265,9948.630844504982,50147.48486056288,10147.27010926059
120,6533.64,6533.64,6606.819112242799,0.0011838093166290748,0,0,0,0,hold,False,0,0,0.0034648629720416715,0,-3.9813848393828617,9983.101487140619,93.7906017831192,50.17756359294374,0.0,1.5279540175370265,9983.101487140619,50147.48486056288,10147.27010926059
121,6522.65,6522.65,6606.819112242799,0.001633732700613813,0,0,0,0,hold,False,0,0,-0.0016820639031229806,0,-3.9830669032859847,9966.309272487886,76.81220096617653,50.17756359294374,0.0,1.5279540175370265,9966.309272487886,50147.48486056288,10147.27010926059
122,6529.09,6529.09,6606.819112242799,0.0012205837084763355,0,0,0,0,hold,False,0,0,0.0009873287697485598,0,-3.982079574516236,9976.149296360825,86.76132755954495,50.17756359294374,0.0,1.5279540175370265,9976.149296360825,50147.48486056288,10147.27010926059
123,6536.31,6536.31,6606.819112242799,0.0017635385085543343,0,0,0,0,hold,False,0,0,0.0011058202597911179,0,-3.980973754256445,9987.181124367442,97.91547259123763,50.17756359294374,0.0,1.5279540175370265,9987.181124367442,50147.48486056288,10147.27010926059
124,6525.25,6525.25,6606.819112242799,0.0012609203725966042,0,0,0,0,hold,False,0,0,-0.0016920862076614633,0,-3.982665840464106,9970.281952933483,80.82892909393377,50.17756359294374,0.0,1.5279540175370265,9970.281952933483,50147.48486056288,10147.27010926059
125,6531.41,6531.41,6606.819112242799,0.0012131924943918032,0,0,0,0,hold,False,0,0,0.0009440251331366311,0,-3.9817218153309697,9979.69414968151,90.34548496585012,50.17756359294374,0.0,1.5279540175370265,9979.69414968151,50147.48486056288,10147.27010926059
126,6539.09,6539.09,6606.819112242799,0.00156487078168758,0,0,0,0,buy,True,0,0,-1,0,-4.981721815330969,9991.428836536195,102.21028189707067,50.17756359294374,0.0,1.5279540175370265,9991.428836536195,50147.48486056288,10147.27010926059
127,6527.34,6527.34,6606.819112242799,0.0011594113851232041,0,0,0,0,hold,False,0,0,-0.0017968861110644813,0,-4.9835187014420335,9973.475376830134,84.05776055047681,50.17756359294374,0.0,1.5279540175370265,9973.475376830134,50147.48486056288,10147.27010926059
128,6547.0,6547.0,6606.819112242799,0.0018420357147214557,0,0,0,0,hold,False,0,0,0.003011946673530103,0,-4.980506754768504,10003.514952814912,114.43040477805334,50.17756359294374,0.0,1.5279540175370265,10003.514952814912,50147.48486056288,10147.27010926059
129,6551.73,6551.73,6606.819112242799,0.0017152859764275892,0,0,0,0,hold,False,0,0,0.0007224683060943907,0,-4.97978428646241,10010.742175317862,121.73776017970158,50.17756359294374,0.0,1.5279540175370265,10010.742175317862,50147.48486056288,10147.27010926059
130,6556.01,6556.01,6606.819112242799,0.0017033435112939837,0,0,0,0,hold,False,0,0,0.0006532625733967373,0,-4.979131023889013,10017.281818512922,128.34991263616394,50.17756359294374,0.0,1.5279540175370265,10017.281818512922,50147.48486056288,10147.27010926059
131,6539.01,6539.01,6606.819112242799,0.001073404713175449,0,0,0,0,hold,False,0,0,-0.0025930405841358456,0,-4.981724064473149,9991.306600214792,102.0866902623693,50.17756359294374,0.0,1.5279540175370265,9991.306600214792,50147.48486056288,10147.27010926059
132,6501.28,6501.28,6606.819112242799,0.0010546053366356201,0,0,0,0,hold,False,0,0,-0.005769986588183881,0,-4.987494051061333,9933.65689513312,43.79778554688528,50.17756359294374,0.0,1.5279540175370265,9933.65689513312,50147.48486056288,10147.27010926059
133,6496.19,6496.19,6606.819112242799,0.001530669956083221,0,0,0,0,hold,False,0,0,-0.0007829227475204804,0,-4.988276973808853,9925.879609183856,35.934267789083606,50.17756359294374,0.0,1.5279540175370265,9925.879609183856,50147.48486056288,10147.27010926059
134,6492.98,6492.98,6606.819112242799,0.0014989233967732311,0,0,0,0,hold,False,0,0,-0.0004941357934419346,0,-4.988771109602295,9920.974876787563,30.97515344673775,50.17756359294374,0.0,1.5279540175370265,9920.974876787563,50147.48486056288,10147.27010926059
135,6495.72,6495.72,6606.819112242799,0.001006175665452415,0,0,0,0,hold,False,0,0,0.0004219942152909849,0,-4.988349115387004,9925.161470795614,35.208166935221016,50.17756359294374,0.0,1.5279540175370265,9925.161470795614,50147.48486056288,10147.27010926059
136,6495.38,6495.38,6606.819112242799,0.0010641902114281346,0,0,0,0,hold,False,0,0,-5.234215760529121e-05,0,-4.98840145754461,9924.641966429652,34.682902487744286,50.17756359294374,0.0,1.5279540175370265,9924.641966429652,50147.48486056288,10147.27010926059
137,6504.04,6504.04,6606.819112242799,0.0018610461264438364,0,0,0,0,hold,False,0,0,0.0013332553291723476,0,-4.987068202215437,9937.874048221522,48.061696944041614,50.17756359294374,0.0,1.5279540175370265,9937.874048221522,50147.48486056288,10147.27010926059
138,6474.93,6474.93,6606.819112242799,0.0016987648014523385,0,0,0,0,hold,False,0,0,-0.004475679731366945,0,-4.991543881946804,9893.395306771019,3.089790867505144,50.17756359294374,0.0,1.5279540175370265,9893.395306771019,50147.48486056288,10147.27010926059
139,6479.84,6479.84,6606.819112242799,0.0017459193787461853,0,0,0,0,hold,False,0,0,0.0007583093562401389,0,-4.990785572590563,9900.897560997126,10.67522744723101,50.17756359294374,0.0,1.5279540175370265,9900.897560997126,50147.48486056288,10147.27010926059
140,6476.93,6476.93,6606.819112242799,0.001837029491575685,0,0,0,0,hold,False,0,0,-0.00044908516259660426,0,-4.99123465775316,9896.451214806093,6.179581735010288,50.17756359294374,0.0,1.5279540175370265,9896.451214806093,50147.48486056288,10147.27010926059
141,6484.76,6477.694292802733,0,0.001089586537862269,1.5279540175370265,9887.721400045539,9.897619019064603,-207.1944056462562,sell,False,0,0,-1.0,0,-5.99123465775316,9887.721400045539,18.27611298129341,60.07518261200835,9887.721400045539,0.0,0.0,60045.10387962748,10147.27010926059
142,6477.96,6477.96,0,0.0013550858690666394,0,0,0,0,hold,False,0,0,0.001048612439010878,0,-5.990186045314149,9887.721400045539,7.7708240317751915,60.07518261200835,9887.721400045539,0.0,0.0,60045.10387962748,10147.27010926059
143,6486.84,6499.771949409495,6506.278227637133,0.0019935668845686783,1.519720038722727,9887.721400045539,9.887721400045539,0,buy,False,0,0,0,0,-5.990186045314149,9858.180735988135,21.489495483498104,69.96290401205388,0.0,1.519720038722727,9858.180735988135,69922.93755827297,10147.27010926059
144,6491.99,6491.99,6506.278227637133,0.001730122184498265,0,0,0,0,hold,False,0,0,0.0007939150649622807,0,-5.989392130249187,9866.007294187557,29.44570696732262,69.96290401205388,0.0,1.519720038722727,9866.007294187557,69922.93755827297,10147.27010926059
145,6493.5,6493.5,6506.278227637133,0.0019408112876434587,0,0,0,0,hold,False,0,0,0.0002325943200774053,0,-5.98915953592911,9868.302071446027,31.778499072290288,69.96290401205388,0.0,1.519720038722727,9868.302071446027,69922.93755827297,10147.27010926059
146,6497.0,6484.108797842583,0,0.001984177644669366,1.519720038722727,9844.176043266365,9.854030073339706,-43.545356779173744,sell,False,0,0,-1.0,0,-6.98915953592911,9844.176043266365,37.185633090424744,79.81693408539358,9844.176043266365,0.0,0.0,79776.96763161267,10147.27010926059
147,6499.27,6499.27,0,0.0014563931101357853,0,0,0,0,hold,False,0,0,-0.0003493920270894931,0,-6.9895089279562,9844.176043266365,40.6925457250436,79.81693408539358,9844.176043266365,0.0,0.0,79776.96763161267,10147.27010926059
148,6495.37,6495.37,0,0.0017178784824610589,0,0,0,0,hold,False,0,0,0.0006000673921841292,0,-6.988908860564016,9844.176043266365,34.66745353340775,79.81693408539358,9844.176043266365,0.0,0.0,79776.96763161267,10147.27010926059
149,6437.02,6437.02,0,0.0013564712003568853,0,0,0,0,hold,False,0,0,0.008983321966262038,0,-6.979925538597754,9844.176043266365,-55.47719502605469,79.81693408539358,9844.176043266365,0.0,0.0,79776.96763161267,10147.27010926059
150,6435.0,6435.0,0,0.001430566430282983,0,0,0,0,hold,False,0,0,0.00031380980640116645,0,-6.979611728791353,9844.176043266365,-58.59788380223472,79.81693408539358,9844.176043266365,0.0,0.0,79776.96763161267,10147.27010926059
151,6428.91,6428.91,0,0.0016424506283988583,0,0,0,0,hold,False,0,0,0.000946386946386969,0,-6.978665341844966,9844.176043266365,-68.00629699378806,79.81693408539358,9844.176043266365,0.0,0.0,79776.96763161267,10147.27010926059
152,6439.0,6439.0,0,0.0011832484398393382,0,0,0,0,hold,False,0,0,-0.001569472896649688,0,-6.980234814741616,9844.176043266365,-52.41830206722443,79.81693408539358,9844.176043266365,0.0,0.0,79776.96763161267,10147.27010926059
153,6436.37,6436.37,0,0.001089285582876805,0,0,0,0,sell,True,0,0,-1,0,-7.980234814741616,9844.176043266365,-56.481377057994905,79.81693408539358,9844.176043266365,0.0,0.0,79776.96763161267,10147.27010926059
154,6417.68,6417.68,0,0.0017772015883905368,0,0,0,0,hold,False,0,0,0.0029038106883227037,0,-7.977331004053293,9844.176043266365,-85.35547271482938,79.81693408539358,9844.176043266365,0.0,0.0,79776.96763161267,10147.27010926059
155,6429.89,6429.89,0,0.0010086602116265763,0,0,0,0,hold,False,0,0,-0.0019025566871517488,0,-7.979233560740445,9844.176043266365,-66.49229946870946,79.81693408539358,9844.176043266365,0.0,0.0,79776.96763161267,10147.27010926059
156,6435.84,6435.84,0,0.0017844654391724363,0,0,0,0,hold,False,0,0,-0.0009253657527577949,0,-7.9801589264932025,9844.176043266365,-57.30017163788216,79.81693408539358,9844.176043266365,0.0,0.0,79776.96763161267,10147.27010926059
157,6438.98,6438.98,0,0.0017781060182095825,0,0,0,0,hold,False,0,0,-0.00048789280031812755,0,-7.98064681929352,9844.176043266365,-52.44919997590114,79.81693408539358,9844.176043266365,0.0,0.0,79776.96763161267,10147.27010926059
158,6426.32,6434.055953635426,6440.496450085512,0.0012037921602762167,1.5284809361451728,9844.176043266365,9.844176043266366,0,buy,False,0,0,0,0,-7.98064681929352,9822.507609568447,-72.00757616720693,89.66111012865994,0.0,1.5284809361451728,9822.507609568447,89611.29949883577,10147.27010926059
159,6434.03,6434.03,6440.496450085512,0.0016290886506710929,0,0,0,0,hold,False,0,0,0.001199753513675003,0,-7.979447065779845,9834.292197586126,-60.09643237297496,89.66111012865994,0.0,1.5284809361451728,9834.292197586126,89611.29949883577,10147.27010926059
160,6429.38,6429.38,6440.496450085512,0.0018163850644248832,0,0,0,0,hold,False,0,0,-0.0007227196640363936,0,-7.980169785443882,9827.184761233051,-67.28019613992365,89.66111012865994,0.0,1.5284809361451728,9827.184761233051,89611.29949883577,10147.27010926059
161,6416.21,6416.21,6440.496450085512,0.0011940740824680348,0,0,0,0,hold,False,0,0,-0.0020484090223318887,0,-7.982218194466213,9807.054667304019,-87.62646900244545,89.66111012865994,0.0,1.5284809361451728,9807.054667304019,89611.29949883577,10147.27010926059
162,6418.56,6407.602053469636,0,0.0017072281836368248,1.5284809361451728,9784.103687547868,9.793897585133001,-60.07235571849742,sell,False,0,0,-1.0,0,-8.982218194466213,9784.103687547868,-83.99596473312704,99.45500771379294,9784.103687547868,0.0,0.0,99405.19708396877,10147.27010926059
163,6419.99,6419.99,0,0.0012707263807055446,0,0,0,0,hold,False,0,0,-0.00022279140492561907,0,-8.98244098587114,9784.103687547868,-81.78676426286074,99.45500771379294,9784.103687547868,0.0,0.0,99405.19708396877,10147.27010926059
164,6425.69,6425.69,0,0.0016335214704085747,0,0,0,0,hold,False,0,0,-0.0008878518502364986,0,-8.983328837721377,9784.103687547868,-72.98086029047226,99.45500771379294,9784.103687547868,0.0,0.0,99405.19708396877,10147.27010926059
165,6431.01,6442.9535649614745,6449.4029679294035,0.001857183391329491,1.5170557237934659,9784.103687547868,9.784103687547868,0,buy,False,0,0,0,0,-8.983328837721377,9756.200530273018,-64.76201658290665,109.23911140134081,0.0,1.5170557237934659,9756.200530273018,109179.5166678291,10147.27010926059
166,6428.75,6428.75,6449.4029679294035,0.001410184086361045,0,0,0,0,hold,False,0,0,-0.0003514222493824002,0,-8.98368025997076,9752.771984337243,-68.25348026318898,109.23911140134081,0.0,1.5170557237934659,9752.771984337243,109179.5166678291,10147.27010926059
167,6434.69,6434.69,6449.4029679294035,0.0019483713164425026,0,0,0,0,hold,False,0,0,0.00092397433404622,0,-8.982756285636713,9761.783295336576,-59.07680138669821,109.23911140134081,0.0,1.5170557237934659,9761.783295336576,109179.5166678291,10147.27010926059
168,6454.0,6454.0,6449.4029679294035,0.0014085007865289295,0,0,0,0,hold,False,0,0,0.0030009215673172033,0,-8.979755364069396,9791.077641363028,-29.24487056093676,109.23911140134081,0.0,1.5170557237934659,9791.077641363028,109179.5166678291,10147.27010926059
169,6450.01,6450.01,6449.4029679294035,0.0010090932528002306,0,0,0,0,hold,False,0,0,-0.0006182212581343736,0,-8.98037358532753,9785.024589025094,-35.409003341608695,109.23911140134081,0.0,1.5170557237934659,9785.024589025094,109179.5166678291,10147.27010926059
170,6427.91,6427.91,6449.4029679294035,0.0012476614883162114,0,0,0,0,hold,False,0,0,-0.0034263512769748907,0,-8.983799936604505,9751.497657529257,-69.55119242754154,109.23911140134081,0.0,1.5170557237934659,9751.497657529257,109179.5166678291,10147.27010926059
171,6445.89,6445.89,6449.4029679294035,0.001363023523421449,0,0,0,0,hold,False,0,0,0.002797176687290361,0,-8.981002759917216,9778.774319443064,-41.77397252866831,109.23911140134081,0.0,1.5170557237934659,9778.774319443064,109179.5166678291,10147.27010926059
172,6435.98,6435.98,6449.4029679294035,0.0013217347292706664,0,0,0,0,hold,False,0,0,-0.001537413762878551,0,-8.982540173680094,9763.740297220269,-57.083886277157944,109.23911140134081,0.0,1.5170557237934659,9763.740297220269,109179.5166678291,10147.27010926059
173,6438.93,6438.93,6449.4029679294035,0.0011892592720494626,0,0,0,0,hold,False,0,0,0.00045836065370012934,0,-8.982081813026394,9768.215611605461,-52.52644474758745,109.23911140134081,0.0,1.5170557237934659,9768.215611605461,109179.5166678291,10147.27010926059
174,6431.14,6431.14,6449.4029679294035,0.0017035779298335617,0,0,0,0,hold,False,0,0,-0.0012098283410441999,0,-8.983291641367439,9756.39774751711,-64.56118017651897,109.23911140134081,0.0,1.5170557237934659,9756.39774751711,109179.5166678291,10147.27010926059
175,6450.08,6450.08,6449.4029679294035,0.0016250935798685323,0,0,0,0,hold,False,0,0,0.002945045512926143,0,-8.980346595854513,9785.130782925758,-35.30086066124568,109.23911140134081,0.0,1.5170557237934659,9785.130782925758,109179.5166678291,10147.27010926059
176,6455.49,6455.49,6449.4029679294035,0.0013160598479657311,0,0,0,0,hold,False,0,0,0.0008387492868305297,0,-8.979507846567683,9793.338054391481,-26.9429763646458,109.23911140134081,0.0,1.5170557237934659,9793.338054391481,109179.5166678291,10147.27010926059
177,6457.65,6457.65,6449.4029679294035,0.0015909340223164634,0,0,0,0,hold,False,0,0,0.0003345989227772352,0,-8.979173247644907,9796.614894754874,-23.606002227739737,109.23911140134081,0.0,1.5170557237934659,9796.614894754874,109179.5166678291,10147.27010926059
178,6458.15,6458.15,6449.4029679294035,0.0015936067264614414,0,0,0,0,hold,False,0,0,7.742754717277716e-05,0,-8.979095820097735,9797.37342261677,-22.833554510863905,109.23911140134081,0.0,1.5170557237934659,9797.37342261677,109179.5166678291,10147.27010926059
179,6452.22,6452.22,6449.4029679294035,0.0010255014424412178,0,0,0,0,hold,False,0,0,-0.000918219613975985,0,-8.98001403971171,9788.377282174677,-31.9947844330145,109.23911140134081,0.0,1.5170557237934659,9788.377282174677,109179.5166678291,10147.27010926059
180,6464.01,6464.01,6449.4029679294035,0.0012594191817415234,0,0,0,0,hold,False,0,0,0.0018272780531351388,0,-8.978186761658575,9806.263369158201,-13.780467269072687,109.23911140134081,0.0,1.5170557237934659,9806.263369158201,109179.5166678291,10147.27010926059
181,6458.9,6458.9,6449.4029679294035,0.0017986055306308622,0,0,0,0,hold,False,0,0,-0.0007905309552429795,0,-8.978977292613818,9798.511214409617,-21.67488293554925,109.23911140134081,0.0,1.5170557237934659,9798.511214409617,109179.5166678291,10147.27010926059
182,6447.78,6447.78,6449.4029679294035,0.001958338935492754,0,0,0,0,hold,False,0,0,-0.001721655390236823,0,-8.980698948004054,9781.641554761032,-38.85412015887778,109.23911140134081,0.0,1.5170557237934659,9781.641554761032,109179.5166678291,10147.27010926059
183,6447.4,6447.4,6449.4029679294035,0.001685517616065921,0,0,0,0,hold,False,0,0,-5.893501329138531e-05,0,-8.980757883017345,9781.06507358599,-39.44118042370428,109.23911140134081,0.0,1.5170557237934659,9781.06507358599,109179.5166678291,10147.27010926059
184,6457.76,6457.76,6449.4029679294035,0.0014383204597456676,0,0,0,0,buy,True,0,0,-1,0,-9.980757883017345,9796.781770884492,-23.436063730026945,109.23911140134081,0.0,1.5170557237934659,9796.781770884492,109179.5166678291,10147.27010926059
185,6454.09,6454.09,6449.4029679294035,0.0013853687975313711,0,0,0,0,hold,False,0,0,-0.0005683085156462143,0,-9.981326191532991,9791.214176378171,-29.105829971898856,109.23911140134081,0.0,1.5170557237934659,9791.214176378171,109179.5166678291,10147.27010926059
186,6449.24,6449.24,6449.4029679294035,0.001084556314254074,0,0,0,0,hold,False,0,0,-0.0007514614763662421,0,-9.982077653009357,9783.856456117772,-36.59857282559824,109.23911140134081,0.0,1.5170557237934659,9783.856456117772,109179.5166678291,10147.27010926059
187,6433.05,6433.05,6449.4029679294035,0.0018133944660193384,0,0,0,0,hold,False,0,0,-0.0025103733153052873,0,-9.984588026324662,9759.295323949556,-61.610429898051734,109.23911140134081,0.0,1.5170557237934659,9759.295323949556,109179.5166678291,10147.27010926059
188,6442.54,6442.54,6449.4029679294035,0.0018834187207960192,0,0,0,0,hold,False,0,0,0.0014751945033848603,0,-9.983112831821277,9773.692182768356,-46.9493722317402,109.23911140134081,0.0,1.5170557237934659,9773.692182768356,109179.5166678291,10147.27010926059
189,6443.53,6443.53,6449.4029679294035,0.001018175089680566,0,0,0,0,hold,False,0,0,0.00015366610063713074,0,-9.98295916572064,9775.19406793491,-45.41992575232507,109.23911140134081,0.0,1.5170557237934659,9775.19406793491,109179.5166678291,10147.27010926059
190,6438.24,6438.24,6449.4029679294035,0.0019106974413353006,0,0,0,0,hold,False,0,0,-0.0008209785629925689,0,-9.983780144283633,9767.168843156043,-53.59242259687744,109.23911140134081,0.0,1.5170557237934659,9767.168843156043,109179.5166678291,10147.27010926059
191,6428.72,6428.72,6449.4029679294035,0.001620775690759199,0,0,0,0,hold,False,0,0,-0.0014786649767637532,0,-9.985258809260397,9752.72647266553,-68.2998271262004,109.23911140134081,0.0,1.5170557237934659,9752.72647266553,109179.5166678291,10147.27010926059
192,6439.54,6439.54,6449.4029679294035,0.001804936080252474,0,0,0,0,hold,False,0,0,0.0016830722134421356,0,-9.983575737046955,9769.141015596975,-51.584058532998824,109.23911140134081,0.0,1.5170557237934659,9769.141015596975,109179.5166678291,10147.27010926059
193,6428.64,6428.64,6449.4029679294035,0.0012374507653487704,0,0,0,0,hold,False,0,0,-0.0016926674886715454,0,-9.985268404535626,9752.605108207626,-68.42341876089995,109.23911140134081,0.0,1.5170557237934659,9752.605108207626,109179.5166678291,10147.27010926059
194,6442.22,6442.22,6449.4029679294035,0.0016992827847676422,0,0,0,0,hold,False,0,0,0.0021124219119441623,0,-9.983155982623682,9773.206724936743,-47.44373877054022,109.23911140134081,0.0,1.5170557237934659,9773.206724936743,109179.5166678291,10147.27010926059
195,6443.67,6443.67,6449.4029679294035,0.0015836881107938454,0,0,0,0,hold,False,0,0,0.00022507769060958893,0,-9.982930904933072,9775.406455736242,-45.20364039160086,109.23911140134081,0.0,1.5170557237934659,9775.406455736242,109179.5166678291,10147.27010926059
196,6440.67,6440.67,6449.4029679294035,0.001584485000634048,0,0,0,0,hold,False,0,0,-0.00046557319043329467,0,-9.983396478123506,9770.855288564862,-49.83832669285766,109.23911140134081,0.0,1.5170557237934659,9770.855288564862,109179.5166678291,10147.27010926059
197,6431.97,6431.97,6449.4029679294035,0.0013739761187730613,0,0,0,0,hold,False,0,0,-0.001350791144399671,0,-9.984747269267906,9757.656903767858,-63.27891696650477,109.23911140134081,0.0,1.5170557237934659,9757.656903767858,109179.5166678291,10147.27010926059
198,6422.66,6422.66,6449.4029679294035,0.0018059505066826166,0,0,0,0,hold,False,0,0,-0.0014474569999548261,0,-9.986194726267861,9743.533114979342,-77.66189345474231,109.23911140134081,0.0,1.5170557237934659,9743.533114979342,109179.5166678291,10147.27010926059
199,6410.01,6410.01,6449.4029679294035,0.0012265194322093017,0,0,0,0,hold,False,0,0,-0.001969588924215163,0,-9.988164315192076,9724.342360073355,-97.20482069171157,109.23911140134081,0.0,1.5170557237934659,9724.342360073355,109179.5166678291,10147.27010926059
200,6422.04,6410.617869161363,0,0.0017785829485080884,1.5170557237934659,9715.539266932454,9.725264531463917,-68.56442061541384,sell,False,0,0,-1.0,0,-10.988164315192076,9715.539266932454,-78.61972862366747,118.96437593280473,9715.539266932454,0.0,0.0,118904.78119929302,10147.27010926059
201,6408.08,6417.967271988778,6424.39166365243,0.0015429382886571414,1.512289377047246,9715.539266932454,9.715539266932455,0,buy,False,0,0,0,0,-10.988164315192076,9690.871311268917,-100.1864688788537,128.6799151997372,0.0,1.512289377047246,9690.871311268917,128610.60492695855,10147.27010926059
202,6418.85,6418.85,6424.39166365243,0.0016753302855813037,0,0,0,0,hold,False,0,0,0.0016806906280821031,0,-10.986483624563995,9707.158667859716,-83.54794505733844,128.6799151997372,0.0,1.512289377047246,9707.158667859716,128610.60492695855,10147.27010926059
203,6380.89,6380.89,6424.39166365243,0.0017809977760311342,0,0,0,0,hold,False,0,0,-0.005913831916932098,0,-10.992397456480926,9649.752163107003,-142.1921757225864,128.6799151997372,0.0,1.512289377047246,9649.752163107003,128610.60492695855,10147.27010926059
204,6388.42,6388.42,6424.39166365243,0.001228283955493042,0,0,0,0,hold,False,0,0,0.0011800861635288605,0,-10.991217370317397,9661.139702116168,-130.55911310643023,128.6799151997372,0.0,1.512289377047246,9661.139702116168,128610.60492695855,10147.27010926059
205,6398.02,6398.02,6424.39166365243,0.001881264009547649,0,0,0,0,hold,False,0,0,0.0015027189821583918,0,-10.98971465133524,9675.657680135822,-115.72811694240409,128.6799151997372,0.0,1.512289377047246,9675.657680135822,128610.60492695855,10147.27010926059
206,6412.36,6412.36,6424.39166365243,0.0010755343105162236,0,0,0,0,hold,False,0,0,0.0022413184078823745,0,-10.987473332927356,9697.34390980268,-93.57431642239317,128.6799151997372,0.0,1.512289377047246,9697.34390980268,128610.60492695855,10147.27010926059
207,6421.38,6421.38,6424.39166365243,0.0015371426874952695,0,0,0,0,hold,False,0,0,0.0014066583909823544,0,-10.986066674536374,9710.984759983645,-79.63935960994422,128.6799151997372,0.0,1.512289377047246,9710.984759983645,128610.60492695855,10147.27010926059
208,6426.63,6426.63,6424.39166365243,0.0012168269993224226,0,0,0,0,hold,False,0,0,0.0008175812675779743,0,-10.985249093268797,9718.924279213143,-71.52865858274345,128.6799151997372,0.0,1.512289377047246,9718.924279213143,128610.60492695855,10147.27010926059
209,6412.33,6412.33,6424.39166365243,0.0018601065811635908,0,0,0,0,hold,False,0,0,-0.0022251164296062174,0,-10.987474209698403,9697.298541121367,-93.62066328540641,128.6799151997372,0.0,1.512289377047246,9697.298541121367,128610.60492695855,10147.27010926059
210,6410.0,6410.0,6424.39166365243,0.001631337043397499,0,0,0,0,hold,False,0,0,-0.00036336245951144907,0,-10.987837572157915,9693.774906872848,-97.22026964604993,128.6799151997372,0.0,1.512289377047246,9693.774906872848,128610.60492695855,10147.27010926059
211,6449.81,6449.81,6424.39166365243,0.001379058381402844,0,0,0,0,hold,False,0,0,0.006210608424336976,0,-10.981626963733577,9753.979146973099,-35.71798242835939,128.6799151997372,0.0,1.512289377047246,9753.979146973099,128610.60492695855,10147.27010926059
212,6458.45,6458.45,6424.39166365243,0.0018292241768381296,0,0,0,0,hold,False,0,0,0.0013395743440503581,0,-10.980287389389526,9767.045327190786,-22.37008588073695,128.6799151997372,0.0,1.512289377047246,9767.045327190786,128610.60492695855,10147.27010926059
213,6450.86,6450.86,6424.39166365243,0.001075512414026983,0,0,0,0,hold,False,0,0,-0.0011752045769495702,0,-10.981462593966475,9755.567050818998,-34.0958422229196,128.6799151997372,0.0,1.512289377047246,9755.567050818998,128610.60492695855,10147.27010926059
214,6471.43,6471.43,6424.39166365243,0.0017703233695349108,0,0,0,0,hold,False,0,0,0.003188722123871857,0,-10.978273871842603,9786.67484330486,-2.3173431506293127,128.6799151997372,0.0,1.512289377047246,9786.67484330486,128610.60492695855,10147.27010926059
215,6455.25,6455.25,6424.39166365243,0.0016594935213445905,0,0,0,0,hold,False,0,0,-0.0025002201986269127,0,-10.98077409204123,9762.206001184235,-27.313751268746273,128.6799151997372,0.0,1.512289377047246,9762.206001184235,128610.60492695855,10147.27010926059
216,6454.34,6454.34,6424.39166365243,0.0010961413524530276,0,0,0,0,hold,False,0,0,-0.0001409705278647979,0,-10.980915062569094,9760.829817851123,-28.71960611346003,128.6799151997372,0.0,1.512289377047246,9760.829817851123,128610.60492695855,10147.27010926059
217,6461.51,6461.51,6424.39166365243,0.0010471553709221794,0,0,0,0,hold,False,0,0,0.0011108804308417582,0,-10.979804182138253,9771.67293268455,-17.642705853453663,128.6799151997372,0.0,1.512289377047246,9771.67293268455,128610.60492695855,10147.27010926059
218,6450.0,6450.0,6424.39166365243,0.0015397680454921653,0,0,0,0,hold,False,0,0,-0.0017813173700883865,0,-10.981585499508341,9754.266481954737,-35.42445229594705,128.6799151997372,0.0,1.512289377047246,9754.266481954737,128610.60492695855,10147.27010926059
219,6447.29,6447.29,6424.39166365243,0.0017993831180963921,0,0,0,0,hold,False,0,0,-0.00042015503875975557,0,-10.982005654547102,9750.168177742938,-39.611118921415255,128.6799151997372,0.0,1.512289377047246,9750.168177742938,128610.60492695855,10147.27010926059
220,6450.62,6450.62,6424.39166365243,0.0012721370737161781,0,0,0,0,hold,False,0,0,0.0005164960781972753,0,-10.981489158468905,9755.204101368507,-34.46661712702007,128.6799151997372,0.0,1.512289377047246,9755.204101368507,128610.60492695855,10147.27010926059
221,6442.81,6442.81,6424.39166365243,0.0015260008916134517,0,0,0,0,hold,False,0,0,-0.0012107363323215718,0,-10.982699894801227,9743.393121333767,-46.532250464626486,128.6799151997372,0.0,1.512289377047246,9743.393121333767,128610.60492695855,10147.27010926059
222,6439.26,6439.26,6424.39166365243,0.00128391784214665,0,0,0,0,hold,False,0,0,-0.0005510018144256208,0,-10.983250896615653,9738.02449404525,-52.01662925444907,128.6799151997372,0.0,1.512289377047246,9738.02449404525,128610.60492695855,10147.27010926059
223,6439.28,6439.28,6424.39166365243,0.0015650912632975955,0,0,0,0,hold,False,0,0,3.1059469565901103e-06,0,-10.983247790668695,9738.05473983279,-51.985731345774184,128.6799151997372,0.0,1.512289377047246,9738.05473983279,128610.60492695855,10147.27010926059
224,6447.17,6447.17,6424.39166365243,0.0010844888665187218,0,0,0,0,hold,False,0,0,0.0012252922687008717,0,-10.982022498399994,9749.986703017694,-39.7965063734664,128.6799151997372,0.0,1.512289377047246,9749.986703017694,128610.60492695855,10147.27010926059
225,6468.49,6468.49,6424.39166365243,0.0011358756794405745,0,0,0,0,hold,False,0,0,0.003306877281039479,0,-10.978715621118955,9782.22871253634,-6.859335725861456,128.6799151997372,0.0,1.512289377047246,9782.22871253634,128610.60492695855,10147.27010926059
226,6456.67,6456.67,6424.39166365243,0.0015829722519284336,0,0,0,0,hold,False,0,0,-0.00182731982270976,0,-10.980542940941664,9764.353452099642,-25.11999975281651,128.6799151997372,0.0,1.512289377047246,9764.353452099642,128610.60492695855,10147.27010926059
227,6452.12,6452.12,6424.39166365243,0.0019423227670988552,0,0,0,0,hold,False,0,0,-0.0007046976227683608,0,-10.981247638564433,9757.472535434077,-32.14927397639076,128.6799151997372,0.0,1.512289377047246,9757.472535434077,128610.60492695855,10147.27010926059
228,6447.38,6447.38,6424.39166365243,0.0014147726079442272,0,0,0,0,hold,False,0,0,-0.0007346422571184783,0,-10.981982280821551,9750.304283786874,-39.47207833237735,128.6799151997372,0.0,1.512289377047246,9750.304283786874,128610.60492695855,10147.27010926059
229,6447.45,6447.45,6424.39166365243,0.001329445506943535,0,0,0,0,hold,False,0,0,1.0857123358468637e-05,0,-10.981971423698193,9750.410144043266,-39.36393565201615,128.6799151997372,0.0,1.512289377047246,9750.410144043266,128610.60492695855,10147.27010926059
230,6439.03,6439.03,6424.39166365243,0.0010688922048757582,0,0,0,0,hold,False,0,0,-0.0013059426595009216,0,-10.983277366357694,9737.67666748853,-52.37195520421301,128.6799151997372,0.0,1.512289377047246,9737.67666748853,128610.60492695855,10147.27010926059
231,6458.64,6458.64,6424.39166365243,0.0013989878587782297,0,0,0,0,hold,False,0,0,0.003045489770974873,0,-10.98023187658672,9767.332662172426,-22.07655574832461,128.6799151997372,0.0,1.512289377047246,9767.332662172426,128610.60492695855,10147.27010926059
232,6455.48,6455.48,6424.39166365243,0.0010602318641641081,0,0,0,0,hold,False,0,0,-0.0004892670902853728,0,-10.980721143677005,9762.553827740956,-26.958425318982336,128.6799151997372,0.0,1.512289377047246,9762.553827740956,128610.60492695855,10147.27010926059
233,6437.55,6437.55,6424.39166365243,0.0017172320621041634,0,0,0,0,hold,False,0,0,-0.0027774851753858292,0,-10.983498628852391,9735.4384792105,-54.658400446165615,128.6799151997372,0.0,1.512289377047246,9735.4384792105,128610.60492695855,10147.27010926059
234,6451.16,6451.16,6424.39166365243,0.0014012366357846822,0,0,0,0,hold,False,0,0,0.002114158336634277,0,-10.981384470515756,9756.020737632112,-33.632373592794465,128.6799151997372,0.0,1.512289377047246,9756.020737632112,128610.60492695855,10147.27010926059
235,6453.07,6453.07,6424.39166365243,0.0015551515696851897,0,0,0,0,hold,False,0,0,0.0002960707841689704,0,-10.981088399731588,9758.909210342272,-30.681623314327226,128.6799151997372,0.0,1.512289377047246,9758.909210342272,128610.60492695855,10147.27010926059
236,6443.32,6443.32,6424.39166365243,0.0019257604349011683,0,0,0,0,hold,False,0,0,-0.0015109087612563345,0,-10.982599308492844,9744.16438891606,-45.74435379341412,128.6799151997372,0.0,1.512289377047246,9744.16438891606,128610.60492695855,10147.27010926059
237,6422.07,6422.07,6424.39166365243,0.0012916254122375419,0,0,0,0,hold,False,0,0,-0.003297989235363008,0,-10.985897297728208,9712.028239653808,-78.57338176065605,128.6799151997372,0.0,1.512289377047246,9712.028239653808,128610.60492695855,10147.27010926059
238,6440.0,6440.0,6424.39166365243,0.0012229998140035683,0,0,0,0,hold,False,0,0,0.0027919346877252524,0,-10.983105363040483,9739.143588184264,-50.87340663347277,128.6799151997372,0.0,1.512289377047246,9739.143588184264,128610.60492695855,10147.27010926059
239,6443.01,6443.01,6424.39166365243,0.0013227747726918993,0,0,0,0,hold,False,0,0,0.0004673913043479225,0,-10.982637971736136,9743.695579209178,-46.22327137787579,128.6799151997372,0.0,1.512289377047246,9743.695579209178,128610.60492695855,10147.27010926059
240,6458.38,6458.38,6424.39166365243,0.001777306063884113,0,0,0,0,hold,False,0,0,0.002385530986293578,0,-10.980252440749842,9766.939466934393,-22.478228561099968,128.6799151997372,0.0,1.512289377047246,9766.939466934393,128610.60492695855,10147.27010926059
241,6463.64,6463.64,6424.39166365243,0.0012099918110556641,0,0,0,0,hold,False,0,0,0.0008144457278761705,0,-10.979437995021966,9774.894109057663,-14.352078579560839,128.6799151997372,0.0,1.512289377047246,9774.894109057663,128610.60492695855,10147.27010926059
242,6458.48,6458.48,6424.39166365243,0.001083328892582406,0,0,0,0,hold,False,0,0,-0.0007983117871665557,0,-10.980236306809132,9767.090695872097,-22.32373901772553,128.6799151997372,0.0,1.512289377047246,9767.090695872097,128610.60492695855,10147.27010926059
243,6460.48,6460.48,6424.39166365243,0.0017797871962592342,0,0,0,0,hold,False,0,0,0.00030967038684032725,0,-10.979926636422292,9770.115274626192,-19.233948150220385,128.6799151997372,0.0,1.512289377047246,9770.115274626192,128610.60492695855,10147.27010926059
244,6444.01,6444.01,6424.39166365243,0.0014768548341693851,0,0,0,0,hold,False,0,0,-0.002549346178612009,0,-10.982475982600903,9745.207868586225,-44.67837594412413,128.6799151997372,0.0,1.512289377047246,9745.207868586225,128610.60492695855,10147.27010926059
245,6441.39,6441.39,6424.39166365243,0.001368733939524009,0,0,0,0,hold,False,0,0,-0.00040657913317958917,0,-10.982882561734083,9741.24567041836,-48.72600198055625,128.6799151997372,0.0,1.512289377047246,9741.24567041836,128610.60492695855,10147.27010926059
246,6446.98,6446.98,6424.39166365243,0.0010147268480952577,0,0,0,0,hold,False,0,0,0.0008678251122815782,0,-10.982014736621801,9749.699368036054,-40.09003650588056,128.6799151997372,0.0,1.512289377047246,9749.699368036054,128610.60492695855,10147.27010926059
247,6443.24,6443.24,6424.39166365243,0.0016290995793032384,0,0,0,0,hold,False,0,0,-0.0005801165817173655,0,-10.98259485320352,9744.043405765897,-45.86794542811367,128.6799151997372,0.0,1.512289377047246,9744.043405765897,128610.60492695855,10147.27010926059
248,6453.58,6453.58,6424.39166365243,0.001385502086357617,0,0,0,0,hold,False,0,0,0.0016047826869713007,0,-10.980990070516548,9759.680477924567,-29.89372664311304,128.6799151997372,0.0,1.512289377047246,9759.680477924567,128610.60492695855,10147.27010926059
249,6451.1,6451.1,6424.39166365243,0.0019110361828278124,0,0,0,0,hold,False,0,0,-0.00038428283216452756,0,-10.981374353348713,9755.930000269489,-33.72506731881731,128.6799151997372,0.0,1.512289377047246,9755.930000269489,128610.60492695855,10147.27010926059
250,6448.93,6448.93,6424.39166365243,0.0012178690960635919,0,0,0,0,hold,False,0,0,-0.0003363767419508464,0,-10.981710730090663,9752.648332321298,-37.07749041006173,128.6799151997372,0.0,1.512289377047246,9752.648332321298,128610.60492695855,10147.27010926059
251,6459.5,6459.5,6424.39166365243,0.0014934713564586253,0,0,0,0,hold,False,0,0,0.0016390315912872104,0,-10.980071698499376,9768.633231036687,-20.74794567529716,128.6799151997372,0.0,1.512289377047246,9768.633231036687,128610.60492695855,10147.27010926059
252,6490.0,6490.0,6424.39166365243,0.001104681871855529,0,0,0,0,hold,False,0,0,0.004721727687901363,0,-10.975349970811475,9814.758057036626,26.37136505415583,128.6799151997372,0.0,1.512289377047246,9814.758057036626,128610.60492695855,10147.27010926059
253,6485.99,6485.99,6424.39166365243,0.0012570181903731753,0,0,0,0,hold,False,0,0,-0.0006178736517719071,0,-10.975967844463247,9808.693776634667,20.17633436480719,128.6799151997372,0.0,1.512289377047246,9808.693776634667,128610.60492695855,10147.27010926059
254,6457.34,6457.34,6424.39166365243,0.001172371585784813,0,0,0,0,hold,False,0,0,-0.004417213100852706,0,-10.9803850575641,9765.366685982264,-24.084919812203225,128.6799151997372,0.0,1.512289377047246,9765.366685982264,128610.60492695855,10147.27010926059
255,6461.3,6461.3,6424.39166365243,0.0013519540721522747,0,0,0,0,hold,False,0,0,0.0006132556129924157,0,-10.979771801951108,9771.355351915372,-17.967133894542712,128.6799151997372,0.0,1.512289377047246,9771.355351915372,128610.60492695855,10147.27010926059
256,6489.1,6489.1,6424.39166365243,0.0010196045833066243,0,0,0,0,hold,False,0,0,0.004302539736585436,0,-10.975469262214522,9813.396996597285,24.980959163778607,128.6799151997372,0.0,1.512289377047246,9813.396996597285,128610.60492695855,10147.27010926059
257,6479.0,6479.0,6424.39166365243,0.0018635616464709637,0,0,0,0,hold,False,0,0,-0.0015564562111848857,0,-10.977025718425708,9798.122873889108,9.377515282878448,128.6799151997372,0.0,1.512289377047246,9798.122873889108,128610.60492695855,10147.27010926059
258,6477.34,6477.34,6424.39166365243,0.0015381982914940417,0,0,0,0,hold,False,0,0,-0.0002562123784534235,0,-10.97728193080416,9795.61247352321,6.812988862848215,128.6799151997372,0.0,1.512289377047246,9795.61247352321,128610.60492695855,10147.27010926059
259,6457.66,6457.66,6424.39166365243,0.0019103183492448802,0,0,0,0,hold,False,0,0,-0.003038284233960308,0,-10.980320215038121,9765.85061858292,-23.590553273401383,128.6799151997372,0.0,1.512289377047246,9765.85061858292,128610.60492695855,10147.27010926059
260,6466.71,6466.71,6424.39166365243,0.0015858702327556868,0,0,0,0,hold,False,0,0,0.0014014364336308125,0,-10.978918778604491,9779.536837445197,-9.609249597941016,128.6799151997372,0.0,1.512289377047246,9779.536837445197,128610.60492695855,10147.27010926059
261,6472.0,6472.0,6424.39166365243,0.0010216388857238643,0,0,0,0,hold,False,0,0,0.0008180357554303868,0,-10.97810074284906,9787.536848249776,-1.436752753390465,128.6799151997372,0.0,1.512289377047246,9787.536848249776,128610.60492695855,10147.27010926059
262,6432.1,6432.1,6424.39166365243,0.001975316197139445,0,0,0,0,hold,False,0,0,-0.006165018541409123,0,-10.98426576139047,9727.196502105591,-63.07808056011709,128.6799151997372,0.0,1.512289377047246,9727.196502105591,128610.60492695855,10147.27010926059
263,6362.8,6362.8,6424.39166365243,0.0015441833376276758,0,0,0,0,hold,False,0,0,-0.01077408622378383,0,-10.995039847614253,9622.394848276217,-170.1393341191706,128.6799151997372,0.0,1.512289377047246,9622.394848276217,128610.60492695855,10147.27010926059
264,6381.88,6381.88,6424.39166365243,0.0019525442954153227,0,0,0,0,hold,False,0,0,0.0029986798264914926,0,-10.992041167787761,9651.249329590279,-140.66272924317127,128.6799151997372,0.0,1.512289377047246,9651.249329590279,128610.60492695855,10147.27010926059
265,6366.28,6366.28,6424.39166365243,0.0019515437099732595,0,0,0,0,hold,False,0,0,-0.002444420766294675,0,-10.994485588554056,9627.65761530834,-164.76309800971103,128.6799151997372,0.0,1.512289377047246,9627.65761530834,128610.60492695855,10147.27010926059
266,6363.4,6363.4,6424.39166365243,0.001729268802867264,0,0,0,0,hold,False,0,0,-0.00045238349554198244,0,-10.994937972049598,9623.302221902446,-169.2123968589185,128.6799151997372,0.0,1.512289377047246,9623.302221902446,128610.60492695855,10147.27010926059
267,6309.15,6309.15,6424.39166365243,0.0010849108258819426,0,0,0,0,hold,False,0,0,-0.008525316654618675,0,-11.003463288704218,9541.260523197632,-253.02297413999622,128.6799151997372,0.0,1.512289377047246,9541.260523197632,128610.60492695855,10147.27010926059
268,6232.83,6232.83,6424.39166365243,0.001604134061393714,0,0,0,0,hold,False,0,0,-0.012096716673402959,0,-11.01556000537762,9425.842597941386,-370.9293936439917,128.6799151997372,0.0,1.512289377047246,9425.842597941386,128610.60492695855,10147.27010926059
269,5965.11,5965.11,6424.39166365243,0.0013171758828791637,0,0,0,0,hold,False,0,0,-0.042953201033880305,0,-11.0585132064115,9020.972485918297,-784.5287991682289,128.6799151997372,0.0,1.512289377047246,9020.972485918297,128610.60492695855,10147.27010926059
270,5979.67,5979.67,6424.39166365243,0.001260745032357091,0,0,0,0,hold,False,0,0,0.0024408602691318383,0,-11.056072346142368,9042.991419248106,-762.0351216527906,128.6799151997372,0.0,1.512289377047246,9042.991419248106,128610.60492695855,10147.27010926059
271,5880.0,5880.0,6424.39166365243,0.0011209643142696616,0,0,0,0,hold,False,0,0,-0.016668143894228413,0,-11.072740490036598,8892.261537037806,-916.0148495349094,128.6799151997372,0.0,1.512289377047246,8892.261537037806,128610.60492695855,10147.27010926059
272,5863.94,5863.94,6424.39166365243,0.001751456281165186,0,0,0,0,hold,False,0,0,-0.0027312925170067353,0,-11.075471782553604,8867.974169642428,-940.8258702009771,128.6799151997372,0.0,1.512289377047246,8867.974169642428,128610.60492695855,10147.27010926059
273,5767.89,5767.89,6424.39166365243,0.0018834203572575333,0,0,0,0,hold,False,0,0,-0.01637977196219606,0,-11.0918515545158,8722.71877497704,-1089.2130766129085,128.6799151997372,0.0,1.512289377047246,8722.71877497704,128610.60492695855,10147.27010926059
274,5836.82,5836.82,6424.39166365243,0.0015741441147475263,0,0,0,0,hold,False,0,0,0.011950643996331355,0,-11.07990091051947,8826.960881736906,-982.7234343643449,128.6799151997372,0.0,1.512289377047246,8826.960881736906,128610.60492695855,10147.27010926059
275,5796.64,5796.64,6424.39166365243,0.001830270990463056,0,0,0,0,hold,False,0,0,-0.006883885403353049,0,-11.086784795922823,8766.19709456715,-1044.7973328925236,128.6799151997372,0.0,1.512289377047246,8766.19709456715,128610.60492695855,10147.27010926059
276,5922.41,5922.41,6424.39166365243,0.0010322826557784273,0,0,0,0,hold,False,0,0,0.021697052085345992,0,-11.065087743837477,8956.397729518381,-850.4958341894635,128.6799151997372,0.0,1.512289377047246,8956.397729518381,128610.60492695855,10147.27010926059
277,5887.09,5887.09,6424.39166365243,0.001764938494917709,0,0,0,0,hold,False,0,0,-0.005963788390199346,0,-11.071051532227676,8902.983668721072,-905.0615409096026,128.6799151997372,0.0,1.512289377047246,8902.983668721072,128610.60492695855,10147.27010926059
278,5839.56,5839.56,6424.39166365243,0.0014421309047939065,0,0,0,0,hold,False,0,0,-0.008073598331263693,0,-11.079125130558939,8831.104554630017,-978.4904208758617,128.6799151997372,0.0,1.512289377047246,8831.104554630017,128610.60492695855,10147.27010926059
279,5739.15,5739.15,6424.39166365243,0.0015256836639265911,0,0,0,0,hold,False,0,0,-0.017194788648460066,0,-11.0963199192074,8679.255578280701,-1133.6133713789586,128.6799151997372,0.0,1.512289377047246,8679.255578280701,128610.60492695855,10147.27010926059
280,5746.57,5746.57,6424.39166365243,0.0018398549854482145,0,0,0,0,hold,False,0,0,0.0012928743803525193,0,-11.095027044827047,8690.476765458392,-1122.1502472605152,128.6799151997372,0.0,1.512289377047246,8690.476765458392,128610.60492695855,10147.27010926059
281,5707.19,5707.19,6424.39166365243,0.0010941032889080057,0,0,0,0,hold,False,0,0,-0.006852783486497062,0,-11.101879828313544,8630.922809790272,-1182.9882294416911,128.6799151997372,0.0,1.512289377047246,8630.922809790272,128610.60492695855,10147.27010926059
282,5739.72,5739.72,6424.39166365243,0.0018741108075780145,0,0,0,0,hold,False,0,0,0.005699827761122394,0,-11.096180000552422,8680.11758322562,-1132.7327809817198,128.6799151997372,0.0,1.512289377047246,8680.11758322562,128610.60492695855,10147.27010926059
283,5719.42,5719.42,6424.39166365243,0.0011910372156427936,0,0,0,0,hold,False,0,0,-0.003536757890628907,0,-11.099716758443051,8649.41810887156,-1164.0941582868963,128.6799151997372,0.0,1.512289377047246,8649.41810887156,128610.60492695855,10147.27010926059
284,5760.94,5760.94,6424.39166365243,0.0016836101794700186,0,0,0,0,hold,False,0,0,0.0072594773595924394,0,-11.092457281083458,8712.208363806561,-1099.950099877491,128.6799151997372,0.0,1.512289377047246,8712.208363806561,128610.60492695855,10147.27010926059
285,5723.0,5723.0,6424.39166365243,0.0013473071800675178,0,0,0,0,hold,False,0,0,-0.0065857308008762305,0,-11.099043011884335,8654.832104841389,-1158.5634326340623,128.6799151997372,0.0,1.512289377047246,8654.832104841389,128610.60492695855,10147.27010926059
286,5761.79,5761.79,6424.39166365243,0.0016116278990039958,0,0,0,0,hold,False,0,0,0.006777913681635519,0,-11.0922650982027,8713.493809777052,-1098.6369387588002,128.6799151997372,0.0,1.512289377047246,8713.493809777052,128610.60492695855,10147.27010926059
287,5590.0,5590.0,6424.39166365243,0.0017252618155047502,0,0,0,0,hold,False,0,0,-0.029815387232092726,0,-11.122080485434793,8453.697617694106,-1364.0345253231535,128.6799151997372,0.0,1.512289377047246,8453.697617694106,128610.60492695855,10147.27010926059
288,5590.2,5590.2,6424.39166365243,0.0013399950328289963,0,0,0,0,hold,False,0,0,3.577817531293917e-05,0,-11.12204470725948,8454.000075569515,-1363.7255462364028,128.6799151997372,0.0,1.512289377047246,8454.000075569515,128610.60492695855,10147.27010926059
289,5588.19,5588.19,6424.39166365243,0.0012999370313992653,0,0,0,0,hold,False,0,0,-0.0003595577975743914,0,-11.122404265057055,8450.960373921649,-1366.8307860582463,128.6799151997372,0.0,1.512289377047246,8450.960373921649,128610.60492695855,10147.27010926059
290,5596.3,5596.3,6424.39166365243,0.0014349096148087294,0,0,0,0,hold,False,0,0,0.001451274920859952,0,-11.120952990136194,8463.225040769503,-1354.301684090513,128.6799151997372,0.0,1.512289377047246,8463.225040769503,128610.60492695855,10147.27010926059
291,5403.52,5403.52,6424.39166365243,0.0016900387422083833,0,0,0,0,hold,False,0,0,-0.03444776012722676,0,-11.155400750263421,8171.685894662336,-1652.126625809331,128.6799151997372,0.0,1.512289377047246,8171.685894662336,128610.60492695855,10147.27010926059
292,5675.12,5675.12,6424.39166365243,0.0015212693671594574,0,0,0,0,hold,False,0,0,0.05026353191993356,0,-11.105137218343488,8582.423689468367,-1232.5330260021346,128.6799151997372,0.0,1.512289377047246,8582.423689468367,128610.60492695855,10147.27010926059
293,5672.3,5672.3,6424.39166365243,0.001291185174136461,0,0,0,0,hold,False,0,0,-0.0004969057923004156,0,-11.105634124135788,8578.159033425094,-1236.8896311253175,128.6799151997372,0.0,1.512289377047246,8578.159033425094,128610.60492695855,10147.27010926059
294,5668.27,5668.27,6424.39166365243,0.0018501979592591379,0,0,0,0,hold,False,0,0,-0.00071047017964483,0,-11.106344594315432,8572.064507235595,-1243.1155597233392,128.6799151997372,0.0,1.512289377047246,8572.064507235595,128610.60492695855,10147.27010926059
295,5673.89,5673.89,6424.39166365243,0.00112679929187838,0,0,0,0,hold,False,0,0,0.0009914841741836885,0,-11.105353110141248,8580.5635735346,-1234.4332473856502,128.6799151997372,0.0,1.512289377047246,8580.5635735346,128610.60492695855,10147.27010926059
296,5690.39,5690.39,6424.39166365243,0.0015526311621484783,0,0,0,0,hold,False,0,0,0.0029080577875141827,0,-11.102445052353733,8605.516348255878,-1208.9424727287333,128.6799151997372,0.0,1.512289377047246,8605.516348255878,128610.60492695855,10147.27010926059
297,5639.01,5639.01,6424.39166365243,0.001399630039864313,0,0,0,0,hold,False,0,0,-0.009029258100059945,0,-11.111474310453794,8527.81492006319,-1288.31920011494,128.6799151997372,0.0,1.512289377047246,8527.81492006319,128610.60492695855,10147.27010926059
298,5645.0,5645.0,6424.39166365243,0.0010498178401413196,0,0,0,0,hold,False,0,0,0.0010622431951708723,0,-11.110412067258622,8536.873533431704,-1279.065276466763,128.6799151997372,0.0,1.512289377047246,8536.873533431704,128610.60492695855,10147.27010926059
299,5665.94,5665.94,6424.39166365243,0.0012657017808136621,0,0,0,0,hold,False,0,0,0.0037094774136402354,0,-11.106702589844982,8568.540872987072,-1246.7151660839845,128.6799151997372,0.0,1.512289377047246,8568.540872987072,128610.60492695855,10147.27010926059
300,5753.4,5753.4,6424.39166365243,0.0010308742925446187,0,0,0,0,hold,False,0,0,0.01543609709951058,0,-11.091266492745472,8700.805701903626,-1111.5986114479856,128.6799151997372,0.0,1.512289377047246,8700.805701903626,128610.60492695855,10147.27010926059
301,5706.23,5706.23,6424.39166365243,0.0011310018327917784,0,0,0,0,hold,False,0,0,-0.008198630375082751,0,-11.099465123120554,8629.471011988306,-1184.471329058093,128.6799151997372,0.0,1.512289377047246,8629.471011988306,128610.60492695855,10147.27010926059
302,5700.0,5700.0,6424.39166365243,0.0011624175389748628,0,0,0,0,hold,False,0,0,-0.0010917891497537282,0,-11.100556912270308,8620.049449169303,-1194.0960276103706,128.6799151997372,0.0,1.512289377047246,8620.049449169303,128610.60492695855,10147.27010926059
303,5718.01,5718.01,6424.39166365243,0.0018821106706718026,0,0,0,0,hold,False,0,0,0.0031596491228071733,0,-11.097397263147501,8647.285780849925,-1166.2724608484878,128.6799151997372,0.0,1.512289377047246,8647.285780849925,128610.60492695855,10147.27010926059
304,5730.47,5730.47,6424.39166365243,0.001768415594623666,0,0,0,0,hold,False,0,0,0.0021790797847502244,0,-11.095218183362752,8666.128906487933,-1147.0230637439308,128.6799151997372,0.0,1.512289377047246,8666.128906487933,128610.60492695855,10147.27010926059
305,5700.08,5700.08,6424.39166365243,0.0017874977705659143,0,0,0,0,hold,False,0,0,-0.005303229927039238,0,-11.10052141328979,8620.170432319466,-1193.972435975671,128.6799151997372,0.0,1.512289377047246,8620.170432319466,128610.60492695855,10147.27010926059
306,5683.17,5683.17,6424.39166365243,0.0017680814037857638,0,0,0,0,hold,False,0,0,-0.0029666250298241007,0,-11.103488038319615,8594.597618953598,-1220.0966177604278,128.6799151997372,0.0,1.512289377047246,8594.597618953598,128610.60492695855,10147.27010926059
307,5685.85,5685.85,6424.39166365243,0.0011575322192749885,0,0,0,0,hold,False,0,0,0.00047156780458787646,0,-11.103016470515026,8598.650554484084,-1215.9562979979692,128.6799151997372,0.0,1.512289377047246,8598.650554484084,128610.60492695855,10147.27010926059
308,5641.8,5641.8,6424.39166365243,0.0013671268363568516,0,0,0,0,hold,False,0,0,-0.0077473025141359285,0,-11.110763773029163,8532.034207425153,-1284.0089418547705,128.6799151997372,0.0,1.512289377047246,8532.034207425153,128610.60492695855,10147.27010926059
309,5624.39,5624.39,6424.39166365243,0.0010445043495016194,0,0,0,0,hold,False,0,0,-0.003085894572653991,0,-11.113849667601817,8505.705249370762,-1310.905571356403,128.6799151997372,0.0,1.512289377047246,8505.705249370762,128610.60492695855,10147.27010926059
310,5595.89,5595.89,6424.39166365243,0.0018395634157346184,0,0,0,0,hold,False,0,0,-0.005067216178110114,0,-11.118916883779928,8462.605002124914,-1354.9350912183509,128.6799151997372,0.0,1.512289377047246,8462.605002124914,128610.60492695855,10147.27010926059
311,5670.92,5670.92,6424.39166365243,0.001045785136113372,0,0,0,0,hold,False,0,0,0.013408054840248766,0,-11.10550882893968,8576.072074084768,-1239.0215868238956,128.6799151997372,0.0,1.512289377047246,8576.072074084768,128610.60492695855,10147.27010926059
312,5669.8,5669.8,6424.39166365243,0.0015796704565077132,0,0,0,0,hold,False,0,0,-0.00019749881853378564,0,-11.105706327758213,8574.378309982476,-1240.7518697096984,128.6799151997372,0.0,1.512289377047246,8574.378309982476,128610.60492695855,10147.27010926059
313,5650.0,5650.0,6424.39166365243,0.0013791120680319334,0,0,0,0,hold,False,0,0,-0.0034921866732512295,0,-11.109198514431464,8544.43498031694,-1271.3407992979992,128.6799151997372,0.0,1.512289377047246,8544.43498031694,128610.60492695855,10147.27010926059
314,5677.32,5677.32,6424.39166365243,0.001500740387739586,0,0,0,0,hold,False,0,0,0.004835398230088433,0,-11.104363116201375,8585.750726097871,-1229.1342560478806,128.6799151997372,0.0,1.512289377047246,8585.750726097871,128610.60492695855,10147.27010926059
315,5676.5,5676.5,6424.39166365243,0.0012581719181182,0,0,0,0,hold,False,0,0,-0.00014443434578276685,0,-11.104507550547158,8584.510648808693,-1230.4010703035565,128.6799151997372,0.0,1.512289377047246,8584.510648808693,128610.60492695855,10147.27010926059
316,5645.62,5645.62,6424.39166365243,0.0011097694995234795,0,0,0,0,hold,False,0,0,-0.005439971813617586,0,-11.109947522360775,8537.811152845474,-1278.107441297836,128.6799151997372,0.0,1.512289377047246,8537.811152845474,128610.60492695855,10147.27010926059
317,5661.0,5661.0,6424.39166365243,0.0011543780509724961,0,0,0,0,hold,False,0,0,0.0027242357792411167,0,-11.107223286581535,8561.07016346446,-1254.3469495267218,128.6799151997372,0.0,1.512289377047246,8561.07016346446,128610.60492695855,10147.27010926059
318,5663.09,5663.09,6424.39166365243,0.0015068393283389513,0,0,0,0,hold,False,0,0,0.0003691927221339579,0,-11.1068540938594,8564.230848262489,-1251.1181180701788,128.6799151997372,0.0,1.512289377047246,8564.230848262489,128610.60492695855,10147.27010926059
319,5656.76,5656.76,6424.39166365243,0.0012793891770842747,0,0,0,0,hold,False,0,0,-0.001117764330074232,0,-11.107971858189474,8554.65805650578,-1260.8973061658326,128.6799151997372,0.0,1.512289377047246,8554.65805650578,128610.60492695855,10147.27010926059
320,5627.5,5627.5,6424.39166365243,0.0018340848006382754,0,0,0,0,hold,False,0,0,-0.005172572285195038,0,-11.11314443047467,8510.408469333377,-1306.1009465574316,128.6799151997372,0.0,1.512289377047246,8510.408469333377,128610.60492695855,10147.27010926059
321,5633.97,5633.97,6424.39166365243,0.0015240363828468119,0,0,0,0,hold,False,0,0,0.0011497112394491934,0,-11.11199471923522,8520.192981602873,-1296.1054731010536,128.6799151997372,0.0,1.512289377047246,8520.192981602873,128610.60492695855,10147.27010926059
322,5587.99,5587.99,6424.39166365243,0.001990094574569061,0,0,0,0,hold,False,0,0,-0.008161207816158084,0,-11.120155927051378,8450.65791604624,-1367.139765144997,128.6799151997372,0.0,1.512289377047246,8450.65791604624,128610.60492695855,10147.27010926059
323,5579.61,5579.61,6424.39166365243,0.0012508514383909207,0,0,0,0,hold,False,0,0,-0.0014996447738810969,0,-11.12165557182526,8437.984931066585,-1380.085988879844,128.6799151997372,0.0,1.512289377047246,8437.984931066585,128610.60492695855,10147.27010926059
324,5655.94,5655.94,6424.39166365243,0.001022367259049184,0,0,0,0,hold,False,0,0,0.01368016761028081,0,-11.10797540421498,8553.4179792166,-1262.1641204215102,128.6799151997372,0.0,1.512289377047246,8553.4179792166,128610.60492695855,10147.27010926059
325,5618.23,5618.23,6424.39166365243,0.0019306338734532704,0,0,0,0,hold,False,0,0,-0.006667326739675429,0,-11.114642730954655,8496.389546808148,-1320.4221272283194,128.6799151997372,0.0,1.512289377047246,8496.389546808148,128610.60492695855,10147.27010926059
326,5614.99,5614.99,6424.39166365243,0.0011661237510318526,0,0,0,0,hold,False,0,0,-0.0005766940833678027,0,-11.115219425038022,8491.489729226516,-1325.4275884336766,128.6799151997372,0.0,1.512289377047246,8491.489729226516,128610.60492695855,10147.27010926059
327,5595.26,5595.26,6424.39166365243,0.0019242404642666345,0,0,0,0,hold,False,0,0,-0.003513808573122961,0,-11.118733233611145,8461.652259817374,-1355.9083753416144,128.6799151997372,0.0,1.512289377047246,8461.652259817374,128610.60492695855,10147.27010926059
328,5576.46,5576.46,6424.39166365243,0.0017806104421549456,0,0,0,0,hold,False,0,0,-0.003359986846008865,0,-11.122093220457154,8433.221219528887,-1384.9524094961635,128.6799151997372,0.0,1.512289377047246,8433.221219528887,128610.60492695855,10147.27010926059
329,5596.18,5596.18,6424.39166365243,0.001658878018110129,0,0,0,0,hold,False,0,0,0.0035362936343127805,0,-11.118556926822842,8463.043566044258,-1354.4870715425623,128.6799151997372,0.0,1.512289377047246,8463.043566044258,128610.60492695855,10147.27010926059
330,5582.72,5582.72,6424.39166365243,0.0019170642571126077,0,0,0,0,hold,False,0,0,-0.0024052121268436488,0,-11.120962138949686,8442.688151029202,-1375.2813640808727,128.6799151997372,0.0,1.512289377047246,8442.688151029202,128610.60492695855,10147.27010926059
331,5599.3,5599.3,6424.39166365243,0.001343945579620632,0,0,0,0,hold,False,0,0,0.002969878482173568,0,-11.117992260467512,8467.761908900646,-1349.6669977892543,128.6799151997372,0.0,1.512289377047246,8467.761908900646,128610.60492695855,10147.27010926059
332,5638.06,5638.06,6424.39166365243,0.0017448722579409379,0,0,0,0,hold,False,0,0,0.006922293858160721,0,-11.111069966609351,8526.378245154996,-1289.7868507770054,128.6799151997372,0.0,1.512289377047246,8526.378245154996,128610.60492695855,10147.27010926059
333,5602.96,5602.96,6424.39166365243,0.0010151766505651484,0,0,0,0,hold,False,0,0,-0.0062255456664172225,0,-11.117295512275769,8473.296888020637,-1344.0126805017208,128.6799151997372,0.0,1.512289377047246,8473.296888020637,128610.60492695855,10147.27010926059
334,5603.14,5603.14,6424.39166365243,0.001128183704257448,0,0,0,0,hold,False,0,0,3.2125876322665225e-05,0,-11.117263386399447,8473.569100108507,-1343.734599323645,128.6799151997372,0.0,1.512289377047246,8473.569100108507,128610.60492695855,10147.27010926059
335,5576.23,5576.23,6424.39166365243,0.0010648584977165278,0,0,0,0,hold,False,0,0,-0.004802664220419468,0,-11.122066050619866,8432.873392972164,-1385.3077354459274,128.6799151997372,0.0,1.512289377047246,8432.873392972164,128610.60492695855,10147.27010926059
336,5615.9,5615.9,6424.39166365243,0.001907947349384574,0,0,0,0,hold,False,0,0,0.007114125493389078,0,-11.114951925126476,8492.86591255963,-1324.021733588963,128.6799151997372,0.0,1.512289377047246,8492.86591255963,128610.60492695855,10147.27010926059
337,5607.26,5607.26,6424.39166365243,0.0017810162993427,0,0,0,0,hold,False,0,0,-0.0015384889332074004,0,-11.116490414059683,8479.799732341942,-1337.3696301365835,128.6799151997372,0.0,1.512289377047246,8479.799732341942,128610.60492695855,10147.27010926059
338,5622.61,5622.61,6424.39166365243,0.001929775920789586,0,0,0,0,hold,False,0,0,0.0027375224262827995,0,-11.1137528916334,8503.013374279615,-1313.6554852284826,128.6799151997372,0.0,1.512289377047246,8503.013374279615,128610.60492695855,10147.27010926059
339,5613.68,5613.68,6424.39166365243,0.0011083706101169513,0,0,0,0,hold,False,0,0,-0.0015882303769954862,0,-11.115341122010395,8489.508630142585,-1327.4514014518918,128.6799151997372,0.0,1.512289377047246,8489.508630142585,128610.60492695855,10147.27010926059
340,5600.38,5600.38,6424.39166365243,0.0016840017019285947,0,0,0,0,hold,False,0,0,-0.0023692123526812972,0,-11.117710334363077,8469.395181427857,-1347.9985107208013,128.6799151997372,0.0,1.512289377047246,8469.395181427857,128610.60492695855,10147.27010926059
341,5648.09,5648.09,6424.39166365243,0.0012249564784982422,0,0,0,0,hold,False,0,0,0.008519064777747226,0,-11.10919126958533,8541.546507606781,-1274.2915495764664,128.6799151997372,0.0,1.512289377047246,8541.546507606781,128610.60492695855,10147.27010926059
342,5609.76,5609.76,6424.39166365243,0.001266509905032254,0,0,0,0,hold,False,0,0,-0.0067863649481506,0,-11.115977634533479,8483.58045578456,-1333.5073915522025,128.6799151997372,0.0,1.512289377047246,8483.58045578456,128610.60492695855,10147.27010926059
343,5606.23,5606.23,6424.39166365243,0.0010756675106576648,0,0,0,0,hold,False,0,0,-0.0006292604318190161,0,-11.116606894965297,8478.242074283582,-1338.9608724333502,128.6799151997372,0.0,1.512289377047246,8478.242074283582,128610.60492695855,10147.27010926059
344,5611.59,5611.59,6424.39166365243,0.0017557401996585375,0,0,0,0,hold,False,0,0,0.0009560792190118077,0,-11.115650815746285,8486.347945344556,-1330.6802329084348,128.6799151997372,0.0,1.512289377047246,8486.347945344556,128610.60492695855,10147.27010926059
345,5629.18,5629.18,6424.39166365243,0.0017125889708582676,0,0,0,0,hold,False,0,0,0.0031345839592700334,0,-11.112516231787016,8512.949115486817,-1303.5055222287283,128.6799151997372,0.0,1.512289377047246,8512.949115486817,128610.60492695855,10147.27010926059
346,5609.19,5609.19,6424.39166365243,0.0012708522664089728,0,0,0,0,hold,False,0,0,-0.0035511388870138293,0,-11.11606737067403,8482.718450839642,-1334.3879819494432,128.6799151997372,0.0,1.512289377047246,8482.718450839642,128610.60492695855,10147.27010926059
347,5610.59,5610.59,6424.39166365243,0.0018246940574227644,0,0,0,0,hold,False,0,0,0.0002495904043186487,0,-11.11581778026971,8484.835655967509,-1332.2251283421883,128.6799151997372,0.0,1.512289377047246,8484.835655967509,128610.60492695855,10147.27010926059
348,5628.29,5628.29,6424.39166365243,0.0018300646441127943,0,0,0,0,hold,False,0,0,0.003154748431091853,0,-11.112663031838618,8511.603177941244,-1304.8804791647672,128.6799151997372,0.0,1.512289377047246,8511.603177941244,128610.60492695855,10147.27010926059
349,5651.35,5651.35,6424.39166365243,0.0018419096382404577,0,0,0,0,buy,True,0,0,-1,0,-12.112663031838618,8546.476570975954,-1269.2551904624324,128.6799151997372,0.0,1.512289377047246,8546.476570975954,128610.60492695855,10147.27010926059
350,5642.78,5642.78,6424.39166365243,0.001799060216861536,0,0,0,0,hold,False,0,0,-0.0015164518212463425,0,-12.114179483659864,8533.516251014658,-1282.4949443296937,128.6799151997372,0.0,1.512289377047246,8533.516251014658,128610.60492695855,10147.27010926059
351,5664.25,5664.25,6424.39166365243,0.0011167456008018444,0,0,0,0,hold,False,0,0,0.003804862142419269,0,-12.110374621517446,8565.985103939864,-1249.3260393670262,128.6799151997372,0.0,1.512289377047246,8565.985103939864,128610.60492695855,10147.27010926059
352,5671.24,5671.24,6424.39166365243,0.0017884699569913859,0,0,0,0,hold,False,0,0,0.0012340557002250177,0,-12.10914056581722,8576.556006685423,-1238.5272202850956,128.6799151997372,0.0,1.512289377047246,8576.556006685423,128610.60492695855,10147.27010926059
353,5661.07,5661.07,6424.39166365243,0.0017614237489190147,0,0,0,0,hold,False,0,0,-0.0017932586171630841,0,-12.110933824434383,8561.176023720853,-1254.2388068463588,128.6799151997372,0.0,1.512289377047246,8561.176023720853,128610.60492695855,10147.27010926059
354,5673.39,5673.39,6424.39166365243,0.0018341347173594358,0,0,0,0,hold,False,0,0,0.0021762670307911023,0,-12.108757557403592,8579.807428846076,-1235.205695102526,128.6799151997372,0.0,1.512289377047246,8579.807428846076,128610.60492695855,10147.27010926059
355,5668.88,5668.88,6424.39166365243,0.0019664830202613874,0,0,0,0,hold,False,0,0,-0.0007949391809835754,0,-12.109552496584575,8572.987003755592,-1242.1731735087506,128.6799151997372,0.0,1.512289377047246,8572.987003755592,128610.60492695855,10147.27010926059
356,5660.59,5660.59,6424.39166365243,0.001867551998354725,0,0,0,0,hold,False,0,0,-0.0014623699919560852,0,-12.11101486657653,8560.45012481987,-1254.9803566545597,128.6799151997372,0.0,1.512289377047246,8560.45012481987,128610.60492695855,10147.27010926059
357,5645.76,5645.76,6424.39166365243,0.0013547823262321415,0,0,0,0,hold,False,0,0,-0.0026198682469493946,0,-12.11363473482348,8538.02287335826,-1277.89115593711,128.6799151997372,0.0,1.512289377047246,8538.02287335826,128610.60492695855,10147.27010926059
358,5643.41,5643.41,6424.39166365243,0.0019276829352696686,0,0,0,0,hold,False,0,0,-0.0004162415688943823,0,-12.114050976392374,8534.468993322198,-1281.5216602064302,128.6799151997372,0.0,1.512289377047246,8534.468993322198,128610.60492695855,10147.27010926059
359,5617.8,5617.8,6424.39166365243,0.0015309000253315788,0,0,0,0,hold,False,0,0,-0.004538036399977936,0,-12.118589012792352,8495.739262376019,-1321.0864322648322,128.6799151997372,0.0,1.512289377047246,8495.739262376019,128610.60492695855,10147.27010926059
360,5627.01,5627.01,6424.39166365243,0.0014929166695145288,0,0,0,0,hold,False,0,0,0.001639431806045124,0,-12.116949580986306,8509.667447538624,-1306.857945319971,128.6799151997372,0.0,1.512289377047246,8509.667447538624,128610.60492695855,10147.27010926059
361,5649.03,5649.03,6424.39166365243,0.0015401376659094435,0,0,0,0,hold,False,0,0,0.003913268325451591,0,-12.113036312660855,8542.968059621204,-1272.8393478687394,128.6799151997372,0.0,1.512289377047246,8542.968059621204,128610.60492695855,10147.27010926059
362,5624.28,5624.28,6424.39166365243,0.0018815996869339493,0,0,0,0,hold,False,0,0,-0.004381283158347447,0,-12.117417595819202,8505.538897539285,-1311.0755098541158,128.6799151997372,0.0,1.512289377047246,8505.538897539285,128610.60492695855,10147.27010926059
363,5647.75,5647.75,6424.39166365243,0.0012399032312268897,0,0,0,0,hold,False,0,0,0.0041729785857034,0,-12.113244617233498,8541.032329218584,-1274.8168140239432,128.6799151997372,0.0,1.512289377047246,8541.032329218584,128610.60492695855,10147.27010926059
364,5641.09,5641.09,6424.39166365243,0.001529953370930053,0,0,0,0,hold,False,0,0,-0.0011792306670797786,0,-12.114423847900579,8530.96048196745,-1285.1058176127353,128.6799151997372,0.0,1.512289377047246,8530.96048196745,128610.60492695855,10147.27010926059
365,5652.2,5652.2,6424.39166365243,0.0017947541182596893,0,0,0,0,hold,False,0,0,0.0019694775300518066,0,-12.112454370370527,8547.762016946444,-1267.9420293437452,128.6799151997372,0.0,1.512289377047246,8547.762016946444,128610.60492695855,10147.27010926059
366,5650.61,5650.61,6424.39166365243,0.001081480194880188,0,0,0,0,hold,False,0,0,-0.00028130639397063226,0,-12.112735676764498,8545.357476836938,-1270.3984130834106,128.6799151997372,0.0,1.512289377047246,8545.357476836938,128610.60492695855,10147.27010926059
367,5679.0,5679.0,6424.39166365243,0.0014327328999434545,0,0,0,0,hold,False,0,0,0.005024236321388529,0,-12.10771144044311,8588.291372251311,-1226.5388317191755,128.6799151997372,0.0,1.512289377047246,8588.291372251311,128610.60492695855,10147.27010926059
368,5687.36,5687.36,6424.39166365243,0.0010077646014364755,0,0,0,0,hold,False,0,0,0.0014720901567175444,0,-12.106239350286392,8600.934111443425,-1213.6235058930051,128.6799151997372,0.0,1.512289377047246,8600.934111443425,128610.60492695855,10147.27010926059
369,5649.78,5649.78,6424.39166365243,0.0013841685688151337,0,0,0,0,hold,False,0,0,-0.0066076351769537075,0,-12.112846985463346,8544.10227665399,-1271.6806762934248,128.6799151997372,0.0,1.512289377047246,8544.10227665399,128610.60492695855,10147.27010926059
370,5654.1,5654.1,6424.39166365243,0.0019305843040287123,0,0,0,0,hold,False,0,0,0.0007646315431752959,0,-12.11208235392017,8550.635366762835,-1265.0067280196126,128.6799151997372,0.0,1.512289377047246,8550.635366762835,128610.60492695855,10147.27010926059
371,5646.05,5646.05,6424.39166365243,0.001198307972408789,0,0,0,0,hold,False,0,0,-0.0014237456005378921,0,-12.11350609952071,8538.461437277603,-1277.4431362613213,128.6799151997372,0.0,1.512289377047246,8538.461437277603,128610.60492695855,10147.27010926059
372,5662.0,5662.0,6424.39166365243,0.0019667268967213424,0,0,0,0,hold,False,0,0,0.002824983838258622,0,-12.11068111568245,8562.582452841507,-1252.8020540929683,128.6799151997372,0.0,1.512289377047246,8562.582452841507,128610.60492695855,10147.27010926059
373,5635.0,5626.716616487866,0,0.0014699882009110102,1.512289377047246,8500.714543003052,8.509223766769823,-1214.8247239294014,sell,False,0,0,-1.0,0,-13.11068111568245,8500.714543003052,-1294.5142308042887,137.18913896650702,8500.714543003052,0.0,0.0,137119.82869372837,10147.27010926059
374,5593.93,5593.93,0,0.0018821772370314499,0,0,0,0,hold,False,0,0,0.007288376220053187,0,-13.103392739462397,8500.714543003052,-1357.9630862685062,137.18913896650702,8500.714543003052,0.0,0.0,137119.82869372837,10147.27010926059
375,5558.29,5558.29,0,0.0011753488932274066,0,0,0,0,hold,False,0,0,0.006371191630928583,0,-13.097021547831469,8500.714543003052,-1413.0231595274472,137.18913896650702,8500.714543003052,0.0,0.0,137119.82869372837,10147.27010926059
376,5591.28,5598.461101233085,5604.065166399485,0.0012843394058400172,1.516883599778804,8500.714543003052,8.500714543003053,0,buy,False,0,0,0,0,-13.097021547831469,8481.32093377123,-1362.0570591679516,145.68985350951007,0.0,1.516883599778804,8481.32093377123,145612.04252218842,10147.27010926059
377,5561.37,5561.37,5604.065166399485,0.0012710750666318266,0,0,0,0,hold,False,0,0,-0.005349401210456199,0,-13.102370949041925,8435.950945301847,-1408.264881591489,145.68985350951007,0.0,1.516883599778804,8435.950945301847,145612.04252218842,10147.27010926059
378,5507.61,5507.61,5604.065166399485,0.0017569537369434725,0,0,0,0,hold,False,0,0,-0.009666682849729675,0,-13.112037631891654,8354.403282977737,-1491.3184601100274,145.68985350951007,0.0,1.516883599778804,8354.403282977737,145612.04252218842,10147.27010926059
379,5470.01,5470.01,5604.065166399485,0.0010004640780331955,0,0,0,0,hold,False,0,0,-0.006826917664830849,0,-13.118864549556486,8297.368459626055,-1549.4065284191238,145.68985350951007,0.0,1.516883599778804,8297.368459626055,145612.04252218842,10147.27010926059
380,5467.52,5467.52,5604.065166399485,0.0011001734199378368,0,0,0,0,hold,False,0,0,-0.00045520940546711446,0,-13.119319758961954,8293.591419462608,-1553.2533180491664,145.68985350951007,0.0,1.516883599778804,8293.591419462608,145612.04252218842,10147.27010926059
381,5360.12,5360.12,5604.065166399485,0.0013947390151410925,0,0,0,0,hold,False,0,0,-0.019643275196067116,0,-13.13896303415802,8130.678120846363,-1719.175087634194,145.68985350951007,0.0,1.516883599778804,8130.678120846363,145612.04252218842,10147.27010926059
382,5277.5,5277.5,5604.065166399485,0.001433067209277704,0,0,0,0,hold,False,0,0,-0.015413834018641328,0,-13.154376868176662,8005.353197832638,-1846.8143483708309,145.68985350951007,0.0,1.516883599778804,8005.353197832638,145612.04252218842,10147.27010926059
383,5372.31,5372.31,5604.065166399485,0.0013614529604855264,0,0,0,0,hold,False,0,0,0.017964945523448596,0,-13.136411922653213,8149.168931927667,-1700.342812296749,145.68985350951007,0.0,1.516883599778804,8149.168931927667,145612.04252218842,10147.27010926059
384,5332.87,5332.87,5604.065166399485,0.0010070388487610452,0,0,0,0,hold,False,0,0,-0.007341348507439147,0,-13.143753271160652,8089.34304275239,-1761.2734882039513,145.68985350951007,0.0,1.516883599778804,8089.34304275239,145612.04252218842,10147.27010926059
385,5312.08,5312.08,5604.065166399485,0.0013181812435103402,0,0,0,0,hold,False,0,0,-0.0038984636790320667,0,-13.147651734839684,8057.807032712989,-1793.3918642716671,145.68985350951007,0.0,1.516883599778804,8057.807032712989,145612.04252218842,10147.27010926059
386,5227.93,5227.93,5604.065166399485,0.0018891753986763616,0,0,0,0,hold,False,0,0,-0.01584125239077726,0,-13.16349298723046,7930.1612777916025,-1923.3948150219449,145.68985350951007,0.0,1.516883599778804,7930.1612777916025,145612.04252218842,10147.27010926059
387,5202.76,5202.76,5604.065166399485,0.0012411258805299342,0,0,0,0,hold,False,0,0,-0.0048145250605879765,0,-13.16830751229105,7891.9813175851705,-1962.2798330894975,145.68985350951007,0.0,1.516883599778804,7891.9813175851705,145612.04252218842,10147.27010926059
388,5203.16,5203.16,5604.065166399485,0.001366249252276493,0,0,0,0,hold,False,0,0,7.688227017958115e-05,0,-13.168230630020869,7892.588071025081,-1961.661874915997,145.68985350951007,0.0,1.516883599778804,7892.588071025081,145612.04252218842,10147.27010926059
389,5145.0,5145.0,5604.065166399485,0.0015408427380030282,0,0,0,0,hold,False,0,0,-0.011177822707739147,0,-13.179408452728607,7804.366120861946,-2051.5129933430453,145.68985350951007,0.0,1.516883599778804,7804.366120861946,145612.04252218842,10147.27010926059
390,5135.0,5135.0,5604.065166399485,0.0017751839612419726,0,0,0,0,hold,False,0,0,-0.001943634596695808,0,-13.181352087325303,7789.197284864158,-2066.961947680571,145.68985350951007,0.0,1.516883599778804,7789.197284864158,145612.04252218842,10147.27010926059
391,5058.32,5058.32,5604.065166399485,0.001969155657580758,0,0,0,0,hold,False,0,0,-0.01493281402142165,0,-13.196284901346724,7672.882650433119,-2185.424529540718,145.68985350951007,0.0,1.516883599778804,7672.882650433119,145612.04252218842,10147.27010926059
392,5072.14,5072.14,5604.065166399485,0.0012711520354477981,0,0,0,0,hold,False,0,0,0.002732132407597893,0,-13.193552768939126,7693.845981782063,-2164.074074646257,145.68985350951007,0.0,1.516883599778804,7693.845981782063,145612.04252218842,10147.27010926059
393,5014.99,5014.99,5604.065166399485,0.0012139393090914942,0,0,0,0,buy,True,0,0,-1,0,-14.193552768939126,7607.156084054704,-2252.364848685217,145.68985350951007,0.0,1.516883599778804,7607.156084054704,145612.04252218842,10147.27010926059
394,4948.91,4948.91,5604.065166399485,0.0014424155367641143,0,0,0,0,hold,False,0,0,-0.013176496862406517,0,-14.206729265801533,7506.92041578132,-2354.4515389475864,145.68985350951007,0.0,1.516883599778804,7506.92041578132,145612.04252218842,10147.27010926059
395,4942.75,4942.75,5604.065166399485,0.0019204610117926763,0,0,0,0,hold,False,0,0,-0.0012447185339801627,0,-14.207973984335514,7497.576412806683,-2363.968094819502,145.68985350951007,0.0,1.516883599778804,7497.576412806683,145612.04252218842,10147.27010926059
396,4910.03,4910.03,5604.065166399485,0.0016377260159197902,0,0,0,0,hold,False,0,0,-0.006619796671893201,0,-14.214593781007407,7447.94398142192,-2414.5170734118865,145.68985350951007,0.0,1.516883599778804,7447.94398142192,145612.04252218842,10147.27010926059
397,4985.38,4985.38,5604.065166399485,0.0019423501667229135,0,0,0,0,hold,False,0,0,0.015346138414633006,0,-14.199247642592773,7562.241160665254,-2298.1092024786303,145.68985350951007,0.0,1.516883599778804,7562.241160665254,145612.04252218842,10147.27010926059
398,4975.29,4975.29,5604.065166399485,0.0010678299082247378,0,0,0,0,hold,False,0,0,-0.0020239179360450354,0,-14.201271560528818,7546.935805143486,-2313.697197405194,145.68985350951007,0.0,1.516883599778804,7546.935805143486,145612.04252218842,10147.27010926059
399,5008.29,5008.29,5604.065166399485,0.0016405371021927383,0,0,0,0,hold,False,0,0,0.006632779194780621,0,-14.194638781334037,7596.992963936186,-2262.715648091359,145.68985350951007,0.0,1.516883599778804,7596.992963936186,145612.04252218842,10147.27010926059
400,4954.01,4954.01,5604.065166399485,0.001326672879788883,0,0,0,0,hold,False,0,0,-0.010838030545355839,0,-14.205476811879393,7514.6565221401925,-2346.572572235448,145.68985350951007,0.0,1.516883599778804,7514.6565221401925,145612.04252218842,10147.27010926059
401,4812.43,4812.43,5604.065166399485,0.001965314183868958,0,0,0,0,hold,False,0,0,-0.028578868431835908,0,-14.23405568031123,7299.89614208351,-2565.2988677461362,145.68985350951007,0.0,1.516883599778804,7299.89614208351,145612.04252218842,10147.27010926059
402,4754.98,4754.98,5604.065166399485,0.0017819124434657406,0,0,0,0,hold,False,0,0,-0.011937835978913198,0,-14.245993516290142,7212.751179276216,-2654.0531104152224,145.68985350951007,0.0,1.516883599778804,7212.751179276216,145612.04252218842,10147.27010926059
403,4690.0,4690.0,5604.065166399485,0.0012864096994726001,0,0,0,0,hold,False,0,0,-0.013665672621125462,0,-14.259659188911266,7114.184082962591,-2754.4404157004637,145.68985350951007,0.0,1.516883599778804,7114.184082962591,145612.04252218842,10147.27010926059
404,4671.19,4671.19,5604.065166399485,0.0019824153176783536,0,0,0,0,hold,False,0,0,-0.004010660980810336,0,-14.263669849892077,7085.651502450751,-2783.4998988093494,145.68985350951007,0.0,1.516883599778804,7085.651502450751,145612.04252218842,10147.27010926059
405,4514.68,4514.68,5604.065166399485,0.001855239097828905,0,0,0,0,hold,False,0,0,-0.03350538085584176,0,-14.297175230747918,6848.244050249371,-3025.291483145963,145.68985350951007,0.0,1.516883599778804,6848.244050249371,145612.04252218842,10147.27010926059
406,4596.12,4596.12,5604.065166399485,0.0015651404476300374,0,0,0,0,hold,False,0,0,0.018038930776932034,0,-14.279136299970986,6971.779050615356,-2899.4751990211544,145.68985350951007,0.0,1.516883599778804,6971.779050615356,145612.04252218842,10147.27010926059
407,4598.55,4598.55,5604.065166399485,0.0013215169832546724,0,0,0,0,hold,False,0,0,0.0005287068222763096,0,-14.27860759314871,6975.465077762819,-2895.7211031171355,145.68985350951007,0.0,1.516883599778804,6975.465077762819,145612.04252218842,10147.27010926059
408,4511.84,4511.84,5604.065166399485,0.0011190649445438753,0,0,0,0,hold,False,0,0,-0.018855943721390434,0,-14.2974635368701,6843.936100825999,-3029.6789861778207,145.68985350951007,0.0,1.516883599778804,6843.936100825999,145612.04252218842,10147.27010926059
409,4574.98,4574.98,5604.065166399485,0.0012342184423395296,0,0,0,0,hold,False,0,0,0.013994290577679827,0,-14.283469246292421,6939.712131316031,-2932.1342884906844,145.68985350951007,0.0,1.516883599778804,6939.712131316031,145612.04252218842,10147.27010926059
410,4597.68,4597.68,5604.065166399485,0.0011542868025363317,0,0,0,0,hold,False,0,0,0.004961770324679159,0,-14.278507475967743,6974.145389031011,-2897.0651621444995,145.68985350951007,0.0,1.516883599778804,6974.145389031011,145612.04252218842,10147.27010926059
411,4867.06,4867.06,5604.065166399485,0.0014290978911415354,0,0,0,0,hold,False,0,0,0.05859041951592983,0,-14.219917056451813,7382.763493139426,-2480.901230200233,145.68985350951007,0.0,1.516883599778804,7382.763493139426,145612.04252218842,10147.27010926059
412,4952.05,4952.05,5604.065166399485,0.0012233876974232884,0,0,0,0,hold,False,0,0,0.01746228729458851,0,-14.202454769157224,7511.683430284626,-2349.6005672856027,145.68985350951007,0.0,1.516883599778804,7511.683430284626,145612.04252218842,10147.27010926059
413,4857.17,4857.17,5604.065166399485,0.0019174633013979332,0,0,0,0,hold,False,0,0,-0.01915974192506136,0,-14.221614511082286,7367.761514337613,-2496.1802460400468,145.68985350951007,0.0,1.516883599778804,7367.761514337613,145612.04252218842,10147.27010926059
414,4640.33,4640.33,5604.065166399485,0.0011017519548734997,0,0,0,0,hold,False,0,0,-0.04464327993461217,0,-14.2662577910169,7038.840474561577,-2831.175371894953,145.68985350951007,0.0,1.516883599778804,7038.840474561577,145612.04252218842,10147.27010926059
415,4729.51,4729.51,5604.065166399485,0.0011178419189377174,0,0,0,0,hold,False,0,0,0.019218460756023868,0,-14.247039330260876,7174.116153989851,-2693.4015971128993,145.68985350951007,0.0,1.516883599778804,7174.116153989851,145612.04252218842,10147.27010926059
416,4673.93,4673.93,5604.065166399485,0.0015161971169119558,0,0,0,0,hold,False,0,0,-0.011751745952540534,0,-14.258791076213416,7089.807763514145,-2779.266885320867,145.68985350951007,0.0,1.516883599778804,7089.807763514145,145612.04252218842,10147.27010926059
417,4495.26,4495.26,5604.065166399485,0.0010587005735052293,0,0,0,0,hold,False,0,0,-0.03822693108369182,0,-14.297018007297108,6818.786170741667,-3055.293352469438,145.68985350951007,0.0,1.516883599778804,6818.786170741667,145612.04252218842,10147.27010926059
418,4542.55,4542.55,5604.065166399485,0.0019053005817585616,0,0,0,0,hold,False,0,0,0.010519969923875305,0,-14.286498037373233,6890.519596175206,-2982.2352474072786,145.68985350951007,0.0,1.516883599778804,6890.519596175206,145612.04252218842,10147.27010926059
419,4457.71,4457.71,5604.065166399485,0.0014545319640756674,0,0,0,0,hold,False,0,0,-0.018676734433302863,0,-14.305174771806536,6761.8271915699725,-3113.3041760068472,145.68985350951007,0.0,1.516883599778804,6761.8271915699725,145612.04252218842,10147.27010926059
420,4558.86,4558.86,5604.065166399485,0.0011250687438194853,0,0,0,0,hold,False,0,0,0.022691022969192627,0,-14.282483748837343,6915.259967687598,-2957.038002882776,145.68985350951007,0.0,1.516883599778804,6915.259967687598,145612.04252218842,10147.27010926059
421,4484.82,4484.82,5604.065166399485,0.0012667485402626322,0,0,0,0,hold,False,0,0,-0.016240902330845946,0,-14.29872465116819,6802.949905959975,-3071.422060797815,145.68985350951007,0.0,1.516883599778804,6802.949905959975,145612.04252218842,10147.27010926059
422,4468.06,4468.06,5604.065166399485,0.0013185668632587912,0,0,0,0,hold,False,0,0,-0.0037370507623492753,0,-14.30246170193054,6777.526936827683,-3097.3145082675073,145.68985350951007,0.0,1.516883599778804,6777.526936827683,145612.04252218842,10147.27010926059
423,4557.62,4557.62,5604.065166399485,0.0014450154738345185,0,0,0,0,hold,False,0,0,0.02004449358334481,0,-14.282417208347194,6913.379032023872,-2958.953673220628,145.68985350951007,0.0,1.516883599778804,6913.379032023872,145612.04252218842,10147.27010926059
424,4635.0,4635.0,5604.065166399485,0.0010935428477412156,0,0,0,0,hold,False,0,0,0.016978159653503445,0,-14.265439048693692,7030.755484974757,-2839.4096645568543,145.68985350951007,0.0,1.516883599778804,7030.755484974757,145612.04252218842,10147.27010926059
425,4640.0,4640.0,5604.065166399485,0.0011328168067008006,0,0,0,0,hold,False,0,0,0.0010787486515641135,0,-14.264360300042128,7038.33990297365,-2831.6851873880914,145.68985350951007,0.0,1.516883599778804,7038.33990297365,145612.04252218842,10147.27010926059
426,4504.56,4504.56,5604.065166399485,0.001974066651483931,0,0,0,0,hold,False,0,0,-0.02918965517241374,0,-14.29354995521454,6832.893188219609,-3040.925824935539,145.68985350951007,0.0,1.516883599778804,6832.893188219609,145612.04252218842,10147.27010926059
427,4594.6,4594.6,5604.065166399485,0.0015703943159653877,0,0,0,0,hold,False,0,0,0.019988633740032378,0,-14.273561321474508,6969.473387543693,-2901.8234400804577,145.68985350951007,0.0,1.516883599778804,6969.473387543693,145612.04252218842,10147.27010926059
428,4653.78,4653.78,5604.065166399485,0.001440788157398043,0,0,0,0,hold,False,0,0,0.01288033778783773,0,-14.26068098368667,7059.242558978602,-2810.396528310982,145.68985350951007,0.0,1.516883599778804,7059.242558978602,145612.04252218842,10147.27010926059
429,4727.63,4727.63,5604.065166399485,0.0019997234632775614,0,0,0,0,hold,False,0,0,0.015868820614640285,0,-14.24481216307203,7171.264412822267,-2696.306000528354,145.68985350951007,0.0,1.516883599778804,7171.264412822267,145612.04252218842,10147.27010926059
430,4724.83,4724.83,5604.065166399485,0.0016476224318605734,0,0,0,0,hold,False,0,0,-0.0005922629308977692,0,-14.245404426002928,7167.017138742886,-2700.631707742861,145.68985350951007,0.0,1.516883599778804,7167.017138742886,145612.04252218842,10147.27010926059
431,4681.11,4681.11,5604.065166399485,0.0015041658950459883,0,0,0,0,hold,False,0,0,-0.009253242973821352,0,-14.25465766897675,7100.6989877605565,-2768.174536106524,145.68985350951007,0.0,1.516883599778804,7100.6989877605565,145612.04252218842,10147.27010926059
432,4624.15,4624.15,5604.065166399485,0.001839428126183974,0,0,0,0,hold,False,0,0,-0.012168054158095038,0,-14.266825723134845,7014.297297917155,-2856.17178001307,145.68985350951007,0.0,1.516883599778804,7014.297297917155,145612.04252218842,10147.27010926059
433,4680.98,4680.98,5604.065166399485,0.0014270890931370895,0,0,0,0,hold,False,0,0,0.01228982623833577,0,-14.25453589689651,7100.501792892585,-2768.375372512912,145.68985350951007,0.0,1.516883599778804,7100.501792892585,145612.04252218842,10147.27010926059
434,4562.52,4562.52,5604.065166399485,0.0018356679265909383,0,0,0,0,hold,False,0,0,-0.02530666655273022,0,-14.27984256344924,6920.81176166279,-2951.3836855952395,145.68985350951007,0.0,1.516883599778804,6920.81176166279,145612.04252218842,10147.27010926059
435,4556.8,4556.8,5604.065166399485,0.0017501404619130758,0,0,0,0,hold,False,0,0,-0.0012536931344959794,0,-14.281096256583735,6912.135187472054,-2960.2204874763047,145.68985350951007,0.0,1.516883599778804,6912.135187472054,145612.04252218842,10147.27010926059
436,4632.87,4632.87,5604.065166399485,0.0011793257885372324,0,0,0,0,hold,False,0,0,0.016693732443820143,0,-14.264402524139916,7027.524522907227,-2842.700291830748,145.68985350951007,0.0,1.516883599778804,7027.524522907227,145612.04252218842,10147.27010926059
437,4620.73,4620.73,5604.065166399485,0.0015448164142423954,0,0,0,0,hold,False,0,0,-0.002620405925484678,0,-14.267022930065401,7009.109556005912,-2861.455322396504,145.68985350951007,0.0,1.516883599778804,7009.109556005912,145612.04252218842,10147.27010926059
438,4563.92,4563.92,5604.065166399485,0.001209031606136803,0,0,0,0,hold,False,0,0,-0.012294594144215227,0,-14.279317524209617,6922.935398702479,-2949.2208319879865,145.68985350951007,0.0,1.516883599778804,6922.935398702479,145612.04252218842,10147.27010926059
439,4556.0,4556.0,5604.065166399485,0.0017636659190695713,0,0,0,0,hold,False,0,0,-0.0017353503128889295,0,-14.281052874522505,6910.921680592231,-2961.4564038233075,145.68985350951007,0.0,1.516883599778804,6910.921680592231,145612.04252218842,10147.27010926059
440,4543.99,4543.99,5604.065166399485,0.001879613108504762,0,0,0,0,hold,False,0,0,-0.0026360842844601147,0,-14.283688958806964,6892.703908558887,-2980.010597982676,145.68985350951007,0.0,1.516883599778804,6892.703908558887,145612.04252218842,10147.27010926059
441,4552.68,4552.68,5604.065166399485,0.0016689573198265949,0,0,0,0,hold,False,0,0,0.0019124161804934406,0,-14.28177654262647,6905.885627040965,-2966.585456663365,145.68985350951007,0.0,1.516883599778804,6905.885627040965,145612.04252218842,10147.27010926059
442,4583.41,4583.41,5604.065166399485,0.0012911462376273097,0,0,0,0,hold,False,0,0,0.006749870406002594,0,-14.275026672220468,6952.499460062168,-2919.11081998415,145.68985350951007,0.0,1.516883599778804,6952.499460062168,145612.04252218842,10147.27010926059
443,4615.03,4615.03,5604.065166399485,0.0010145298697011814,0,0,0,0,hold,False,0,0,0.0068987936929054555,0,-14.268127878527563,7000.463319487173,-2870.2612263688934,145.68985350951007,0.0,1.516883599778804,7000.463319487173,145612.04252218842,10147.27010926059
444,4661.07,4661.07,5604.065166399485,0.001817290696066328,0,0,0,0,hold,False,0,0,0.009976099830336952,0,-14.258151778697226,7070.300640420989,-2799.1342405989253,145.68985350951007,0.0,1.516883599778804,7070.300640420989,145612.04252218842,10147.27010926059
445,4645.38,4645.38,5604.065166399485,0.001881824501329941,0,0,0,0,hold,False,0,0,-0.003366179868570831,0,-14.261517958565797,7046.5007367404605,-2823.373649954503,145.68985350951007,0.0,1.516883599778804,7046.5007367404605,145612.04252218842,10147.27010926059
446,4719.59,4719.59,5604.065166399485,0.0014463518080119427,0,0,0,0,hold,False,0,0,0.015975011732086486,0,-14.24554294683371,7159.068668680045,-2708.7269598157245,145.68985350951007,0.0,1.516883599778804,7159.068668680045,145612.04252218842,10147.27010926059
447,4671.45,4662.754261818069,0,0.0018614644664785678,1.516883599778804,7065.782614081001,7.072855469550552,-1434.9319289220512,sell,False,0,0,-1.0,0,-15.24554294683371,7065.782614081001,-2783.098225996574,152.76270897906062,7065.782614081001,0.0,0.0,152684.89799173898,10147.27010926059
448,4636.71,4636.71,0,0.0010512142322104364,0,0,0,0,hold,False,0,0,0.007436663134572731,0,-15.238106283699137,7065.782614081001,-2836.7678933651378,152.76270897906062,7065.782614081001,0.0,0.0,152684.89799173898,10147.27010926059
449,4612.72,4612.72,0,0.0011761558062038133,0,0,0,0,hold,False,0,0,0.005173927202693242,0,-15.232932356496445,7065.782614081001,-2873.829934820861,152.76270897906062,7065.782614081001,0.0,0.0,152684.89799173898,10147.27010926059
450,4644.5,4644.5,0,0.001089608595690092,0,0,0,0,hold,False,0,0,-0.006889644287968865,0,-15.239822000784413,7065.782614081001,-2824.7331579362053,152.76270897906062,7065.782614081001,0.0,0.0,152684.89799173898,10147.27010926059
451,4613.03,4613.03,0,0.0014545961616558418,0,0,0,0,hold,False,0,0,0.006775756270858059,0,-15.233046244513554,7065.782614081001,-2873.3510172363985,152.76270897906062,7065.782614081001,0.0,0.0,152684.89799173898,10147.27010926059
452,4630.02,4630.02,0,0.0012767292423047625,0,0,0,0,hold,False,0,0,-0.003683045633780984,0,-15.236729290147336,7065.782614081001,-2847.1032438169414,152.76270897906062,7065.782614081001,0.0,0.0,152684.89799173898,10147.27010926059
453,4637.39,4637.39,0,0.0015062269556209177,0,0,0,0,sell,True,0,0,-1,0,-16.236729290147338,7065.782614081001,-2835.717364470185,152.76270897906062,7065.782614081001,0.0,0.0,152684.89799173898,10147.27010926059
454,4559.16,4559.16,0,0.00138721190171793,0,0,0,0,hold,False,0,0,0.01686940283219666,0,-16.219859887315142,7065.782614081001,-2956.5745342526498,152.76270897906062,7065.782614081001,0.0,0.0,152684.89799173898,10147.27010926059
455,4582.8,4582.8,0,0.0017358952428479471,0,0,0,0,hold,False,0,0,-0.005185165688416359,0,-16.22504505300356,7065.782614081001,-2920.053206198738,152.76270897906062,7065.782614081001,0.0,0.0,152684.89799173898,10147.27010926059
456,4560.02,4560.02,0,0.0014726022150642558,0,0,0,0,hold,False,0,0,0.004970760233918073,0,-16.22007429276964,7065.782614081001,-2955.2459241796214,152.76270897906062,7065.782614081001,0.0,0.0,152684.89799173898,10147.27010926059
457,4525.0,4525.0,0,0.0014748357656656878,0,0,0,0,hold,False,0,0,0.007679790878110279,0,-16.21239450189153,7065.782614081001,-3009.348162269637,152.76270897906062,7065.782614081001,0.0,0.0,152684.89799173898,10147.27010926059
458,4529.36,4529.36,0,0.0011248609923201133,0,0,0,0,hold,False,0,0,-0.0009635359116021376,0,-16.213358037803133,7065.782614081001,-3002.612418178476,152.76270897906062,7065.782614081001,0.0,0.0,152684.89799173898,10147.27010926059
459,4558.99,4558.99,0,0.001539266021257237,0,0,0,0,hold,False,0,0,-0.006541763074694904,0,-16.219899800877826,7065.782614081001,-2956.837166476387,152.76270897906062,7065.782614081001,0.0,0.0,152684.89799173898,10147.27010926059
460,4562.43,4562.43,0,0.0016753606836542984,0,0,0,0,hold,False,0,0,-0.0007545530918033401,0,-16.22065435396963,7065.782614081001,-2951.5227261842774,152.76270897906062,7065.782614081001,0.0,0.0,152684.89799173898,10147.27010926059
461,4526.58,4526.58,0,0.0013422654387653156,0,0,0,0,hold,False,0,0,0.007857654802375129,0,-16.212796699167253,7065.782614081001,-3006.9072274843084,152.76270897906062,7065.782614081001,0.0,0.0,152684.89799173898,10147.27010926059
462,4569.99,4569.99,0,0.0014388372865996755,0,0,0,0,hold,False,0,0,-0.009590021605715541,0,-16.222386720772967,7065.782614081001,-2939.843316705109,152.76270897906062,7065.782614081001,0.0,0.0,152684.89799173898,10147.27010926059
463,4532.45,4532.45,0,0.0014928114058273853,0,0,0,0,hold,False,0,0,0.008214459987877428,0,-16.21417226078509,7065.782614081001,-2997.8386912881806,152.76270897906062,7065.782614081001,0.0,0.0,152684.89799173898,10147.27010926059
464,4496.0,4496.0,0,0.0011530987962924612,0,0,0,0,hold,False,0,0,0.008042008185418443,0,-16.20613025259967,7065.782614081001,-3054.150129848461,152.76270897906062,7065.782614081001,0.0,0.0,152684.89799173898,10147.27010926059
465,4516.82,4516.82,0,0.0015196767201359584,0,0,0,0,hold,False,0,0,-0.004630782918149401,0,-16.21076103551782,7065.782614081001,-3021.9854069177336,152.76270897906062,7065.782614081001,0.0,0.0,152684.89799173898,10147.27010926059
466,4543.0,4543.0,0,0.0011529865325769892,0,0,0,0,hold,False,0,0,-0.005796113194681278,0,-16.2165571487125,7065.782614081001,-2981.540044462091,152.76270897906062,7065.782614081001,0.0,0.0,152684.89799173898,10147.27010926059
467,4520.0,4520.0,0,0.0017814273938714367,0,0,0,0,hold,False,0,0,0.005062733876293198,0,-16.211494414836206,7065.782614081001,-3017.0726394384,152.76270897906062,7065.782614081001,0.0,0.0,152684.89799173898,10147.27010926059
468,4370.0,4370.0,0,0.0016255482634460095,0,0,0,0,hold,False,0,0,0.033185840707964605,0,-16.17830857412824,7065.782614081001,-3248.806954501285,152.76270897906062,7065.782614081001,0.0,0.0,152684.89799173898,10147.27010926059
469,4397.59,4402.137900740543,4406.544445185729,0.0010341802533986044,1.603474718563332,7065.782614081001,7.065782614081002,0,buy,False,0,0,0,0,-16.17830857412824,7051.424387606923,-3206.183289484051,159.82849159314162,0.0,1.603474718563332,7051.424387606923,159743.6148232059,10147.27010926059
470,4293.37,4293.37,4406.544445185729,0.0014212882252538927,0,0,0,0,hold,False,0,0,-0.023699344413644702,0,-16.202007918541884,6884.310252438253,-3367.192291589744,159.82849159314162,0.0,1.603474718563332,6884.310252438253,159743.6148232059,10147.27010926059
471,4296.41,4296.41,4406.544445185729,0.0010541085715682216,0,0,0,0,hold,False,0,0,0.0007080684869926155,0,-16.20129985005489,6889.184815582685,-3362.4958094711365,159.82849159314162,0.0,1.603474718563332,6889.184815582685,159743.6148232059,10147.27010926059
472,4318.73,4318.73,4406.544445185729,0.0013202106068623078,0,0,0,0,hold,False,0,0,0.005195034924506767,0,-16.196104815130383,6924.974371301018,-3328.01374338978,159.82849159314162,0.0,1.603474718563332,6924.974371301018,159743.6148232059,10147.27010926059
473,4304.17,4304.17,4406.544445185729,0.0014669150140295497,0,0,0,0,hold,False,0,0,-0.003371361488215261,0,-16.1994761766186,6901.6277793987365,-3350.5074209052163,159.82849159314162,0.0,1.603474718563332,6901.6277793987365,159743.6148232059,10147.27010926059
474,4353.04,4353.04,4406.544445185729,0.0019163184268913892,0,0,0,0,hold,False,0,0,0.011354105437285275,0,-16.188122071181315,6979.989588894927,-3275.008381057728,159.82849159314162,0.0,1.603474718563332,6979.989588894927,159743.6148232059,10147.27010926059
475,4380.01,4380.01,4406.544445185729,0.0011792827368092705,0,0,0,0,hold,False,0,0,0.006195670152353412,0,-16.18192640102896,7023.235302054581,-3233.342551209421,159.82849159314162,0.0,1.603474718563332,7023.235302054581,159743.6148232059,10147.27010926059
476,4355.08,4355.08,4406.544445185729,0.0016587262366302056,0,0,0,0,hold,False,0,0,-0.005691767827014164,0,-16.187618168855973,6983.260677320796,-3271.856794372873,159.82849159314162,0.0,1.603474718563332,6983.260677320796,159743.6148232059,10147.27010926059
477,4417.48,4417.48,4406.544445185729,0.0013012122925508244,0,0,0,0,hold,False,0,0,0.014328095006291305,0,-16.17329007384968,7083.317499759147,-3175.455319306713,159.82849159314162,0.0,1.603474718563332,7083.317499759147,159743.6148232059,10147.27010926059
478,4410.0,4410.0,4406.544445185729,0.001281177115892453,0,0,0,0,hold,False,0,0,-0.001693273087823681,0,-16.174983346937506,7071.323508864294,-3187.011137151182,159.82849159314162,0.0,1.603474718563332,7071.323508864294,159743.6148232059,10147.27010926059
479,4401.98,4401.98,4406.544445185729,0.0016581961205464025,0,0,0,0,hold,False,0,0,-0.001818594104308523,0,-16.176801941041813,7058.463641621415,-3199.4011985298785,159.82849159314162,0.0,1.603474718563332,7058.463641621415,159743.6148232059,10147.27010926059
480,4396.37,4396.37,4406.544445185729,0.001027217566267032,0,0,0,0,hold,False,0,0,-0.0012744265080711934,0,-16.178076367549885,7049.468148450276,-3208.06806191323,159.82849159314162,0.0,1.603474718563332,7049.468148450276,159743.6148232059,10147.27010926059
481,4359.3,4359.3,4406.544445185729,0.00197126578019709,0,0,0,0,hold,False,0,0,-0.008431956364000303,0,-16.186508323913884,6990.0273406331335,-3265.337335642437,159.82849159314162,0.0,1.603474718563332,6990.0273406331335,159743.6148232059,10147.27010926059
482,4379.53,4379.53,4406.544445185729,0.0016992971970149924,0,0,0,0,hold,False,0,0,0.00464065331589923,0,-16.181867670597985,7022.465634189669,-3234.0841010176227,159.82849159314162,0.0,1.603474718563332,7022.465634189669,159743.6148232059,10147.27010926059
483,4407.47,4407.47,4406.544445185729,0.0012449656271316153,0,0,0,0,hold,False,0,0,0.00637968001132552,0,-16.17548799058666,7067.266717826329,-3190.9197225985754,159.82849159314162,0.0,1.603474718563332,7067.266717826329,159743.6148232059,10147.27010926059
484,4404.99,4404.99,4406.544445185729,0.001970385707037878,0,0,0,0,hold,False,0,0,-0.0005626810846132998,0,-16.176050671671273,7063.290100524291,-3194.7510632742824,159.82849159314162,0.0,1.603474718563332,7063.290100524291,159743.6148232059,10147.27010926059
485,4347.71,4347.71,4406.544445185729,0.001966751932565674,0,0,0,0,hold,False,0,0,-0.013003434741054939,0,-16.18905410641233,6971.443068644984,-3283.2426737196292,159.82849159314162,0.0,1.603474718563332,6971.443068644984,159743.6148232059,10147.27010926059
486,4347.87,4347.87,4406.544445185729,0.0014380909030956204,0,0,0,0,hold,False,0,0,3.680098258625629e-05,0,-16.189017305429743,6971.699624599954,-3282.995490450229,159.82849159314162,0.0,1.603474718563332,6971.699624599954,159743.6148232059,10147.27010926059
487,4349.56,4349.56,4406.544445185729,0.0019397643171465645,0,0,0,0,hold,False,0,0,0.0003886960741698018,0,-16.188628609355575,6974.4094968743275,-3280.3846171671867,159.82849159314162,0.0,1.603474718563332,6974.4094968743275,159743.6148232059,10147.27010926059
488,4372.45,4372.45,4406.544445185729,0.0010569040314675187,0,0,0,0,hold,False,0,0,0.005262601274611452,0,-16.183366008080963,7011.1130331822405,-3245.021960688591,159.82849159314162,0.0,1.603474718563332,7011.1130331822405,159743.6148232059,10147.27010926059
489,4343.11,4343.11,4406.544445185729,0.0013683581720099816,0,0,0,0,hold,False,0,0,-0.006710196800420879,0,-16.190076204881382,6964.067084939592,-3290.3491927148916,159.82849159314162,0.0,1.603474718563332,6964.067084939592,159743.6148232059,10147.27010926059
490,4385.99,4385.99,4406.544445185729,0.0017031453549676966,0,0,0,0,hold,False,0,0,0.009873109361724745,0,-16.18020309551966,7032.824080871588,-3224.1040765155813,159.82849159314162,0.0,1.603474718563332,7032.824080871588,159743.6148232059,10147.27010926059
491,4450.51,4450.51,4406.544445185729,0.0012496814818923202,0,0,0,0,hold,False,0,0,0.014710475856078153,0,-16.16549261966358,7136.280269713295,-3124.427423129865,159.82849159314162,0.0,1.603474718563332,7136.280269713295,159743.6148232059,10147.27010926059
492,4420.61,4420.61,4406.544445185729,0.0013706404683392808,0,0,0,0,hold,False,0,0,-0.006718331157552799,0,-16.172210950821135,7088.336375628251,-3170.6197965990677,159.82849159314162,0.0,1.603474718563332,7088.336375628251,159743.6148232059,10147.27010926059
493,4510.78,4510.78,4406.544445185729,0.001521603279220898,0,0,0,0,hold,False,0,0,0.020397637430128443,0,-16.151813313391006,7232.921691001106,-3031.316575337599,159.82849159314162,0.0,1.603474718563332,7232.921691001106,159743.6148232059,10147.27010926059
494,4493.35,4493.35,4406.544445185729,0.0018829454608808914,0,0,0,0,hold,False,0,0,-0.0038640767228726113,0,-16.15567739011388,7204.973126656549,-3058.2441027479053,159.82849159314162,0.0,1.603474718563332,7204.973126656549,159743.6148232059,10147.27010926059
495,4435.6,4435.6,4406.544445185729,0.0017738886874038894,0,0,0,0,hold,False,0,0,-0.012852326215407188,0,-16.168529716329285,7112.372461659516,-3147.4618140471157,159.82849159314162,0.0,1.603474718563332,7112.372461659516,159743.6148232059,10147.27010926059
496,4443.78,4436.868663407488,0,0.0015552832481607016,1.603474718563332,7107.29232462843,7.11440673135979,41.50971054742877,sell,False,0,0,-1.0,0,-17.168529716329285,7107.29232462843,-3134.824569399021,166.9428983245014,7107.29232462843,0.0,0.0,166858.02155456567,10147.27010926059
497,4442.28,4442.28,0,0.00180823687233204,0,0,0,0,hold,False,0,0,0.0003375504637943373,0,-17.16819216586549,7107.29232462843,-3137.1419125496495,166.9428983245014,7107.29232462843,0.0,0.0,166858.02155456567,10147.27010926059
498,4413.39,4413.39,0,0.0013658186037930578,0,0,0,0,hold,False,0,0,0.006503417164158815,0,-17.161688748701334,7107.29232462843,-3181.7739416307604,166.9428983245014,7107.29232462843,0.0,0.0,166858.02155456567,10147.27010926059
499,4414.29,4414.29,0,0.0013526668877112682,0,0,0,0,hold,False,0,0,-0.0002039248740763078,0,-17.16189267357541,7107.29232462843,-3180.383535740383,166.9428983245014,7107.29232462843,0.0,0.0,166858.02155456567,10147.27010926059
500,4389.04,4389.04,0,0.0011576622161141759,0,0,0,0,hold,False,0,0,0.005720059171463588,0,-17.156172614403946,7107.29232462843,-3219.3921454426354,166.9428983245014,7107.29232462843,0.0,0.0,166858.02155456567,10147.27010926059
501,4425.98,4425.98,0,0.0013544410727403876,0,0,0,0,hold,False,0,0,-0.00841641908025436,0,-17.1645890334842,7107.29232462843,-3162.3237081198167,166.9428983245014,7107.29232462843,0.0,0.0,166858.02155456567,10147.27010926059
502,4442.04,4442.04,0,0.0017530885160032417,0,0,0,0,hold,False,0,0,-0.003628574914482307,0,-17.168217608398685,7107.29232462843,-3137.51268745375,166.9428983245014,7107.29232462843,0.0,0.0,166858.02155456567,10147.27010926059
503,4379.83,4379.83,0,0.0012989372723783551,0,0,0,0,hold,False,0,0,0.014004826611196666,0,-17.15421278178749,7107.29232462843,-3233.6206323874967,166.9428983245014,7107.29232462843,0.0,0.0,166858.02155456567,10147.27010926059
504,4388.44,4388.44,0,0.0017317514453824077,0,0,0,0,hold,False,0,0,-0.001965829723984646,0,-17.156178611511475,7107.29232462843,-3220.3190827028884,166.9428983245014,7107.29232462843,0.0,0.0,166858.02155456567,10147.27010926059
505,4386.81,4386.81,0,0.0017398998926099842,0,0,0,0,hold,False,0,0,0.00037143039439964994,0,-17.155807181117076,7107.29232462843,-3222.8372622599036,166.9428983245014,7107.29232462843,0.0,0.0,166858.02155456567,10147.27010926059
506,4379.53,4379.53,0,0.0014094105306556733,0,0,0,0,hold,False,0,0,0.0016595202436396046,0,-17.154147660873438,7107.29232462843,-3234.0841010176227,166.9428983245014,7107.29232462843,0.0,0.0,166858.02155456567,10147.27010926059
507,4375.0,4375.0,0,0.0013350920776782215,0,0,0,0,hold,False,0,0,0.0010343575680494814,0,-17.15311330330539,7107.29232462843,-3241.082477332522,166.9428983245014,7107.29232462843,0.0,0.0,166858.02155456567,10147.27010926059
508,4372.02,4372.02,0,0.0010991233297868049,0,0,0,0,hold,False,0,0,0.0006811428571427574,0,-17.152432160448246,7107.29232462843,-3245.686265725104,166.9428983245014,7107.29232462843,0.0,0.0,166858.02155456567,10147.27010926059
509,4338.13,4338.13,0,0.0014599582389508109,0,0,0,0,hold,False,0,0,0.007751565637851685,0,-17.144680594810396,7107.29232462843,-3298.0427719749787,166.9428983245014,7107.29232462843,0.0,0.0,166858.02155456567,10147.27010926059
510,4353.15,4353.15,0,0.0013629423571641392,0,0,0,0,hold,False,0,0,-0.003462321322781827,0,-17.148142916133178,7107.29232462843,-3274.838442560016,166.9428983245014,7107.29232462843,0.0,0.0,166858.02155456567,10147.27010926059
511,4341.42,4341.42,0,0.0016547671085066276,0,0,0,0,hold,False,0,0,0.002694600461734506,0,-17.145448315671445,7107.29232462843,-3292.9600659979333,166.9428983245014,7107.29232462843,0.0,0.0,166858.02155456567,10147.27010926059
512,4270.65,4270.65,0,0.0011170155960158084,0,0,0,0,hold,False,0,0,0.016301118067360548,0,-17.129147197604084,7107.29232462843,-3402.292315844603,166.9428983245014,7107.29232462843,0.0,0.0,166858.02155456567,10147.27010926059
513,4276.11,4276.11,0,0.0016636181632937517,0,0,0,0,hold,False,0,0,-0.0012784939060798794,0,-17.130425691510165,7107.29232462843,-3393.857186776314,166.9428983245014,7107.29232462843,0.0,0.0,166858.02155456567,10147.27010926059
514,4013.8,4013.8,0,0.0010997513373683667,0,0,0,0,hold,False,0,0,0.06134313663586753,0,-17.0690825548743,7107.29232462843,-3799.0987080039486,166.9428983245014,7107.29232462843,0.0,0.0,166858.02155456567,10147.27010926059
515,3886.58,3886.58,0,0.001122111157719296,0,0,0,0,hold,False,0,0,0.03169565000747428,0,-17.037386904866825,7107.29232462843,-3995.640305085951,166.9428983245014,7107.29232462843,0.0,0.0,166858.02155456567,10147.27010926059
516,3932.44,3932.44,0,0.0018205132434318014,0,0,0,0,hold,False,0,0,-0.011799577006005313,0,-17.04918648187283,7107.29232462843,-3924.7914004940576,166.9428983245014,7107.29232462843,0.0,0.0,166858.02155456567,10147.27010926059
517,3894.95,3894.95,0,0.001926254813483978,0,0,0,0,hold,False,0,0,0.009533521172605364,0,-17.039652960700224,7107.29232462843,-3982.709530305442,166.9428983245014,7107.29232462843,0.0,0.0,166858.02155456567,10147.27010926059
518,3918.47,3918.47,0,0.001547098110953818,0,0,0,0,hold,False,0,0,-0.006038588428606268,0,-17.04569154912883,7107.29232462843,-3946.3735897035813,166.9428983245014,7107.29232462843,0.0,0.0,166858.02155456567,10147.27010926059
519,3852.59,3852.59,0,0.0016431990826524657,0,0,0,0,hold,False,0,0,0.01681268454269132,0,-17.028878864586137,7107.29232462843,-4048.1513008792,166.9428983245014,7107.29232462843,0.0,0.0,166858.02155456567,10147.27010926059
520,3768.89,3768.89,0,0.001370351571830136,0,0,0,0,hold,False,0,0,0.021725644306817043,0,-17.00715322027932,7107.29232462843,-4177.45904868429,166.9428983245014,7107.29232462843,0.0,0.0,166858.02155456567,10147.27010926059
521,3789.79,3789.79,0,0.001840293214751108,0,0,0,0,hold,False,0,0,-0.005545399308549756,0,-17.01269861958787,7107.29232462843,-4145.170734118861,166.9428983245014,7107.29232462843,0.0,0.0,166858.02155456567,10147.27010926059
522,3810.76,3810.76,0,0.0016014291966363688,0,0,0,0,hold,False,0,0,-0.005533288124144149,0,-17.018231907712014,7107.29232462843,-4112.7742768730695,166.9428983245014,7107.29232462843,0.0,0.0,166858.02155456567,10147.27010926059
523,3796.51,3796.51,0,0.001355252253571093,0,0,0,0,hold,False,0,0,0.003739411560948472,0,-17.014492496151064,7107.29232462843,-4134.7890368040435,166.9428983245014,7107.29232462843,0.0,0.0,166858.02155456567,10147.27010926059
524,3866.78,3866.78,0,0.0013958483973013792,0,0,0,0,hold,False,0,0,-0.018509104414317353,0,-17.03300160056538,7107.29232462843,-4026.2292346742506,166.9428983245014,7107.29232462843,0.0,0.0,166858.02155456567,10147.27010926059
525,3835.63,3835.63,0,0.0018404134412916037,0,0,0,0,hold,False,0,0,0.008055798364530718,0,-17.02494580220085,7107.29232462843,-4074.352727435644,166.9428983245014,7107.29232462843,0.0,0.0,166858.02155456567,10147.27010926059
526,3753.55,3753.55,0,0.0010971811783415633,0,0,0,0,hold,False,0,0,0.021399352909430763,0,-17.00354644929142,7107.29232462843,-4201.157744638054,166.9428983245014,7107.29232462843,0.0,0.0,166858.02155456567,10147.27010926059
527,3817.16,3821.4923046037215,3825.3176222259476,0.0011349549412971339,1.8579613581192522,7107.29232462843,7.10729232462843,0,buy,False,0,0,0,0,-17.00354644929142,7092.135777758484,-4102.886946097054,174.05019064912983,0.0,1.8579613581192522,7092.135777758484,173958.20658686946,10147.27010926059
528,3910.48,3910.48,3825.3176222259476,0.0019235685102041767,0,0,0,0,hold,False,0,0,0.024447494996279982,0,-16.97909895429514,7265.520731698173,-3958.7173042192644,174.05019064912983,0.0,1.8579613581192522,7265.520731698173,173958.20658686946,10147.27010926059
529,3925.81,3925.81,3825.3176222259476,0.0019323235678105858,0,0,0,0,hold,False,0,0,0.003920234856079099,0,-16.97517871943906,7294.003279318142,-3935.0340572198375,174.05019064912983,0.0,1.8579613581192522,7294.003279318142,173958.20658686946,10147.27010926059
530,3965.28,3965.28,3825.3176222259476,0.0019408198133926162,0,0,0,0,hold,False,0,0,0.01005397612212516,0,-16.965124743316935,7367.337014123109,-3874.0570344496227,174.05019064912983,0.0,1.8579613581192522,7367.337014123109,173958.20658686946,10147.27010926059
531,3946.77,3946.77,3825.3176222259476,0.0018490793683996554,0,0,0,0,hold,False,0,0,-0.004668018399709561,0,-16.969792761716644,7332.946149384321,-3902.653048928383,174.05019064912983,0.0,1.8579613581192522,7332.946149384321,173958.20658686946,10147.27010926059
532,3880.0,3880.0,3825.3176222259476,0.001280340878276484,0,0,0,0,hold,False,0,0,-0.016917631379583787,0,-16.986710393096228,7208.890069502699,-4005.8057170400425,174.05019064912983,0.0,1.8579613581192522,7208.890069502699,173958.20658686946,10147.27010926059
533,3880.85,3880.85,3825.3176222259476,0.0017739613220993564,0,0,0,0,hold,False,0,0,0.00021907216494845163,0,-16.98649132093128,7210.4693366571,-4004.4925559213525,174.05019064912983,0.0,1.8579613581192522,7210.4693366571,173958.20658686946,10147.27010926059
534,3857.73,3857.73,3825.3176222259476,0.0015590939534270896,0,0,0,0,hold,False,0,0,-0.0059574577734258964,0,-16.992448778704706,7167.513270057383,-4040.210538349712,174.05019064912983,0.0,1.8579613581192522,7167.513270057383,173958.20658686946,10147.27010926059
535,3860.0,3860.0,3825.3176222259476,0.0012469868681049823,0,0,0,0,hold,False,0,0,0.0005884289465566439,0,-16.99186034975815,7171.730842340314,-4036.703625715094,174.05019064912983,0.0,1.8579613581192522,7171.730842340314,173958.20658686946,10147.27010926059
536,3949.03,3949.03,3825.3176222259476,0.0014853281444074373,0,0,0,0,hold,False,0,0,0.023064766839378324,0,-16.96879558291877,7337.145142053671,-3899.161585248102,174.05019064912983,0.0,1.8579613581192522,7337.145142053671,173958.20658686946,10147.27010926059
537,4056.2,4056.2,3825.3176222259476,0.0012633475300055442,0,0,0,0,hold,False,0,0,0.02713830991407995,0,-16.94165727300469,7536.26286080331,-3733.59514161284,174.05019064912983,0.0,1.8579613581192522,7536.26286080331,173958.20658686946,10147.27010926059
538,4164.59,4164.59,3825.3176222259476,0.001304303365144897,0,0,0,0,hold,False,0,0,0.026722055125487074,0,-16.914935217879204,7737.647292409857,-3566.1439255483992,174.05019064912983,0.0,1.8579613581192522,7737.647292409857,173958.20658686946,10147.27010926059
539,4068.74,4068.74,3825.3176222259476,0.0012545304739227754,0,0,0,0,hold,False,0,0,-0.02301547091070205,0,-16.937950688789908,7559.5616962341255,-3714.2221528735836,174.05019064912983,0.0,1.8579613581192522,7559.5616962341255,173958.20658686946,10147.27010926059
540,4085.78,4085.78,3825.3176222259476,0.0014086378494478947,0,0,0,0,hold,False,0,0,0.004188028726338036,0,-16.933762660063568,7591.221357776479,-3687.897134682439,174.05019064912983,0.0,1.8579613581192522,7591.221357776479,173958.20658686946,10147.27010926059
541,4148.94,4148.94,3825.3176222259476,0.001978873905016521,0,0,0,0,hold,False,0,0,0.015458492625642974,0,-16.918304167437924,7708.57019715529,-3590.321539086628,174.05019064912983,0.0,1.8579613581192522,7708.57019715529,173958.20658686946,10147.27010926059
542,4077.08,4077.08,3825.3176222259476,0.001350942814053623,0,0,0,0,hold,False,0,0,-0.01732008657633032,0,-16.935624254014254,7575.057093960841,-3701.3377249560863,174.05019064912983,0.0,1.8579613581192522,7575.057093960841,173958.20658686946,10147.27010926059
543,4096.68,4096.68,3825.3176222259476,0.0011919281070712166,0,0,0,0,hold,False,0,0,0.0048073621317218556,0,-16.930816891882532,7611.473136579979,-3671.0577744545353,174.05019064912983,0.0,1.8579613581192522,7611.473136579979,173958.20658686946,10147.27010926059
544,4118.98,4118.98,3825.3176222259476,0.0014859298341195117,0,0,0,0,hold,False,0,0,0.0054434322426939,0,-16.92537345963984,7652.905674866037,-3636.6066062818545,174.05019064912983,0.0,1.8579613581192522,7652.905674866037,173958.20658686946,10147.27010926059
545,4063.47,4063.47,3825.3176222259476,0.0010554328356509484,0,0,0,0,hold,False,0,0,-0.013476637419943682,0,-16.938850097059785,7549.770239876838,-3722.3637518094592,174.05019064912983,0.0,1.8579613581192522,7549.770239876838,173958.20658686946,10147.27010926059
546,4091.59,4091.59,3825.3176222259476,0.0018428939640907052,0,0,0,0,hold,False,0,0,0.006920193824489995,0,-16.931929903235293,7602.016113267152,-3678.921292212336,174.05019064912983,0.0,1.8579613581192522,7602.016113267152,173958.20658686946,10147.27010926059
547,4168.75,4168.75,3825.3176222259476,0.0012054588668715255,0,0,0,0,hold,False,0,0,0.018858194491627896,0,-16.913071708743665,7745.376411659633,-3559.717160543989,174.05019064912983,0.0,1.8579613581192522,7745.376411659633,173958.20658686946,10147.27010926059
548,4085.81,4085.81,3825.3176222259476,0.0019125144277759454,0,0,0,0,hold,False,0,0,-0.019895652173913075,0,-16.932967360917576,7591.277096617222,-3687.850787819427,174.05019064912983,0.0,1.8579613581192522,7591.277096617222,173958.20658686946,10147.27010926059
549,4055.0,4055.0,3825.3176222259476,0.0012291263508036815,0,0,0,0,hold,False,0,0,-0.007540732437386981,0,-16.940508093354964,7534.033307173568,-3735.4490161333433,174.05019064912983,0.0,1.8579613581192522,7534.033307173568,173958.20658686946,10147.27010926059
550,4017.03,4017.03,3825.3176222259476,0.0011265801292262671,0,0,0,0,hold,False,0,0,-0.009363748458692882,0,-16.949871841813657,7463.48651440578,-3794.108695752928,174.05019064912983,0.0,1.8579613581192522,7463.48651440578,173958.20658686946,10147.27010926059
551,4052.94,4052.94,3825.3176222259476,0.0018629919026292362,0,0,0,0,hold,False,0,0,0.008939440332783067,0,-16.940932401480875,7530.205906775842,-3738.631500726873,174.05019064912983,0.0,1.8579613581192522,7530.205906775842,173958.20658686946,10147.27010926059
552,4057.89,4057.89,3825.3176222259476,0.00199829011893592,0,0,0,0,hold,False,0,0,0.0012213356230292684,0,-16.939711065857846,7539.402815498533,-3730.9842683297984,174.05019064912983,0.0,1.8579613581192522,7539.402815498533,173958.20658686946,10147.27010926059
553,4027.7,4027.7,3825.3176222259476,0.0012032577781983867,0,0,0,0,hold,False,0,0,-0.0074398271022626,0,-16.94715089296011,7483.310962096912,-3777.624661474789,174.05019064912983,0.0,1.8579613581192522,7483.310962096912,173958.20658686946,10147.27010926059
554,3944.99,3944.99,3825.3176222259476,0.0011759612321470142,0,0,0,0,hold,False,0,0,-0.020535293095314912,0,-16.967686186055424,7329.638978166869,-3905.4029628004637,174.05019064912983,0.0,1.8579613581192522,7329.638978166869,173958.20658686946,10147.27010926059
555,3906.14,3906.14,3825.3176222259476,0.001609055474416319,0,0,0,0,hold,False,0,0,-0.009847933708323714,0,-16.97753411976375,7257.457179403936,-3965.4221504017505,174.05019064912983,0.0,1.8579613581192522,7257.457179403936,173958.20658686946,10147.27010926059
556,3834.16,3834.16,3825.3176222259476,0.0012813846821699284,0,0,0,0,hold,False,0,0,-0.01842739891555353,0,-16.9959615186793,7123.721120846511,-4076.62372372326,174.05019064912983,0.0,1.8579613581192522,7123.721120846511,173958.20658686946,10147.27010926059
557,3904.0,3904.0,3825.3176222259476,0.0019997543404619064,0,0,0,0,hold,False,0,0,0.018215202286811352,0,-16.97774631639249,7253.481142097561,-3968.728226629981,174.05019064912983,0.0,1.8579613581192522,7253.481142097561,173958.20658686946,10147.27010926059
558,3878.43,3878.43,3825.3176222259476,0.0019790804911304387,0,0,0,0,hold,False,0,0,-0.006549692622950918,0,-16.98429600901544,7205.973070170451,-4008.231202871034,174.05019064912983,0.0,1.8579613581192522,7205.973070170451,173958.20658686946,10147.27010926059
559,3958.5,3958.5,3825.3176222259476,0.001429649524159963,0,0,0,0,hold,False,0,0,0.020644951694371267,0,-16.96365105732107,7354.74003611506,-3884.531425490466,174.05019064912983,0.0,1.8579613581192522,7354.74003611506,173958.20658686946,10147.27010926059
560,3904.15,3904.15,3825.3176222259476,0.0017643989382726015,0,0,0,0,hold,False,0,0,-0.013729948212706898,0,-16.977381005533775,7253.7598363012785,-3968.4964923149173,174.05019064912983,0.0,1.8579613581192522,7253.7598363012785,173958.20658686946,10147.27010926059
561,3776.34,3776.34,3825.3176222259476,0.001504500286396824,0,0,0,0,hold,False,0,0,-0.032736959389367645,0,-17.010117964923143,7016.293795120057,-4165.949577702833,174.05019064912983,0.0,1.8579613581192522,7016.293795120057,173958.20658686946,10147.27010926059
562,3799.52,3799.52,3825.3176222259476,0.001987696749673349,0,0,0,0,hold,False,0,0,0.006138218486682761,0,-17.00397974643646,7059.361339401261,-4130.138901548449,174.05019064912983,0.0,1.8579613581192522,7059.361339401261,173958.20658686946,10147.27010926059
563,3775.93,3775.93,3825.3176222259476,0.0014969849153466486,0,0,0,0,hold,False,0,0,-0.006208678991030419,0,-17.01018842542749,7015.532030963228,-4166.582984830672,174.05019064912983,0.0,1.8579613581192522,7015.532030963228,173958.20658686946,10147.27010926059
564,3862.2,3862.2,3825.3176222259476,0.001165345494671993,0,0,0,0,hold,False,0,0,0.022847351513401993,0,-16.987341073914088,7175.818357328176,-4033.304855760838,174.05019064912983,0.0,1.8579613581192522,7175.818357328176,173958.20658686946,10147.27010926059
565,3870.49,3870.49,3825.3176222259476,0.0015144984994003784,0,0,0,0,hold,False,0,0,0.002146445031329303,0,-16.98519462888276,7191.2208569869845,-4020.49767261503,174.05019064912983,0.0,1.8579613581192522,7191.2208569869845,173958.20658686946,10147.27010926059
566,3805.37,3805.37,3825.3176222259476,0.0019340094935047787,0,0,0,0,hold,False,0,0,-0.016824743120380143,0,-17.00201937200314,7070.2304133462585,-4121.101263260996,174.05019064912983,0.0,1.8579613581192522,7070.2304133462585,173958.20658686946,10147.27010926059
567,3846.2,3846.2,3825.3176222259476,0.001827736149208403,0,0,0,0,hold,False,0,0,0.01072957425953323,0,-16.991289797743608,7146.0909755982675,-4058.0231827008793,174.05019064912983,0.0,1.8579613581192522,7146.0909755982675,173958.20658686946,10147.27010926059
568,3804.48,3804.48,3825.3176222259476,0.0013712765954461555,0,0,0,0,hold,False,0,0,-0.010847069835161914,0,-17.00213686757877,7068.576827737533,-4122.476220197036,174.05019064912983,0.0,1.8579613581192522,7068.576827737533,173958.20658686946,10147.27010926059
569,3812.49,3812.49,3825.3176222259476,0.0014182332799289286,0,0,0,0,hold,False,0,0,0.002105412566237575,0,-17.000031455012532,7083.459098216067,-4110.101607772678,174.05019064912983,0.0,1.8579613581192522,7083.459098216067,173958.20658686946,10147.27010926059
570,3859.65,3859.65,3825.3176222259476,0.001942819418291919,0,0,0,0,hold,False,0,0,0.012369868511130623,0,-16.987661586501403,7171.080555864972,-4037.244339116907,174.05019064912983,0.0,1.8579613581192522,7171.080555864972,173958.20658686946,10147.27010926059
571,3897.72,3897.72,3825.3176222259476,0.0015126351065903303,0,0,0,0,hold,False,0,0,0.009863588667366112,0,-16.97779799783404,7241.813144768571,-3978.4301699539474,174.05019064912983,0.0,1.8579613581192522,7241.813144768571,173958.20658686946,10147.27010926059
572,3849.54,3849.54,3825.3176222259476,0.0010669523356426464,0,0,0,0,hold,False,0,0,-0.012361072627074162,0,-16.99015907046111,7152.296566534386,-4052.8632319521457,174.05019064912983,0.0,1.8579613581192522,7152.296566534386,173958.20658686946,10147.27010926059
573,3763.43,3763.43,3825.3176222259476,0.0012380554887233047,0,0,0,0,hold,False,0,0,-0.0223689064147925,0,-17.012527976875905,6992.307513986737,-4185.894177752579,174.05019064912983,0.0,1.8579613581192522,6992.307513986737,173958.20658686946,10147.27010926059
574,3777.18,3777.18,3825.3176222259476,0.0014480621348468626,0,0,0,0,hold,False,0,0,0.003653581971765139,0,-17.00887439490414,7017.854482660877,-4164.651865538482,174.05019064912983,0.0,1.8579613581192522,7017.854482660877,173958.20658686946,10147.27010926059
575,3787.96,3787.96,3825.3176222259476,0.0015649697127706839,0,0,0,0,hold,False,0,0,0.0028539810122896773,0,-17.00602041389185,7037.883306101403,-4147.997892762628,174.05019064912983,0.0,1.8579613581192522,7037.883306101403,173958.20658686946,10147.27010926059
576,3756.91,3756.91,3825.3176222259476,0.001225382797822222,0,0,0,0,hold,False,0,0,-0.008197024255800042,0,-17.01421743814765,6980.1936059317995,-4195.966895980646,174.05019064912983,0.0,1.8579613581192522,6980.1936059317995,173958.20658686946,10147.27010926059
577,3789.21,3789.21,3825.3176222259476,0.0014334321864542037,0,0,0,0,hold,False,0,0,0.008597491023207955,0,-17.00561994712444,7040.205757799052,-4146.0667734704375,174.05019064912983,0.0,1.8579613581192522,7040.205757799052,173958.20658686946,10147.27010926059
578,3818.43,3818.43,3825.3176222259476,0.001432708695704488,0,0,0,0,hold,False,0,0,0.007711369916156675,0,-16.997908577208285,7094.495388683296,-4100.924928896188,174.05019064912983,0.0,1.8579613581192522,7094.495388683296,173958.20658686946,10147.27010926059
579,3809.25,3809.25,3825.3176222259476,0.0017771243488129856,0,0,0,0,hold,False,0,0,-0.002404129445871685,0,-17.000312706654157,7077.439303415762,-4115.107068978036,174.05019064912983,0.0,1.8579613581192522,7077.439303415762,173958.20658686946,10147.27010926059
580,3779.4,3779.4,3825.3176222259476,0.0015908405499739807,0,0,0,0,hold,False,0,0,-0.007836188226028796,0,-17.008148894880186,7021.979156875902,-4161.22219767555,174.05019064912983,0.0,1.8579613581192522,7021.979156875902,173958.20658686946,10147.27010926059
581,3822.78,3822.78,3825.3176222259476,0.0016231628302710405,0,0,0,0,hold,False,0,0,0.011478012382917908,0,-16.99667088249727,7102.577520591115,-4094.204633759364,174.05019064912983,0.0,1.8579613581192522,7102.577520591115,173958.20658686946,10147.27010926059
582,3791.31,3791.31,3825.3176222259476,0.0019714777680028984,0,0,0,0,hold,False,0,0,-0.008232228901480102,0,-17.00490311139875,7044.107476651102,-4142.822493059557,174.05019064912983,0.0,1.8579613581192522,7044.107476651102,173958.20658686946,10147.27010926059
583,3834.01,3834.01,3825.3176222259476,0.001703430170191721,0,0,0,0,hold,False,0,0,0.011262597888328977,0,-16.99364051351042,7123.442426642795,-4076.8554580383225,174.05019064912983,0.0,1.8579613581192522,7123.442426642795,173958.20658686946,10147.27010926059
584,3821.99,3821.99,3825.3176222259476,0.0015807242055683231,0,0,0,0,hold,False,0,0,-0.0031350987608276286,0,-16.99677561227125,7101.1097311182,-4095.425101152029,174.05019064912983,0.0,1.8579613581192522,7101.1097311182,173958.20658686946,10147.27010926059
585,3837.52,3837.52,3825.3176222259476,0.0015215210119437633,0,0,0,0,hold,False,0,0,0.004063328266165045,0,-16.992712284005083,7129.9638710097925,-4071.4328750658515,174.05019064912983,0.0,1.8579613581192522,7129.9638710097925,173958.20658686946,10147.27010926059
586,3876.18,3876.18,3825.3176222259476,0.0014017713911467808,0,0,0,0,hold,False,0,0,0.010074214596927176,0,-16.982638069408157,7201.792657114683,-4011.707217596977,174.05019064912983,0.0,1.8579613581192522,7201.792657114683,173958.20658686946,10147.27010926059
587,3906.72,3906.72,3825.3176222259476,0.0015607222163410766,0,0,0,0,hold,False,0,0,0.007878891073169986,0,-16.97475917833499,7258.534796991645,-3964.526111050174,174.05019064912983,0.0,1.8579613581192522,7258.534796991645,173958.20658686946,10147.27010926059
588,3875.21,3875.21,3825.3176222259476,0.0013953026497544997,0,0,0,0,hold,False,0,0,-0.008065589548265526,0,-16.982824767883255,7199.990434597307,-4013.2057661677172,174.05019064912983,0.0,1.8579613581192522,7199.990434597307,173958.20658686946,10147.27010926059
589,3894.3,3894.3,3825.3176222259476,0.0010697086699446357,0,0,0,0,hold,False,0,0,0.004926184645477343,0,-16.977898583237778,7235.458916923804,-3983.7137123373805,174.05019064912983,0.0,1.8579613581192522,7235.458916923804,173958.20658686946,10147.27010926059
590,3898.5,3898.5,3825.3176222259476,0.0016083212982993186,0,0,0,0,hold,False,0,0,0.0010784993451967572,0,-16.97682008389258,7243.262354627905,-3977.2251515156195,174.05019064912983,0.0,1.8579613581192522,7243.262354627905,173958.20658686946,10147.27010926059
591,3896.37,3896.37,3825.3176222259476,0.0010818734568351928,0,0,0,0,hold,False,0,0,-0.0005463639861485698,0,-16.97736644787873,7239.30489693511,-3980.515778789513,174.05019064912983,0.0,1.8579613581192522,7239.30489693511,173958.20658686946,10147.27010926059
592,3936.15,3936.15,3825.3176222259476,0.0013621256719474895,0,0,0,0,hold,False,0,0,0.010209502690966342,0,-16.967156945187764,7313.214599761095,-3919.059838434836,174.05019064912983,0.0,1.8579613581192522,7313.214599761095,173958.20658686946,10147.27010926059
593,4113.07,4113.07,3825.3176222259476,0.0010645775459980351,0,0,0,0,hold,False,0,0,0.0449474740545963,0,-16.92220947113317,7641.925123239552,-3645.736938295332,174.05019064912983,0.0,1.8579613581192522,7641.925123239552,173958.20658686946,10147.27010926059
594,4060.1,4060.1,3825.3176222259476,0.001028569109418778,0,0,0,0,hold,False,0,0,-0.012878458183303371,0,-16.93508792931647,7543.508910099976,-3727.570049421205,174.05019064912983,0.0,1.8579613581192522,7543.508910099976,173958.20658686946,10147.27010926059
595,4064.14,4064.14,3825.3176222259476,0.0014712525074460719,0,0,0,0,hold,False,0,0,0.0009950493830201406,0,-16.93409287993345,7551.015073986778,-3721.328671868845,174.05019064912983,0.0,1.8579613581192522,7551.015073986778,173958.20658686946,10147.27010926059
596,4106.8,4106.8,3825.3176222259476,0.0018703092388652745,0,0,0,0,hold,False,0,0,0.010496685645671718,0,-16.923596194287775,7630.275705524145,-3655.4234326649603,174.05019064912983,0.0,1.8579613581192522,7630.275705524145,173958.20658686946,10147.27010926059
597,4034.99,4034.99,3825.3176222259476,0.0013461626303980078,0,0,0,0,hold,False,0,0,-0.017485633583325375,0,-16.941081827871102,7496.855500397601,-3766.362373762732,174.05019064912983,0.0,1.8579613581192522,7496.855500397601,173958.20658686946,10147.27010926059
598,4054.83,4054.83,3825.3176222259476,0.0017840426618429728,0,0,0,0,hold,False,0,0,0.004916988641855439,0,-16.936164839229246,7533.717453742687,-3735.711648357081,174.05019064912983,0.0,1.8579613581192522,7533.717453742687,173958.20658686946,10147.27010926059
599,4096.27,4096.27,3825.3176222259476,0.0015905662550909556,0,0,0,0,hold,False,0,0,0.010219910575782639,0,-16.925944928653465,7610.71137242315,-3671.691181582374,174.05019064912983,0.0,1.8579613581192522,7610.71137242315,173958.20658686946,10147.27010926059
600,4090.55,4090.55,3825.3176222259476,0.001085013733270255,0,0,0,0,hold,False,0,0,-0.001396392327654222,0,-16.927341320981117,7600.083833454708,-3680.5279834634393,174.05019064912983,0.0,1.8579613581192522,7600.083833454708,173958.20658686946,10147.27010926059
601,4194.92,4194.92,3825.3176222259476,0.001663010314394697,0,0,0,0,hold,False,0,0,0.025514906308442505,0,-16.901826414672676,7793.999260401613,-3519.2872470426837,174.05019064912983,0.0,1.8579613581192522,7793.999260401613,173958.20658686946,10147.27010926059
602,4195.62,4195.62,3825.3176222259476,0.0010015132766382294,0,0,0,0,hold,False,0,0,0.0001668684980881142,0,-16.90165954617459,7795.299833352296,-3518.205820239057,174.05019064912983,0.0,1.8579613581192522,7795.299833352296,173958.20658686946,10147.27010926059
603,4262.33,4262.33,3825.3176222259476,0.0011495055386745916,0,0,0,0,hold,False,0,0,0.01589991467292086,0,-16.885759631501667,7919.244435552432,-3415.1458458534235,174.05019064912983,0.0,1.8579613581192522,7919.244435552432,173958.20658686946,10147.27010926059
604,4249.82,4249.82,3825.3176222259476,0.001855332882368142,0,0,0,0,hold,False,0,0,-0.002935014416997312,0,-16.888694645918665,7896.00133896236,-3434.4724877296685,174.05019064912983,0.0,1.8579613581192522,7896.00133896236,173958.20658686946,10147.27010926059
605,4197.09,4197.09,3825.3176222259476,0.001295724588139352,0,0,0,0,hold,False,0,0,-0.012407584321218162,0,-16.901102230239882,7798.031036548733,-3515.934823951441,174.05019064912983,0.0,1.8579613581192522,7798.031036548733,173958.20658686946,10147.27010926059
606,4259.59,4259.59,3825.3176222259476,0.001136556075851381,0,0,0,0,hold,False,0,0,0.014891269903671244,0,-16.88621096033621,7914.1536214311855,-3419.378859341905,174.05019064912983,0.0,1.8579613581192522,7914.1536214311855,173958.20658686946,10147.27010926059
607,4301.0,4301.0,3825.3176222259476,0.0011132829219705686,0,0,0,0,hold,False,0,0,0.009721592923262542,0,-16.876489367412947,7991.0918012709035,-3355.4047394302115,174.05019064912983,0.0,1.8579613581192522,7991.0918012709035,173958.20658686946,10147.27010926059
608,4332.17,4332.17,3825.3176222259476,0.001800560232697928,0,0,0,0,hold,False,0,0,0.007247151825156985,0,-16.86924221558779,8049.004456803481,-3307.2503487601443,174.05019064912983,0.0,1.8579613581192522,8049.004456803481,173958.20658686946,10147.27010926059
609,4354.43,4354.43,3825.3176222259476,0.0014723215120712955,0,0,0,0,hold,False,0,0,0.005138302513521039,0,-16.864103913074267,8090.362676635216,-3272.8609764048115,174.05019064912983,0.0,1.8579613581192522,8090.362676635216,173958.20658686946,10147.27010926059
610,4243.57,4243.57,3825.3176222259476,0.0016104745012108207,0,0,0,0,hold,False,0,0,-0.025459130127249846,0,-16.889563043201516,7884.389080474115,-3444.128084190622,174.05019064912983,0.0,1.8579613581192522,7884.389080474115,173958.20658686946,10147.27010926059
611,4236.09,4236.09,3825.3176222259476,0.0013620457072428841,0,0,0,0,hold,False,0,0,-0.0017626668111990222,0,-16.891325710012715,7870.491529515383,-3455.683902035091,174.05019064912983,0.0,1.8579613581192522,7870.491529515383,173958.20658686946,10147.27010926059
612,4264.85,4264.85,3825.3176222259476,0.0010548409628392005,0,0,0,0,hold,False,0,0,0.00678927973673847,0,-16.884536430275976,7923.926498174894,-3411.2527093603667,174.05019064912983,0.0,1.8579613581192522,7923.926498174894,173958.20658686946,10147.27010926059
613,4270.0,4270.0,3825.3176222259476,0.0016279387660628679,0,0,0,0,hold,False,0,0,0.0012075454001898528,0,-16.883328884875787,7933.494999169207,-3403.2964978765413,174.05019064912983,0.0,1.8579613581192522,7933.494999169207,173958.20658686946,10147.27010926059
614,4162.55,4162.55,3825.3176222259476,0.0017626396014124761,0,0,0,0,hold,False,0,0,-0.025163934426229544,0,-16.908492819302015,7733.8570512392935,-3569.295512233254,174.05019064912983,0.0,1.8579613581192522,7733.8570512392935,173958.20658686946,10147.27010926059
615,4203.13,4203.13,3825.3176222259476,0.0012300960205140431,0,0,0,0,hold,False,0,0,0.009748831845863781,0,-16.89874398745615,7809.253123151773,-3506.603655531575,174.05019064912983,0.0,1.8579613581192522,7809.253123151773,173958.20658686946,10147.27010926059
616,4163.7,4163.7,3825.3176222259476,0.0010716975577989155,0,0,0,0,hold,False,0,0,-0.00938110408195806,0,-16.908125091538107,7735.99370680113,-3567.518882484439,174.05019064912983,0.0,1.8579613581192522,7735.99370680113,173958.20658686946,10147.27010926059
617,4195.8,4189.923039786242,0,0.00140067691828934,1.8579613581192522,7776.930386314975,7.784715101416392,669.6380616865454,sell,False,0,0,-1.0,0,-17.908125091538107,7776.930386314975,-3517.9277390609814,181.83490575054623,7776.930386314975,0.0,0.0,181742.92168828586,10147.27010926059
618,4235.09,4235.09,0,0.001807876629983056,0,0,0,0,hold,False,0,0,-0.009364126030792688,0,-17.9174892175689,7776.930386314975,-3457.2287974688434,181.83490575054623,7776.930386314975,0.0,0.0,181742.92168828586,10147.27010926059
619,4237.76,4237.76,0,0.0010560210290824785,0,0,0,0,hold,False,0,0,-0.0006304470507120445,0,-17.91811966461961,7776.930386314975,-3453.103926660724,181.83490575054623,7776.930386314975,0.0,0.0,181742.92168828586,10147.27010926059
620,4212.71,4212.71,0,0.0015129273883106298,0,0,0,0,hold,False,0,0,0.005911141735256404,0,-17.912208522884352,7776.930386314975,-3491.8035572762255,181.83490575054623,7776.930386314975,0.0,0.0,181742.92168828586,10147.27010926059
621,4249.15,4249.15,0,0.0016332972473943868,0,0,0,0,hold,False,0,0,-0.008650013886547995,0,-17.9208585367709,7776.930386314975,-3435.5075676702827,181.83490575054623,7776.930386314975,0.0,0.0,181742.92168828586,10147.27010926059
622,4367.0,4367.0,0,0.0015954391810640643,0,0,0,0,hold,False,0,0,-0.027734958756457262,0,-17.94859349552736,7776.930386314975,-3253.4416408025427,181.83490575054623,7776.930386314975,0.0,0.0,181742.92168828586,10147.27010926059
623,4341.99,4341.99,0,0.0012485586463899334,0,0,0,0,hold,False,0,0,0.005727043737119354,0,-17.942866451790238,7776.930386314975,-3292.0794756006944,181.83490575054623,7776.930386314975,0.0,0.0,181742.92168828586,10147.27010926059
624,4386.34,4386.34,0,0.0010612782191168418,0,0,0,0,hold,False,0,0,-0.010214210534800948,0,-17.95308066232504,7776.930386314975,-3223.563363113767,181.83490575054623,7776.930386314975,0.0,0.0,181742.92168828586,10147.27010926059
625,4282.02,4282.02,0,0.0011678159561469392,0,0,0,0,hold,False,0,0,0.023782926084161216,0,-17.929297736240876,7776.930386314975,-3384.7268547628346,181.83490575054623,7776.930386314975,0.0,0.0,181742.92168828586,10147.27010926059
626,4280.53,4280.53,0,0.0016019612096057367,0,0,0,0,hold,False,0,0,0.00034796661388799936,0,-17.92894976962699,7776.930386314975,-3387.0287489591274,181.83490575054623,7776.930386314975,0.0,0.0,181742.92168828586,10147.27010926059
627,4289.76,4289.76,0,0.001792278884416763,0,0,0,0,hold,False,0,0,-0.0021562750407076864,0,-17.931106044667697,7776.930386314975,-3372.7693641055903,181.83490575054623,7776.930386314975,0.0,0.0,181742.92168828586,10147.27010926059
628,4271.13,4271.13,0,0.0010264659497203166,0,0,0,0,hold,False,0,0,0.004342900302114829,0,-17.926763144365584,7776.930386314975,-3401.550766036401,181.83490575054623,7776.930386314975,0.0,0.0,181742.92168828586,10147.27010926059
629,4338.74,4338.74,0,0.001572768372156955,0,0,0,0,hold,False,0,0,-0.01582953457281789,0,-17.9425926789384,7776.930386314975,-3297.10038576039,181.83490575054623,7776.930386314975,0.0,0.0,181742.92168828586,10147.27010926059
630,4316.8,4316.8,0,0.0019156589256903557,0,0,0,0,hold,False,0,0,0.00505676763299935,0,-17.9375359113054,7776.930386314975,-3330.995391576921,181.83490575054623,7776.930386314975,0.0,0.0,181742.92168828586,10147.27010926059
631,4271.96,4271.96,0,0.0010044624309600405,0,0,0,0,hold,False,0,0,0.010387323943662005,0,-17.92714858736174,7776.930386314975,-3400.268502826386,181.83490575054623,7776.930386314975,0.0,0.0,181742.92168828586,10147.27010926059
632,4245.02,4245.02,0,0.0012526329484153203,0,0,0,0,sell,True,0,0,-1,0,-18.92714858736174,7776.930386314975,-3441.8879858116798,181.83490575054623,7776.930386314975,0.0,0.0,181742.92168828586,10147.27010926059
633,4241.98,4241.98,0,0.0015218051162489222,0,0,0,0,hold,False,0,0,0.0007161332573229037,0,-18.926432454104415,7776.930386314975,-3446.584467930289,181.83490575054623,7776.930386314975,0.0,0.0,181742.92168828586,10147.27010926059
634,4235.65,4235.65,0,0.0014085010456194118,0,0,0,0,hold,False,0,0,0.0014922276861276875,0,-18.924940226418286,7776.930386314975,-3456.363656025943,181.83490575054623,7776.930386314975,0.0,0.0,181742.92168828586,10147.27010926059
635,4273.3,4273.3,0,0.0016026925364063642,0,0,0,0,hold,False,0,0,-0.00888883642416171,0,-18.93382906284245,7776.930386314975,-3398.1983429451575,181.83490575054623,7776.930386314975,0.0,0.0,181742.92168828586,10147.27010926059
636,4295.84,4295.84,0,0.0015602311984314614,0,0,0,0,hold,False,0,0,-0.005274612126459636,0,-18.93910367496891,7776.930386314975,-3363.3763998683744,181.83490575054623,7776.930386314975,0.0,0.0,181742.92168828586,10147.27010926059
637,4242.99,4242.99,0,0.0018521899366214852,0,0,0,0,hold,False,0,0,0.012302599724384605,0,-18.926801075244523,7776.930386314975,-3445.024123542198,181.83490575054623,7776.930386314975,0.0,0.0,181742.92168828586,10147.27010926059
638,4246.43,4246.43,0,0.001574257050067912,0,0,0,0,hold,False,0,0,-0.0008107490236838903,0,-18.927611824268208,7776.930386314975,-3439.7096832500893,181.83490575054623,7776.930386314975,0.0,0.0,181742.92168828586,10147.27010926059
639,4311.68,4311.68,0,0.0011814497739427387,0,0,0,0,hold,False,0,0,-0.015365848489201516,0,-18.942977672757408,7776.930386314975,-3338.905256197734,181.83490575054623,7776.930386314975,0.0,0.0,181742.92168828586,10147.27010926059
640,4292.08,4292.08,0,0.0010567923714534706,0,0,0,0,hold,False,0,0,0.004545791895502534,0,-18.938431880861906,7776.930386314975,-3369.185206699285,181.83490575054623,7776.930386314975,0.0,0.0,181742.92168828586,10147.27010926059
641,4300.02,4300.02,0,0.0013850790614407971,0,0,0,0,hold,False,0,0,-0.0018499189204303063,0,-18.940281799782337,7776.930386314975,-3356.9187369552883,181.83490575054623,7776.930386314975,0.0,0.0,181742.92168828586,10147.27010926059
642,4302.91,4302.91,0,0.00102214231912797,0,0,0,0,hold,False,0,0,-0.0006720898972561564,0,-18.940953889679594,7776.930386314975,-3352.4539891517443,181.83490575054623,7776.930386314975,0.0,0.0,181742.92168828586,10147.27010926059
643,4270.0,4270.0,0,0.0011859172948725173,0,0,0,0,hold,False,0,0,0.007648312421128923,0,-18.933305577258466,7776.930386314975,-3403.2964978765413,181.83490575054623,7776.930386314975,0.0,0.0,181742.92168828586,10147.27010926059
644,4223.27,4223.27,0,0.0010484876992347544,0,0,0,0,hold,False,0,0,0.010943793911006923,0,-18.92236178334746,7776.930386314975,-3475.4894614957984,181.83490575054623,7776.930386314975,0.0,0.0,181742.92168828586,10147.27010926059
645,4225.71,4225.71,0,0.0012414785251646226,0,0,0,0,hold,False,0,0,-0.0005777513632800176,0,-18.92293953471074,7776.930386314975,-3471.719916637442,181.83490575054623,7776.930386314975,0.0,0.0,181742.92168828586,10147.27010926059
646,4225.14,4225.14,0,0.001309568776313158,0,0,0,0,hold,False,0,0,0.0001348885749376339,0,-18.922804646135802,7776.930386314975,-3472.600507034681,181.83490575054623,7776.930386314975,0.0,0.0,181742.92168828586,10147.27010926059
647,4077.21,4077.21,0,0.0018501713520723494,0,0,0,0,hold,False,0,0,0.03501185759525135,0,-18.88779278854055,7776.930386314975,-3701.1368885496986,181.83490575054623,7776.930386314975,0.0,0.0,181742.92168828586,10147.27010926059
648,4022.79,4022.79,0,0.0012600608368887847,0,0,0,0,hold,False,0,0,0.013347362534674464,0,-18.874445426005877,7776.930386314975,-3785.2100980545138,181.83490575054623,7776.930386314975,0.0,0.0,181742.92168828586,10147.27010926059
649,4025.99,4031.9802027319547,4036.016218950906,0.001487883162142758,1.9268828380319187,7776.930386314975,7.776930386314976,0,buy,False,0,0,0,0,-18.874445426005877,7757.611037088124,-3780.2664326665054,189.6118361368612,0.0,1.9268828380319187,7757.611037088124,189512.07514421453,10147.27010926059
650,4038.84,4038.84,4036.016218950906,0.0012293360271946891,0,0,0,0,hold,False,0,0,0.003191761529462347,0,-18.871253664476416,7782.371481556835,-3760.4145263427845,189.6118361368612,0.0,1.9268828380319187,7782.371481556835,189512.07514421453,10147.27010926059
651,4041.06,4041.06,4036.016218950906,0.001826083429802594,0,0,0,0,hold,False,0,0,0.0005496627744599453,0,-18.870704001701956,7786.649161457265,-3756.9848584798538,189.6118361368612,0.0,1.9268828380319187,7786.649161457265,189512.07514421453,10147.27010926059
652,4027.38,4027.38,4036.016218950906,0.001442673121077087,0,0,0,0,hold,False,0,0,-0.003385250404596745,0,-18.874089252106554,7760.289404232989,-3778.119028013589,189.6118361368612,0.0,1.9268828380319187,7760.289404232989,189512.07514421453,10147.27010926059
653,4078.59,4078.59,4036.016218950906,0.0016741856357672443,0,0,0,0,hold,False,0,0,0.012715462658105246,0,-18.86137378944845,7858.965074368603,-3699.0049328511195,189.6118361368612,0.0,1.9268828380319187,7858.965074368603,189512.07514421453,10147.27010926059
654,4066.56,4066.56,4036.016218950906,0.001458389994804425,0,0,0,0,hold,False,0,0,-0.002949548741109094,0,-18.86432333818956,7835.784673827079,-3717.5900249191636,189.6118361368612,0.0,1.9268828380319187,7835.784673827079,189512.07514421453,10147.27010926059
655,4037.02,4037.02,4036.016218950906,0.0012071249767200824,0,0,0,0,hold,False,0,0,-0.007264124960654651,0,-18.871587463150217,7778.864554791617,-3763.226236032214,189.6118361368612,0.0,1.9268828380319187,7778.864554791617,189512.07514421453,10147.27010926059
656,4036.34,4036.34,4036.016218950906,0.0010930179667593739,0,0,0,0,hold,False,0,0,-0.0001684410778247184,0,-18.871755904228042,7777.554274461755,-3764.2767649271655,189.6118361368612,0.0,1.9268828380319187,7777.554274461755,189512.07514421453,10147.27010926059
657,4025.1,4025.1,4036.016218950906,0.0013254631328841072,0,0,0,0,hold,False,0,0,-0.002784700991492293,0,-18.874540605219533,7755.896111362276,-3781.641389602545,189.6118361368612,0.0,1.9268828380319187,7755.896111362276,189512.07514421453,10147.27010926059
658,3997.76,3997.76,4036.016218950906,0.0012381265905381062,0,0,0,0,hold,False,0,0,-0.006792377829122185,0,-18.881332983048654,7703.215134570484,-3823.8788307613395,189.6118361368612,0.0,1.9268828380319187,7703.215134570484,189512.07514421453,10147.27010926059
659,4019.25,4019.25,4036.016218950906,0.00121878331727539,0,0,0,0,hold,False,0,0,0.005375510285759947,0,-18.875957472762895,7744.62384675979,-3790.679027889997,189.6118361368612,0.0,1.9268828380319187,7744.62384675979,189512.07514421453,10147.27010926059
660,4041.32,4041.32,4036.016218950906,0.0016674832612847503,0,0,0,0,hold,False,0,0,0.005491074205386581,0,-18.870466398557507,7787.150150995154,-3756.5831856670784,189.6118361368612,0.0,1.9268828380319187,7787.150150995154,189512.07514421453,10147.27010926059
661,4043.58,4043.58,4036.016218950906,0.0019458563676962447,0,0,0,0,hold,False,0,0,0.0005592232240950349,0,-18.869907175333413,7791.504906209106,-3753.091721986798,189.6118361368612,0.0,1.9268828380319187,7791.504906209106,189512.07514421453,10147.27010926059
662,4047.29,4047.29,4036.016218950906,0.001670081017934868,0,0,0,0,hold,False,0,0,0.0009175037961410666,0,-18.86898967153727,7798.653641538204,-3747.3601599275753,189.6118361368612,0.0,1.9268828380319187,7798.653641538204,189512.07514421453,10147.27010926059
663,4019.99,4019.99,4036.016218950906,0.001805235436205773,0,0,0,0,hold,False,0,0,-0.006745254231844082,0,-18.875734925769116,7746.049740059932,-3789.535805269021,189.6118361368612,0.0,1.9268828380319187,7746.049740059932,189512.07514421453,10147.27010926059
664,4030.39,4030.39,4036.016218950906,0.0013126541457085645,0,0,0,0,hold,False,0,0,0.002587071112117267,0,-18.873147854657,7766.089321575465,-3773.4688927579937,189.6118361368612,0.0,1.9268828380319187,7766.089321575465,189512.07514421453,10147.27010926059
665,4004.46,4004.46,4036.016218950906,0.0017411504971940489,0,0,0,0,hold,False,0,0,-0.0064336205677365645,0,-18.879581475224736,7716.125249585298,-3813.5280313551975,189.6118361368612,0.0,1.9268828380319187,7716.125249585298,189512.07514421453,10147.27010926059
666,3995.6,3995.6,4036.016218950906,0.0014950033966915294,0,0,0,0,hold,False,0,0,-0.0022125330256764783,0,-18.881794008250413,7699.053067640334,-3827.2158048982456,189.6118361368612,0.0,1.9268828380319187,7699.053067640334,189512.07514421453,10147.27010926059
667,3987.96,3987.96,4036.016218950906,0.0019468183502858705,0,0,0,0,hold,False,0,0,-0.0019121033136449165,0,-18.88370611156406,7684.331682757771,-3839.0188060121154,189.6118361368612,0.0,1.9268828380319187,7684.331682757771,189512.07514421453,10147.27010926059
668,3997.8,3997.8,4036.016218950906,0.0012746681904118506,0,0,0,0,hold,False,0,0,0.002467426955134999,0,-18.881238684608924,7703.292209884005,-3823.8170349439897,189.6118361368612,0.0,1.9268828380319187,7703.292209884005,189512.07514421453,10147.27010926059
669,4022.0,4022.0,4036.016218950906,0.0018871289742452093,0,0,0,0,hold,False,0,0,0.0060533293311320815,0,-18.875185355277793,7749.9227745643775,-3786.430565447178,189.6118361368612,0.0,1.9268828380319187,7749.9227745643775,189512.07514421453,10147.27010926059
670,4042.92,4042.92,4036.016218950906,0.0014908603126433401,0,0,0,0,hold,False,0,0,0.005201392342118333,0,-18.869983962935674,7790.233163536005,-3754.1113529730737,189.6118361368612,0.0,1.9268828380319187,7790.233163536005,189512.07514421453,10147.27010926059
671,4170.41,4170.41,4036.016218950906,0.001199641400596216,0,0,0,0,hold,False,0,0,0.03153413869183651,0,-18.83844982424384,8035.891456556694,-3557.1526341239596,189.6118361368612,0.0,1.9268828380319187,8035.891456556694,189512.07514421453,10147.27010926059
672,4175.87,4175.87,4036.016218950906,0.0015557914744489074,0,0,0,0,hold,False,0,0,0.0013092237933441163,0,-18.837140600450493,8046.4122368523485,-3548.7175050556707,189.6118361368612,0.0,1.9268828380319187,8046.4122368523485,189512.07514421453,10147.27010926059
673,4175.41,4175.41,4036.016218950906,0.001127911634940468,0,0,0,0,hold,False,0,0,-0.00011015668591216488,0,-18.837250757136406,8045.525870746854,-3549.4281569551968,189.6118361368612,0.0,1.9268828380319187,8045.525870746854,189512.07514421453,10147.27010926059
674,4178.99,4178.99,4036.016218950906,0.0016083603130493307,0,0,0,0,hold,False,0,0,0.000857400830098049,0,-18.836393356306306,8052.4241113070075,-3543.8974313023627,189.6118361368612,0.0,1.9268828380319187,8052.4241113070075,189512.07514421453,10147.27010926059
675,4206.76,4206.76,4036.016218950906,0.0016962342724489972,0,0,0,0,hold,False,0,0,0.006645146315258082,0,-18.82974820999105,8105.933647719155,-3500.995685107053,189.6118361368612,0.0,1.9268828380319187,8105.933647719155,189512.07514421453,10147.27010926059
676,4219.0,4219.0,4036.016218950906,0.0019794256328193142,0,0,0,0,hold,False,0,0,0.002909602639561075,0,-18.826838607351487,8129.518693656665,-3482.0861649979224,189.6118361368612,0.0,1.9268828380319187,8129.518693656665,189512.07514421453,10147.27010926059
677,4276.15,4276.15,4036.016218950906,0.0010293055840723325,0,0,0,0,hold,False,0,0,0.013545863948803014,0,-18.813292743402684,8239.64004785019,-3393.7953909589633,189.6118361368612,0.0,1.9268828380319187,8239.64004785019,189512.07514421453,10147.27010926059
678,4249.95,4241.620682501108,0,0.0019598624687095015,1.9268828380319187,8164.932992454065,8.17310609855262,388.00260613908995,sell,False,0,0,-1.0,0,-19.813292743402684,8164.932992454065,-3434.271651323281,197.7849422354138,8164.932992454065,0.0,0.0,197685.18124276714,10147.27010926059
679,4245.08,4245.08,0,0.0012542243717863048,0,0,0,0,hold,False,0,0,0.0011458958340686105,0,-19.812146847568616,8164.932992454065,-3441.795292085655,197.7849422354138,8164.932992454065,0.0,0.0,197685.18124276714,10147.27010926059
680,4275.0,4275.0,0,0.0014362053133017642,0,0,0,0,hold,False,0,0,-0.0070481592808616265,0,-19.81919500684948,8164.932992454065,-3395.5720207077784,197.7849422354138,8164.932992454065,0.0,0.0,197685.18124276714,10147.27010926059
681,4195.13,4195.13,0,0.0016187541613395015,0,0,0,0,hold,False,0,0,0.01868304093567249,0,-19.800511965913806,8164.932992454065,-3518.9628190015956,197.7849422354138,8164.932992454065,0.0,0.0,197685.18124276714,10147.27010926059
682,4217.13,4217.13,0,0.001386749789707898,0,0,0,0,hold,False,0,0,-0.005244175985011192,0,-19.80575614189882,8164.932992454065,-3484.975119459039,197.7849422354138,8164.932992454065,0.0,0.0,197685.18124276714,10147.27010926059
683,4223.0,4223.0,0,0.0013018452297441096,0,0,0,0,hold,False,0,0,-0.0013919419131020127,0,-19.80714808381192,8164.932992454065,-3475.906583262912,197.7849422354138,8164.932992454065,0.0,0.0,197685.18124276714,10147.27010926059
684,4190.02,4190.02,0,0.0012021020271927485,0,0,0,0,hold,False,0,0,0.007809614018470179,0,-19.79933846979345,8164.932992454065,-3526.857234668071,197.7849422354138,8164.932992454065,0.0,0.0,197685.18124276714,10147.27010926059
685,4219.4,4219.4,0,0.0010997021598607411,0,0,0,0,hold,False,0,0,-0.007011899704535825,0,-19.806350369497988,8164.932992454065,-3481.468206824422,197.7849422354138,8164.932992454065,0.0,0.0,197685.18124276714,10147.27010926059
686,4279.82,4279.82,0,0.0017747959654079105,0,0,0,0,hold,False,0,0,-0.014319571503057325,0,-19.820669941001047,8164.932992454065,-3388.1256247170913,197.7849422354138,8164.932992454065,0.0,0.0,197685.18124276714,10147.27010926059
687,4276.29,4276.29,0,0.0012507974996322762,0,0,0,0,hold,False,0,0,0.0008248010430344607,0,-19.819845139958012,8164.932992454065,-3393.579105598238,197.7849422354138,8164.932992454065,0.0,0.0,197685.18124276714,10147.27010926059
688,4200.02,4200.02,0,0.0017796547051393457,0,0,0,0,hold,False,0,0,0.01783555371595461,0,-19.802009586242058,8164.932992454065,-3511.4082803305455,197.7849422354138,8164.932992454065,0.0,0.0,197685.18124276714,10147.27010926059
689,4188.86,4188.86,0,0.0010526369358764948,0,0,0,0,hold,False,0,0,0.0026571302041420667,0,-19.799352456037916,8164.932992454065,-3528.6493133712247,197.7849422354138,8164.932992454065,0.0,0.0,197685.18124276714,10147.27010926059
690,4147.11,4147.11,0,0.0014352677747770071,0,0,0,0,hold,False,0,0,0.009966912238652044,0,-19.789385543799263,8164.932992454065,-3593.148697730395,197.7849422354138,8164.932992454065,0.0,0.0,197685.18124276714,10147.27010926059
691,4164.78,4164.78,0,0.0015417176274328589,0,0,0,0,hold,False,0,0,-0.00426079848376341,0,-19.793646342283026,8164.932992454065,-3565.850395415987,197.7849422354138,8164.932992454065,0.0,0.0,197685.18124276714,10147.27010926059
692,4179.93,4179.93,0,0.0015917481792120606,0,0,0,0,hold,False,0,0,-0.003637647126619064,0,-19.797283989409646,8164.932992454065,-3542.445229594635,197.7849422354138,8164.932992454065,0.0,0.0,197685.18124276714,10147.27010926059
693,4187.08,4187.08,0,0.001514179046215161,0,0,0,0,hold,False,0,0,-0.0017105549614466356,0,-19.79899454437109,8164.932992454065,-3531.3992272433043,197.7849422354138,8164.932992454065,0.0,0.0,197685.18124276714,10147.27010926059
694,4216.58,4216.58,0,0.0012024775868739032,0,0,0,0,hold,False,0,0,-0.007045482770809251,0,-19.8060400271419,8164.932992454065,-3485.824811947604,197.7849422354138,8164.932992454065,0.0,0.0,197685.18124276714,10147.27010926059
695,4136.71,4136.71,0,0.0019932335764320493,0,0,0,0,hold,False,0,0,0.018941891295789454,0,-19.78709813584611,8164.932992454065,-3609.215610241421,197.7849422354138,8164.932992454065,0.0,0.0,197685.18124276714,10147.27010926059
696,4152.02,4152.02,0,0.001005295209744807,0,0,0,0,hold,False,0,0,-0.0037010087726720995,0,-19.790799144618784,8164.932992454065,-3585.563261150668,197.7849422354138,8164.932992454065,0.0,0.0,197685.18124276714,10147.27010926059
697,4166.81,4166.81,0,0.001550419480424725,0,0,0,0,hold,False,0,0,-0.0035621215697419478,0,-19.794361266188528,8164.932992454065,-3562.7142576854676,197.7849422354138,8164.932992454065,0.0,0.0,197685.18124276714,10147.27010926059
698,4151.43,4151.43,0,0.001784881388321777,0,0,0,0,hold,False,0,0,0.003691073027087894,0,-19.79067019316144,8164.932992454065,-3586.4747494565827,197.7849422354138,8164.932992454065,0.0,0.0,197685.18124276714,10147.27010926059
699,4181.94,4181.94,0,0.0010367995896787801,0,0,0,0,hold,False,0,0,-0.007349274828191564,0,-19.79801946798963,8164.932992454065,-3539.339989772793,197.7849422354138,8164.932992454065,0.0,0.0,197685.18124276714,10147.27010926059
700,4174.79,4174.79,0,0.0011593407700051207,0,0,0,0,hold,False,0,0,0.0017097328034356392,0,-19.796309735186195,8164.932992454065,-3550.385992124123,197.7849422354138,8164.932992454065,0.0,0.0,197685.18124276714,10147.27010926059
701,4181.28,4181.28,0,0.0016522172926500844,0,0,0,0,hold,False,0,0,-0.0015545692118644967,0,-19.79786430439806,8164.932992454065,-3540.359620759069,197.7849422354138,8164.932992454065,0.0,0.0,197685.18124276714,10147.27010926059
702,4169.55,4169.55,0,0.0019000331655342297,0,0,0,0,hold,False,0,0,0.002805361037768235,0,-19.795058943360292,8164.932992454065,-3558.481244196986,197.7849422354138,8164.932992454065,0.0,0.0,197685.18124276714,10147.27010926059
703,4162.22,4166.6748992897055,4170.8457450347405,0.0010703180729767952,1.957620466346462,8164.932992454065,8.164932992454066,0,buy,False,0,0,0,0,-19.795058943360292,8148.047057436572,-3569.8053277263925,205.94987522786786,0.0,1.957620466346462,8148.047057436572,205841.94930222875,10147.27010926059
704,4180.05,4180.05,4170.8457450347405,0.0015725000008284477,0,0,0,0,hold,False,0,0,0.004283771641095337,0,-19.790775171719197,8182.951430351529,-3542.2598421425846,205.94987522786786,0.0,1.957620466346462,8182.951430351529,205841.94930222875,10147.27010926059
705,4220.42,4220.42,4170.8457450347405,0.0019666113562304996,0,0,0,0,hold,False,0,0,0.009657779213167317,0,-19.78111739250603,8261.980568577936,-3479.8924134819936,205.94987522786786,0.0,1.957620466346462,8261.980568577936,205841.94930222875,10147.27010926059
706,4208.6,4208.6,4170.8457450347405,0.0015178190061692217,0,0,0,0,hold,False,0,0,-0.0028006691277170483,0,-19.783918061633745,8238.841494665721,-3498.1530775089486,205.94987522786786,0.0,1.957620466346462,8238.841494665721,205841.94930222875,10147.27010926059
707,4179.73,4179.73,4170.8457450347405,0.0013640399261381393,0,0,0,0,hold,False,0,0,-0.006859763341729118,0,-19.790777824975475,8182.324991802297,-3542.7542086813864,205.94987522786786,0.0,1.957620466346462,8182.324991802297,205841.94930222875,10147.27010926059
708,4161.01,4161.01,4170.8457450347405,0.0017538818016191496,0,0,0,0,hold,False,0,0,-0.004478758197299677,0,-19.795256583172776,8145.678336672292,-3571.6746512012332,205.94987522786786,0.0,1.957620466346462,8145.678336672292,205841.94930222875,10147.27010926059
709,4140.96,4135.203878383287,0,0.0013900452109446213,1.957620466346462,8087.06458509355,8.095159744838389,-77.86840736051545,sell,False,0,0,-1.0,0,-20.795256583172776,8087.06458509355,-3602.649804647973,214.04503497270625,8087.06458509355,0.0,0.0,213937.10904706715,10147.27010926059
710,4144.67,4152.0242513519415,4156.180431783725,0.0017743876718631488,1.9457924692703465,8087.06458509355,8.08706458509355,0,buy,False,0,0,0,0,-20.795256583172776,8064.667673610727,-3596.91824258875,222.1320995577998,0.0,1.9457924692703465,8064.667673610727,222016.0865675756,10147.27010926059
711,4005.0,4005.0,4156.180431783725,0.0010649934279779141,0,0,0,0,hold,False,0,0,-0.033698702188594096,0,-20.82895528536137,7792.898839427738,-3812.693787820971,222.1320995577998,0.0,1.9457924692703465,7792.898839427738,222016.0865675756,10147.27010926059
712,4035.0,4035.0,4156.180431783725,0.0014466501727731114,0,0,0,0,hold,False,0,0,0.007490636704119893,0,-20.82146464865725,7851.272613505848,-3766.3469248083948,222.1320995577998,0.0,1.9457924692703465,7851.272613505848,222016.0865675756,10147.27010926059
713,4039.98,4039.98,4156.180431783725,0.0014198995296956795,0,0,0,0,hold,False,0,0,0.0012342007434944734,0,-20.820230447913758,7860.962660002815,-3758.653345548307,222.1320995577998,0.0,1.9457924692703465,7860.962660002815,222016.0865675756,10147.27010926059
714,4035.92,4035.92,4156.180431783725,0.0010363505330040442,0,0,0,0,hold,False,0,0,-0.0010049554700765858,0,-20.821235403383834,7853.062742577577,-3764.9256210093417,222.1320995577998,0.0,1.9457924692703465,7853.062742577577,222016.0865675756,10147.27010926059
715,4024.99,4024.99,4156.180431783725,0.0017621066273786372,0,0,0,0,hold,False,0,0,-0.0027081805387620555,0,-20.823943583922595,7831.795230888451,-3781.811328100258,222.1320995577998,0.0,1.9457924692703465,7831.795230888451,222016.0865675756,10147.27010926059
716,4032.76,4032.76,4156.180431783725,0.0014438779520407896,0,0,0,0,hold,False,0,0,0.0019304395787320616,0,-20.822013144343863,7846.9140383746835,-3769.8074905799995,222.1320995577998,0.0,1.9457924692703465,7846.9140383746835,222016.0865675756,10147.27010926059
717,4062.44,4062.44,4156.180431783725,0.0011407262325433068,0,0,0,0,hold,False,0,0,0.0073597238615735845,0,-20.81465342048229,7904.665158862626,-3723.954994106224,222.1320995577998,0.0,1.9457924692703465,7904.665158862626,222016.0865675756,10147.27010926059
718,4038.25,4038.25,4156.180431783725,0.0018359288891490158,0,0,0,0,hold,False,0,0,-0.0059545494825769,0,-20.82060796996487,7857.596439030977,-3761.326014648698,222.1320995577998,0.0,1.9457924692703465,7857.596439030977,222016.0865675756,10147.27010926059
719,4045.0,4045.0,4156.180431783725,0.001897229123792088,0,0,0,0,hold,False,0,0,0.001671516127035154,0,-20.818936453837832,7870.730538198552,-3750.897970470869,222.1320995577998,0.0,1.9457924692703465,7870.730538198552,222016.0865675756,10147.27010926059
720,4027.77,4027.77,4156.180431783725,0.0010287949915329221,0,0,0,0,hold,False,0,0,-0.004259579728059256,0,-20.823196033565893,7837.204533953024,-3777.516518794426,222.1320995577998,0.0,1.9457924692703465,7837.204533953024,222016.0865675756,10147.27010926059
721,4050.0,4050.0,4156.180431783725,0.0015425562335730945,0,0,0,0,hold,False,0,0,0.0055191830715259,0,-20.817676850494365,7880.459500544904,-3743.173493302106,222.1320995577998,0.0,1.9457924692703465,7880.459500544904,222016.0865675756,10147.27010926059
722,4029.55,4029.55,4156.180431783725,0.0015253483420313968,0,0,0,0,hold,False,0,0,-0.005049382716049359,0,-20.822726233210414,7840.668044548325,-3774.7666049223453,222.1320995577998,0.0,1.9457924692703465,7840.668044548325,222016.0865675756,10147.27010926059
723,3993.07,3993.07,4156.180431783725,0.0014117289196660236,0,0,0,0,hold,False,0,0,-0.009053120075442692,0,-20.831779353285857,7769.685535269343,-3831.124390345639,222.1320995577998,0.0,1.9457924692703465,7769.685535269343,222016.0865675756,10147.27010926059
724,3882.86,3882.86,4156.180431783725,0.0018040224709003501,0,0,0,0,hold,False,0,0,-0.02760031755015568,0,-20.859379670836013,7555.239747231058,-4001.38731609951,222.1320995577998,0.0,1.9457924692703465,7555.239747231058,222016.0865675756,10147.27010926059
725,3894.85,3894.85,4156.180431783725,0.0010232581208843936,0,0,0,0,hold,False,0,0,0.0030879300309566067,0,-20.856291740805055,7578.569798937609,-3982.8640198488165,222.1320995577998,0.0,1.9457924692703465,7578.569798937609,222016.0865675756,10147.27010926059
726,3898.9,3898.9,4156.180431783725,0.0018735459515302098,0,0,0,0,hold,False,0,0,0.0010398346534526396,0,-20.8552519061516,7586.450258438154,-3976.607193342119,222.1320995577998,0.0,1.9457924692703465,7586.450258438154,222016.0865675756,10147.27010926059
727,3901.32,3901.32,4156.180431783725,0.0019118946892793082,0,0,0,0,hold,False,0,0,0.0006206878863268929,0,-20.854631218265276,7591.1590762137885,-3972.8685463924376,222.1320995577998,0.0,1.9457924692703465,7591.1590762137885,222016.0865675756,10147.27010926059
728,3871.41,3871.41,4156.180431783725,0.0015612169318707618,0,0,0,0,hold,False,0,0,-0.007666635907846637,0,-20.86229785417312,7532.960423457912,-4019.076368815977,222.1320995577998,0.0,1.9457924692703465,7532.960423457912,222016.0865675756,10147.27010926059
729,3897.58,3897.58,4156.180431783725,0.001656797092536171,0,0,0,0,hold,False,0,0,0.006759811024923731,0,-20.855538043148197,7583.881812378717,-3978.6464553146725,222.1320995577998,0.0,1.9457924692703465,7583.881812378717,222016.0865675756,10147.27010926059
730,3931.56,3931.56,4156.180431783725,0.001912081939913119,0,0,0,0,hold,False,0,0,0.008718230286485521,0,-20.84681981286171,7649.999840484524,-3926.15090847576,222.1320995577998,0.0,1.9457924692703465,7649.999840484524,222016.0865675756,10147.27010926059
731,3902.54,3902.54,4156.180431783725,0.0010778416435987099,0,0,0,0,hold,False,0,0,-0.007381293939301454,0,-20.85420110680101,7593.532943026298,-3970.9837739632594,222.1320995577998,0.0,1.9457924692703465,7593.532943026298,222016.0865675756,10147.27010926059
732,3884.01,3884.01,4156.180431783725,0.001985907470266132,0,0,0,0,hold,False,0,0,-0.004748189640592942,0,-20.858949296441605,7557.4774085707195,-3999.610686350694,222.1320995577998,0.0,1.9457924692703465,7557.4774085707195,222016.0865675756,10147.27010926059
733,3905.52,3905.52,4156.180431783725,0.001740406891112393,0,0,0,0,hold,False,0,0,0.0055380907876137085,0,-20.85341120565399,7599.331404584724,-3966.3799855706766,222.1320995577998,0.0,1.9457924692703465,7599.331404584724,222016.0865675756,10147.27010926059
734,3920.65,3920.65,4156.180431783725,0.0013439102056212833,0,0,0,0,hold,False,0,0,0.0038740039738626307,0,-20.84953720168013,7628.771244644784,-3943.0057176580003,222.1320995577998,0.0,1.9457924692703465,7628.771244644784,222016.0865675756,10147.27010926059
735,3890.63,3890.63,4156.180431783725,0.0018077823634606812,0,0,0,0,hold,False,0,0,-0.007656893627332123,0,-20.85719409530746,7570.358554717289,-3989.3834785792524,222.1320995577998,0.0,1.9457924692703465,7570.358554717289,222016.0865675756,10147.27010926059
736,3866.68,3866.68,4156.180431783725,0.0014877718976815176,0,0,0,0,hold,False,0,0,-0.0061558153820847426,0,-20.863349910689543,7523.756825078263,-4026.383724217627,222.1320995577998,0.0,1.9457924692703465,7523.756825078263,222016.0865675756,10147.27010926059
737,3861.13,3861.13,4156.180431783725,0.0016255543889899641,0,0,0,0,hold,False,0,0,-0.0014353398781382844,0,-20.86478525056768,7512.957676873813,-4034.957893874953,222.1320995577998,0.0,1.9457924692703465,7512.957676873813,222016.0865675756,10147.27010926059
738,3819.86,3819.86,4156.180431783725,0.0014888145998550716,0,0,0,0,hold,False,0,0,-0.010688580804065127,0,-20.875473831371746,7432.654821667026,-4098.715728425921,222.1320995577998,0.0,1.9457924692703465,7432.654821667026,222016.0865675756,10147.27010926059
739,3995.0,3995.0,4156.180431783725,0.0019421571618496202,0,0,0,0,hold,False,0,0,0.045849847900184766,0,-20.82962398347156,7773.440914735034,-3828.1427421584967,222.1320995577998,0.0,1.9457924692703465,7773.440914735034,222016.0865675756,10147.27010926059
740,4027.64,4027.64,4156.180431783725,0.001681963162430937,0,0,0,0,hold,False,0,0,0.008170212765957426,0,-20.821453770705602,7836.951580932018,-3777.7173552008135,222.1320995577998,0.0,1.9457924692703465,7836.951580932018,222016.0865675756,10147.27010926059
741,3991.7,3991.7,4156.180431783725,0.0013667198435073093,0,0,0,0,hold,False,0,0,-0.008923339722517422,0,-20.83037711042812,7767.019799586442,-3833.2408970898805,222.1320995577998,0.0,1.9457924692703465,7767.019799586442,222016.0865675756,10147.27010926059
742,4005.0,4005.0,4156.180431783725,0.0018107826919701209,0,0,0,0,hold,False,0,0,0.003331913720971028,0,-20.82704519670715,7792.898839427738,-3812.693787820971,222.1320995577998,0.0,1.9457924692703465,7792.898839427738,222016.0865675756,10147.27010926059
743,3979.01,3979.01,4156.180431783725,0.0012137300008313741,0,0,0,0,hold,False,0,0,-0.006489388264669078,0,-20.83353458497182,7742.327693151402,-3852.8456201442004,222.1320995577998,0.0,1.9457924692703465,7742.327693151402,222016.0865675756,10147.27010926059
744,3996.26,3996.26,4156.180431783725,0.0015682527461979674,0,0,0,0,buy,True,0,0,-1,0,-21.83353458497182,7775.892613246316,-3826.196173911969,222.1320995577998,0.0,1.9457924692703465,7775.892613246316,222016.0865675756,10147.27010926059
745,3980.28,3980.28,4156.180431783725,0.0017489217474893166,0,0,0,0,hold,False,0,0,-0.003998738820797503,0,-21.837533323792616,7744.798849587375,-3850.883602943334,222.1320995577998,0.0,1.9457924692703465,7744.798849587375,222016.0865675756,10147.27010926059
746,3992.24,3986.886159400946,0,0.0013410618096742913,1.9457924692703465,7749.895411735734,7.757653064800535,-337.16917335781545,sell,False,0,0,-1.0,0,-22.837533323792616,7749.895411735734,-3832.406653555655,229.88975262260033,7749.895411735734,0.0,0.0,229773.73963237615,10147.27010926059
747,4043.85,4049.4928799904615,4053.5464264168786,0.0013954226765240025,1.9118802639658512,7749.895411735734,7.749895411735735,0,buy,False,0,0,0,0,-22.837533323792616,7731.357005438307,-3752.674600219684,237.63964803433606,0.0,1.9118802639658512,7731.357005438307,237515.88514870015,10147.27010926059
748,4024.83,4024.83,4053.5464264168786,0.00169881109193779,0,0,0,0,hold,False,0,0,-0.004703438554842533,0,-22.842236762347458,7694.993042817677,-3782.058511369658,237.63964803433606,0.0,1.9118802639658512,7694.993042817677,237515.88514870015,10147.27010926059
749,3989.0,3989.0,4053.5464264168786,0.0017710499022688655,0,0,0,0,hold,False,0,0,-0.008902239349239519,0,-22.851139001696698,7626.490372959781,-3837.412114761012,237.63964803433606,0.0,1.9118802639658512,7626.490372959781,237515.88514870015,10147.27010926059
750,3951.01,3951.01,4053.5464264168786,0.001774798681939702,0,0,0,0,hold,False,0,0,-0.009523690147906766,0,-22.860662691844606,7553.858041731718,-3896.1026922892725,237.63964803433606,0.0,1.9118802639658512,7553.858041731718,237515.88514870015,10147.27010926059
751,3960.04,3960.04,4053.5464264168786,0.0015256935501415866,0,0,0,0,hold,False,0,0,0.0022854915578547678,0,-22.85837720028675,7571.122320515329,-3882.152286522487,237.63964803433606,0.0,1.9118802639658512,7571.122320515329,237515.88514870015,10147.27010926059
752,3960.0,3960.0,4053.5464264168786,0.0011464710144390834,0,0,0,0,hold,False,0,0,-1.0100908071655334e-05,0,-22.85838730119482,7571.04584530477,-3882.2140823398368,237.63964803433606,0.0,1.9118802639658512,7571.04584530477,237515.88514870015,10147.27010926059
753,3920.02,3920.02,4053.5464264168786,0.0012564133393710738,0,0,0,0,hold,False,0,0,-0.010095959595959578,0,-22.86848326079078,7494.608872351416,-3943.9790017812647,237.63964803433606,0.0,1.9118802639658512,7494.608872351416,237515.88514870015,10147.27010926059
754,3943.59,3943.59,4053.5464264168786,0.0017042870907193535,0,0,0,0,hold,False,0,0,0.006012724424875396,0,-22.862470536365905,7539.671890173091,-3907.5658164077167,237.63964803433606,0.0,1.9118802639658512,7539.671890173091,237515.88514870015,10147.27010926059
755,3945.91,3945.91,4053.5464264168786,0.001696125265934852,0,0,0,0,hold,False,0,0,0.0005882964506958802,0,-22.861882239915207,7544.107452385491,-3903.9816590014107,237.63964803433606,0.0,1.9118802639658512,7544.107452385491,237515.88514870015,10147.27010926059
756,3951.64,3951.64,4053.5464264168786,0.0012241493783518333,0,0,0,0,hold,False,0,0,0.0014521365160381236,0,-22.860430103399167,7555.062526298016,-3895.129408166009,237.63964803433606,0.0,1.9118802639658512,7555.062526298016,237515.88514870015,10147.27010926059
757,3955.5,3955.5,4053.5464264168786,0.0015148851321024816,0,0,0,0,hold,False,0,0,0.0009768096284075449,0,-22.85945329377076,7562.442384116925,-3889.166111791724,237.63964803433606,0.0,1.9118802639658512,7562.442384116925,237515.88514870015,10147.27010926059
758,3929.89,3929.89,4053.5464264168786,0.0013786328066998806,0,0,0,0,hold,False,0,0,-0.006474529136645233,0,-22.865927822907405,7513.479130556759,-3928.7308838501267,237.63964803433606,0.0,1.9118802639658512,7513.479130556759,237515.88514870015,10147.27010926059
759,3910.0,3910.0,4053.5464264168786,0.0014405456389550517,0,0,0,0,hold,False,0,0,-0.005061210364666698,0,-22.87098903327207,7475.451832106478,-3959.4588540274653,237.63964803433606,0.0,1.9118802639658512,7475.451832106478,237515.88514870015,10147.27010926059
760,3886.87,3886.87,4053.5464264168786,0.0012101877081524717,0,0,0,0,hold,False,0,0,-0.005915601023017939,0,-22.87690463429509,7431.2300416009475,-3995.192285410162,237.63964803433606,0.0,1.9118802639658512,7431.2300416009475,237515.88514870015,10147.27010926059
761,3880.48,3880.48,4053.5464264168786,0.0015331247016313744,0,0,0,0,hold,False,0,0,-0.0016439963260926793,0,-22.878548630621182,7419.013126714206,-4005.0641672318407,237.63964803433606,0.0,1.9118802639658512,7419.013126714206,237515.88514870015,10147.27010926059
762,3906.6,3906.6,4053.5464264168786,0.001171023945031367,0,0,0,0,hold,False,0,0,0.006731126046262324,0,-22.87181750457492,7468.951439208994,-3964.7114985022245,237.63964803433606,0.0,1.9118802639658512,7468.951439208994,237515.88514870015,10147.27010926059
763,3899.56,3899.56,4053.5464264168786,0.0014988028331737826,0,0,0,0,hold,False,0,0,-0.001802078533763357,0,-22.873619583108685,7455.491802150675,-3975.5875623558422,237.63964803433606,0.0,1.9118802639658512,7455.491802150675,237515.88514870015,10147.27010926059
764,3850.89,3850.89,4053.5464264168786,0.0010432495508090334,0,0,0,0,hold,False,0,0,-0.01248089528049318,0,-22.886100478389178,7362.440589703457,-4050.77762311658,237.63964803433606,0.0,1.9118802639658512,7362.440589703457,237515.88514870015,10147.27010926059
765,3872.93,3872.93,4053.5464264168786,0.001501373883293166,0,0,0,0,hold,False,0,0,0.005723352264022001,0,-22.880377126125158,7404.578430721263,-4016.7281277566735,237.63964803433606,0.0,1.9118802639658512,7404.578430721263,237515.88514870015,10147.27010926059
766,3891.27,3891.27,4053.5464264168786,0.0010726546211305464,0,0,0,0,hold,False,0,0,0.004735432863491092,0,-22.875641693261667,7439.642314762398,-3988.3947455016505,237.63964803433606,0.0,1.9118802639658512,7439.642314762398,237515.88514870015,10147.27010926059
767,3897.97,3897.97,4053.5464264168786,0.001694719093435603,0,0,0,0,hold,False,0,0,0.001721802907533978,0,-22.873919890354134,7452.451912530969,-3978.0439460955085,237.63964803433606,0.0,1.9118802639658512,7452.451912530969,237515.88514870015,10147.27010926059
768,3918.0,3918.0,4053.5464264168786,0.0013876322272457493,0,0,0,0,hold,False,0,0,0.005138572128569559,0,-22.868781318225565,7490.746874218205,-3947.099690557445,237.63964803433606,0.0,1.9118802639658512,7490.746874218205,237515.88514870015,10147.27010926059
769,3892.92,3892.92,4053.5464264168786,0.0012619777922971416,0,0,0,0,hold,False,0,0,-0.006401225114854613,0,-22.87518254334042,7442.796917197941,-3985.8456680359586,237.63964803433606,0.0,1.9118802639658512,7442.796917197941,237515.88514870015,10147.27010926059
770,3890.02,3890.02,4053.5464264168786,0.0016278204680218174,0,0,0,0,hold,False,0,0,-0.0007449421000174536,0,-22.875927485440435,7437.25246443244,-3990.325864793842,237.63964803433606,0.0,1.9118802639658512,7437.25246443244,237515.88514870015,10147.27010926059
