trade_row_loc,original_price,trade_price,avg_buy_price,trade_slippage,trade_amount,trade_total,trade_fee,trade_profit,trade_type,trade_min_trade_penalty,trade_buy_penalty,trade_hold_penalty,trend_reward,profit_reward,overall_reward ,net_worth,benchmark,total_fees,Balance,crypto_holding,crypto_worth,total_volume_traded,highest_net_worth
24,6759.21,6772.627418669572,6779.406825495066,0.0019850572285181403,1.4750553046017782,10000.0,10.0,0,buy,False,0,0,0,0,0,9970.208565417386,0.0,10.0,0.0,1.4750553046017782,9970.208565417386,9990.0,10000
25,6741.27,6741.27,6779.406825495066,0.0011430552314460997,0,0,0,0,hold,False,0,0,-0.0026541563289200496,0,-0.0026541563289200496,9943.74607325283,-26.541563289199985,10.0,0.0,1.4750553046017782,9943.74607325283,9990.0,10000
26,6765.29,6765.29,6779.406825495066,0.0011146757247607407,0,0,0,0,hold,False,0,0,0.0035631268292176175,0,0.000908970500297568,9979.176901669365,8.995134046730527,10.0,0.0,1.4750553046017782,9979.176901669365,9990.0,10000
27,6758.72,6758.72,6779.406825495066,0.0017934804262913703,0,0,0,0,hold,False,0,0,-0.000971133536034792,0,-6.2163035737224e-05,9969.48578831813,-0.7249367899494246,10.0,0.0,1.4750553046017782,9969.48578831813,9990.0,10000
28,6716.45,6705.071983398123,0,0.001694052155807979,1.4750553046017782,9880.461644851319,9.890351996848167,-119.53835514868115,sell,False,0,0,-1.0,0,-1.0000621630357371,9880.461644851319,-63.26183089444021,19.890351996848167,9880.461644851319,0.0,0.0,19880.351996848167,10000
29,6736.5,6736.5,0,0.0016074454863919257,0,0,0,0,hold,False,0,0,0,0,-1.0000621630357371,9880.461644851319,-33.59860101994127,19.890351996848167,9880.461644851319,0.0,0.0,19880.351996848167,10000
30,6746.0,6746.0,0,0.0010692679311930641,0,0,0,0,hold,False,0,0,0,0,-1.0000621630357371,9880.461644851319,-19.543704071926186,19.890351996848167,9880.461644851319,0.0,0.0,19880.351996848167,10000
31,6732.85,6732.85,0,0.0010100177217803514,0,0,0,0,hold,False,0,0,0,0,-1.0000621630357371,9880.461644851319,-38.99864037365296,19.890351996848167,9880.461644851319,0.0,0.0,19880.351996848167,10000
32,6714.67,6714.67,0,0.0017364608284231799,0,0,0,0,hold,False,0,0,0,0,-1.0000621630357371,9880.461644851319,-65.89527474364695,19.890351996848167,9880.461644851319,0.0,0.0,19880.351996848167,10000
33,6720.0,6720.0,0,0.0017109124873988212,0,0,0,0,hold,False,0,0,0,0,-1.0000621630357371,9880.461644851319,-58.00973782439178,19.890351996848167,9880.461644851319,0.0,0.0,19880.351996848167,10000
34,6715.99,6715.99,0,0.0019240360322367984,0,0,0,0,hold,False,0,0,0,0,-1.0000621630357371,9880.461644851319,-63.94238379929084,19.890351996848167,9880.461644851319,0.0,0.0,19880.351996848167,10000
35,6713.96,6713.96,0,0.0019711036003967793,0,0,0,0,hold,False,0,0,0,0,-1.0000621630357371,9880.461644851319,-66.94569335765664,19.890351996848167,9880.461644851319,0.0,0.0,19880.351996848167,10000
36,6719.97,6719.97,0,0.0018855836849002352,0,0,0,0,hold,False,0,0,0,0,-1.0000621630357371,9880.461644851319,-58.054121709488754,19.890351996848167,9880.461644851319,0.0,0.0,19880.351996848167,10000
37,6703.98,6703.98,0,0.001394730232643051,0,0,0,0,hold,False,0,0,0,0,-1.0000621630357371,9880.461644851319,-81.7107324672561,19.890351996848167,9880.461644851319,0.0,0.0,19880.351996848167,10000
38,6697.0,6697.0,0,0.0018204708811555665,0,0,0,0,hold,False,0,0,0,0,-1.0000621630357371,9880.461644851319,-92.03738306695595,19.890351996848167,9880.461644851319,0.0,0.0,19880.351996848167,10000
39,6714.04,6714.04,0,0.0013594599867479205,0,0,0,0,hold,False,0,0,0,0,-1.0000621630357371,9880.461644851319,-66.8273363307253,19.890351996848167,9880.461644851319,0.0,0.0,19880.351996848167,10000
40,6716.78,6716.78,0,0.0017185167689525182,0,0,0,0,hold,False,0,0,0,0,-1.0000621630357371,9880.461644851319,-62.773608158349816,19.890351996848167,9880.461644851319,0.0,0.0,19880.351996848167,10000
41,6699.33,6699.33,0,0.001247593737032295,0,0,0,0,hold,False,0,0,0,0,-1.0000621630357371,9880.461644851319,-88.59023465760038,19.890351996848167,9880.461644851319,0.0,0.0,19880.351996848167,10000
42,6724.75,6724.75,0,0.0015164537999184473,0,0,0,0,hold,False,0,0,0,0,-1.0000621630357371,9880.461644851319,-50.982289350382416,19.890351996848167,9880.461644851319,0.0,0.0,19880.351996848167,10000
43,6718.84,6718.84,0,0.0012990053433704425,0,0,0,0,hold,False,0,0,0,0,-1.0000621630357371,9880.461644851319,-59.72591471488522,19.890351996848167,9880.461644851319,0.0,0.0,19880.351996848167,10000
44,6722.95,6722.95,0,0.0019198839330412452,0,0,0,0,hold,False,0,0,0,0,-1.0000621630357371,9880.461644851319,-53.6453224563229,19.890351996848167,9880.461644851319,0.0,0.0,19880.351996848167,10000
45,6637.59,6637.59,0,0.0017497065083484542,0,0,0,0,hold,False,0,0,0,0,-1.0000621630357371,9880.461644851319,-179.93227019133883,19.890351996848167,9880.461644851319,0.0,0.0,19880.351996848167,10000
46,6665.03,6677.395744554377,6684.079824378756,0.0018553171635202457,1.478208205834772,9880.461644851319,9.88046164485132,0,buy,False,0,0,0,0,-1.0000621630357371,9852.30203813493,-139.33580995412194,29.770813641699487,0.0,1.478208205834772,9852.30203813493,29750.933180054635,10000
47,6660.29,6660.29,6684.079824378756,0.001028685579632072,0,0,0,0,hold,False,0,0,-0.0007111745933625826,0,-1.0007733376290997,9845.295331239275,-146.34846379976443,29.770813641699487,0.0,1.478208205834772,9845.295331239275,29750.933180054635,10000
48,6654.06,6654.06,6684.079824378756,0.0012974718208864167,0,0,0,0,hold,False,0,0,-0.0009353947050352824,0,-1.001708732334135,9836.086094116925,-155.56551727198894,29.770813641699487,0.0,1.478208205834772,9836.086094116925,29750.933180054635,10000
49,6650.0,6650.0,6684.079824378756,0.001455021159103299,0,0,0,0,hold,False,0,0,-0.0006101538008375428,0,-1.0023188861349726,9830.084568801234,-161.57213638872054,29.770813641699487,0.0,1.478208205834772,9830.084568801234,29750.933180054635,10000
50,6630.0,6630.0,6684.079824378756,0.0015151545186455344,0,0,0,0,hold,False,0,0,-0.0030075187969924246,0,-1.005326404931965,9800.52040468454,-191.16139312138512,29.770813641699487,0.0,1.478208205834772,9800.52040468454,29750.933180054635,10000
51,6495.08,6495.08,6684.079824378756,0.0017598456107084167,0,0,0,0,buy,True,0,0,0,0,-1.005326404931965,9601.08055355331,-390.7705190399465,29.770813641699487,0.0,1.478208205834772,9601.08055355331,29750.933180054635,10000
52,6400.0,6400.0,6684.079824378756,0.001200151593086691,0,0,0,0,hold,False,0,0,-0.014638772732591433,0,-1.0199651776645564,9460.53251734254,-531.4378455470396,29.770813641699487,0.0,1.478208205834772,9460.53251734254,29750.933180054635,10000
53,6310.78,6310.78,6684.079824378756,0.0018740909892003136,0,0,0,0,hold,False,0,0,-0.013940625000000081,0,-1.0339058026645565,9328.646781217962,-663.4355198314606,29.770813641699487,0.0,1.478208205834772,9328.646781217962,29750.933180054635,10000
54,6363.95,6363.95,6684.079824378756,0.0015461758502057989,0,0,0,0,hold,False,0,0,0.008425265973461344,0,-1.025480536691095,9407.243111522197,-584.7724808076691,29.770813641699487,0.0,1.478208205834772,9407.243111522197,29750.933180054635,10000
55,6348.52,6348.52,6684.079824378756,0.0014850990385594858,0,0,0,0,buy,True,0,0,0,0,-1.025480536691095,9384.434358906168,-607.6005923769189,29.770813641699487,0.0,1.478208205834772,9384.434358906168,29750.933180054635,10000
56,6324.0,6324.0,6684.079824378756,0.0016592060138335145,0,0,0,0,hold,False,0,0,-0.003862317516523542,0,-1.0293428542076186,9348.1886936991,-643.8770211311676,29.770813641699487,0.0,1.478208205834772,9348.1886936991,29750.933180054635,10000
57,6122.24,6122.24,6684.079824378756,0.0017827825041564543,0,0,0,0,hold,False,0,0,-0.031903858317520635,0,-1.0612467125251392,9049.945406089875,-942.3734430502973,29.770813641699487,0.0,1.478208205834772,9049.945406089875,29750.933180054635,10000
58,6163.99,6163.99,6684.079824378756,0.0015000538518354168,0,0,0,0,hold,False,0,0,0.006819399435500693,0,-1.0544273130896387,9111.660598683477,-880.6058696208584,29.770813641699487,0.0,1.478208205834772,9111.660598683477,29750.933180054635,10000
59,6150.0,6150.0,6684.079824378756,0.0019847979643204065,0,0,0,0,buy,True,0,0,0,0,-1.0544273130896387,9090.980465883848,-901.3035547053569,29.770813641699487,0.0,1.478208205834772,9090.980465883848,29750.933180054635,10000
60,6172.27,6172.27,6684.079824378756,0.0010157200335257869,0,0,0,0,buy,True,0,0,0,0,-1.0544273130896387,9123.90016262779,-868.3559173335343,29.770813641699487,0.0,1.478208205834772,9123.90016262779,29750.933180054635,10000
61,6144.91,6144.91,6684.079824378756,0.0015287652936700194,0,0,0,0,buy,True,0,0,0,0,-1.0544273130896387,9083.45638611615,-908.8340205438217,29.770813641699487,0.0,1.478208205834772,9083.45638611615,29750.933180054635,10000
62,6212.96,6212.96,6684.079824378756,0.001250720034724597,0,0,0,0,buy,True,0,0,0,0,-1.0544273130896387,9184.048454523205,-808.1565745109274,29.770813641699487,0.0,1.478208205834772,9184.048454523205,29750.933180054635,10000
63,6192.39,6192.39,6684.079824378756,0.0019733429776555914,0,0,0,0,buy,True,0,0,0,0,-1.0544273130896387,9153.641711729184,-838.5891250604727,29.770813641699487,0.0,1.478208205834772,9153.641711729184,29750.933180054635,10000
64,6061.19,6061.19,6684.079824378756,0.001427321757622994,0,0,0,0,buy,True,0,0,0,0,-1.0544273130896387,8959.700795123661,-1032.6946492267598,29.770813641699487,0.0,1.478208205834772,8959.700795123661,29750.933180054635,10000
65,6017.03,6017.03,6684.079824378756,0.0017736949111267872,0,0,0,0,buy,True,0,0,0,0,-1.0544273130896387,8894.423120753998,-1098.0277280924856,29.770813641699487,0.0,1.478208205834772,8894.423120753998,29750.933180054635,10000
66,6071.07,6071.07,6684.079824378756,0.0017160860874592078,0,0,0,0,buy,True,0,0,0,0,-1.0544273130896387,8974.305492197309,-1018.0775564008218,29.770813641699487,0.0,1.478208205834772,8974.305492197309,29750.933180054635,10000
67,6045.0,6045.0,6684.079824378756,0.001596808843298386,0,0,0,0,buy,True,0,0,0,0,-1.0544273130896387,8935.768604271198,-1056.6471525518518,29.770813641699487,0.0,1.478208205834772,8935.768604271198,29750.933180054635,10000
68,6136.8,6136.8,6684.079824378756,0.001570560742012645,0,0,0,0,hold,False,0,0,0.015186104218362346,0,-1.0392412088712764,9071.46811756683,-920.8324641489162,29.770813641699487,0.0,1.478208205834772,9071.46811756683,29750.933180054635,10000
69,6138.82,6138.82,6684.079824378756,0.0012394244885944213,0,0,0,0,buy,True,0,0,0,0,-1.0392412088712764,9074.454098142614,-917.8439492189191,29.770813641699487,0.0,1.478208205834772,9074.454098142614,29750.933180054635,10000
70,6119.98,6119.98,6684.079824378756,0.0016870039681550408,0,0,0,0,buy,True,0,0,0,0,-1.0392412088712764,9046.604655544688,-945.7170290610902,29.770813641699487,0.0,1.478208205834772,9046.604655544688,29750.933180054635,10000
71,6095.42,6095.42,6684.079824378756,0.0015476970287909516,0,0,0,0,buy,True,0,0,0,0,-1.0392412088712764,9010.299862009386,-982.0526363288027,29.770813641699487,0.0,1.478208205834772,9010.299862009386,29750.933180054635,10000
72,6103.91,6103.91,6684.079824378756,0.0012497121123192642,0,0,0,0,buy,True,0,0,0,0,-1.0392412088712764,9022.849849676924,-969.4919968457853,29.770813641699487,0.0,1.478208205834772,9022.849849676924,29750.933180054635,10000
73,6066.64,6066.64,6684.079824378756,0.0012842154492085623,0,0,0,0,buy,True,0,0,0,0,-1.0392412088712764,8967.757029845463,-1024.6315767671076,29.770813641699487,0.0,1.478208205834772,8967.757029845463,29750.933180054635,10000
74,6029.01,6029.01,6684.079824378756,0.0016062703647596955,0,0,0,0,buy,True,0,0,0,0,-1.0392412088712764,8912.1320550599,-1080.3037633096174,29.770813641699487,0.0,1.478208205834772,8912.1320550599,29750.933180054635,10000
75,6105.99,6105.99,6684.079824378756,0.0016175458668243555,0,0,0,0,buy,True,0,0,0,0,-1.0392412088712764,9025.92452274506,-966.4147141455887,29.770813641699487,0.0,1.478208205834772,9025.92452274506,29750.933180054635,10000
76,6075.01,6075.01,6684.079824378756,0.0019017626124257763,0,0,0,0,buy,True,0,0,0,0,-1.0392412088712764,8980.129632528298,-1012.2484728244872,29.770813641699487,0.0,1.478208205834772,8980.129632528298,29750.933180054635,10000
77,6116.8,6116.8,6684.079824378756,0.0014675901653703164,0,0,0,0,buy,True,0,0,0,0,-1.0392412088712764,9041.903953450133,-950.4217208815826,29.770813641699487,0.0,1.478208205834772,9041.903953450133,29750.933180054635,10000
78,6122.72,6122.72,6684.079824378756,0.0013812608088396045,0,0,0,0,buy,True,0,0,0,0,-1.0392412088712764,9050.654946028677,-941.6633008887129,29.770813641699487,0.0,1.478208205834772,9050.654946028677,29750.933180054635,10000
79,6126.0,6126.0,6684.079824378756,0.0010796652559928316,0,0,0,0,buy,True,0,0,0,0,-1.0392412088712764,9055.503468943814,-936.8106627845573,29.770813641699487,0.0,1.478208205834772,9055.503468943814,29750.933180054635,10000
80,6117.57,6117.57,6684.079824378756,0.0017192950673824987,0,0,0,0,buy,True,0,0,0,0,-1.0392412088712764,9043.042173768627,-949.2825344973753,29.770813641699487,0.0,1.478208205834772,9043.042173768627,29750.933180054635,10000
81,6134.73,6134.73,6684.079824378756,0.001455602111345147,0,0,0,0,buy,True,0,0,0,0,-1.0392412088712764,9068.40822658075,-923.8949522207477,29.770813641699487,0.0,1.478208205834772,9068.40822658075,29750.933180054635,10000
82,6095.96,6095.96,6684.079824378756,0.0010930461128230934,0,0,0,0,buy,True,0,0,0,0,-1.0392412088712764,9011.098094440536,-981.2537263970207,29.770813641699487,0.0,1.478208205834772,9011.098094440536,29750.933180054635,10000
83,6091.64,6091.64,6684.079824378756,0.001153967753376624,0,0,0,0,buy,True,0,0,0,0,-1.0392412088712764,9004.712234991332,-987.6450058512746,29.770813641699487,0.0,1.478208205834772,9004.712234991332,29750.933180054635,10000
84,6108.54,6108.54,6684.079824378756,0.0013072540767994924,0,0,0,0,buy,True,0,0,0,0,-1.0392412088712764,9029.69395366994,-962.6420839121729,29.770813641699487,0.0,1.478208205834772,9029.69395366994,29750.933180054635,10000
85,6130.0,6130.0,6684.079824378756,0.0013643117454498477,0,0,0,0,buy,True,0,0,0,0,-1.0392412088712764,9061.416301767153,-930.8928114380233,29.770813641699487,0.0,1.478208205834772,9061.416301767153,29750.933180054635,10000
86,6120.0,6120.0,6684.079824378756,0.001824320818120572,0,0,0,0,buy,True,0,0,0,0,-1.0392412088712764,9046.634219708805,-945.6874398043565,29.770813641699487,0.0,1.478208205834772,9046.634219708805,29750.933180054635,10000
87,6135.61,6135.61,6684.079824378756,0.0019760704589738116,0,0,0,0,buy,True,0,0,0,0,-1.0392412088712764,9069.709049801886,-922.5930249245102,29.770813641699487,0.0,1.478208205834772,9069.709049801886,29750.933180054635,10000
88,6129.05,6129.05,6684.079824378756,0.0016181894920923446,0,0,0,0,buy,True,0,0,0,0,-1.0392412088712764,9060.01200397161,-932.2983011328251,29.770813641699487,0.0,1.478208205834772,9060.01200397161,29750.933180054635,10000
89,6212.62,6212.62,6684.079824378756,0.0011441161387315657,0,0,0,0,buy,True,0,0,0,0,-1.0392412088712764,9183.545863733221,-808.6595918753828,29.770813641699487,0.0,1.478208205834772,9183.545863733221,29750.933180054635,10000
90,6191.26,6191.26,6684.079824378756,0.001283186496964636,0,0,0,0,buy,True,0,0,0,0,-1.0392412088712764,9151.97133645659,-840.2609180658692,29.770813641699487,0.0,1.478208205834772,9151.97133645659,29750.933180054635,10000
91,6149.98,6149.98,6684.079824378756,0.0011132818273730518,0,0,0,0,buy,True,0,0,0,0,-1.0392412088712764,9090.95090171973,-901.3331439620906,29.770813641699487,0.0,1.478208205834772,9090.95090171973,29750.933180054635,10000
92,6114.01,6105.579303559732,0,0.0013789144015578683,1.478208205834772,9016.292110469052,9.02531742789695,-864.1695343822666,sell,False,0,0,-1.0,0,-2.0392412088712764,9016.292110469052,-954.5494221957888,38.796131069596434,9016.292110469052,0.0,0.0,38776.25060795159,10000
93,6082.73,6082.73,0,0.0014748990085109194,0,0,0,0,sell,True,0,0,0,0,-2.0392412088712764,9016.292110469052,-1000.8270197256788,38.796131069596434,9016.292110469052,0.0,0.0,38776.25060795159,10000
94,6096.97,6096.97,0,0.0011357367812545663,0,0,0,0,sell,True,0,0,0,0,-2.0392412088712764,9016.292110469052,-979.7594689320194,38.796131069596434,9016.292110469052,0.0,0.0,38776.25060795159,10000
95,6047.85,6047.85,0,0.0015071387737131963,0,0,0,0,sell,True,0,0,0,0,-2.0392412088712764,9016.292110469052,-1052.4306834674462,38.796131069596434,9016.292110469052,0.0,0.0,38776.25060795159,10000
96,5877.68,5877.68,0,0.0018472238570971296,0,0,0,0,sell,True,0,0,0,0,-2.0392412088712764,9016.292110469052,-1304.190874377331,38.796131069596434,9016.292110469052,0.0,0.0,38776.25060795159,10000
97,5865.77,5865.77,0,0.0012776861885509395,0,0,0,0,sell,True,0,0,0,0,-2.0392412088712764,9016.292110469052,-1321.811276761633,38.796131069596434,9016.292110469052,0.0,0.0,38776.25060795159,10000
98,5845.95,5845.95,0,0.0019661702141495424,0,0,0,0,sell,True,0,0,0,0,-2.0392412088712764,9016.292110469052,-1351.1342301837049,38.796131069596434,9016.292110469052,0.0,0.0,38776.25060795159,10000
99,5830.0,5830.0,0,0.0012272319478837544,0,0,0,0,sell,True,0,0,0,0,-2.0392412088712764,9016.292110469052,-1374.7316624280065,38.796131069596434,9016.292110469052,0.0,0.0,38776.25060795159,10000
100,5828.7,5828.7,0,0.0017820463541279978,0,0,0,0,sell,True,0,0,0,0,-2.0392412088712764,9016.292110469052,-1376.654964115629,38.796131069596434,9016.292110469052,0.0,0.0,38776.25060795159,10000
101,5846.28,5846.28,0,0.0018227654645385696,0,0,0,0,hold,False,0,0,0,0,-2.0392412088712764,9016.292110469052,-1350.6460074476163,38.796131069596434,9016.292110469052,0.0,0.0,38776.25060795159,10000
102,5907.5,5907.5,0,0.00111030054104003,0,0,0,0,sell,True,0,0,0,0,-2.0392412088712764,9016.292110469052,-1260.0732925889279,38.796131069596434,9016.292110469052,0.0,0.0,38776.25060795159,10000
103,5904.98,5904.98,0,0.0015366189965503936,0,0,0,0,sell,True,0,0,0,0,-2.0392412088712764,9016.292110469052,-1263.801538937243,38.796131069596434,9016.292110469052,0.0,0.0,38776.25060795159,10000
104,5894.29,5894.29,0,0.0018125148022315627,0,0,0,0,hold,False,0,0,0,0,-2.0392412088712764,9016.292110469052,-1279.6169966608522,38.796131069596434,9016.292110469052,0.0,0.0,38776.25060795159,10000
105,5924.74,5924.74,0,0.0012243336043871128,0,0,0,0,sell,True,0,0,0,0,-2.0392412088712764,9016.292110469052,-1234.5673532853689,38.796131069596434,9016.292110469052,0.0,0.0,38776.25060795159,10000
106,5895.9,5895.9,0,0.0010328469441226464,0,0,0,0,sell,True,0,0,0,0,-2.0392412088712764,9016.292110469052,-1277.2350614938732,38.796131069596434,9016.292110469052,0.0,0.0,38776.25060795159,10000
107,5767.02,5767.02,0,0.0012477921364989822,0,0,0,0,sell,True,0,0,0,0,-2.0392412088712764,9016.292110469052,-1467.9082318791698,38.796131069596434,9016.292110469052,0.0,0.0,38776.25060795159,10000
108,6190.0,6190.0,0,0.0017020798671747528,0,0,0,0,hold,False,0,0,0,0,-2.0392412088712764,9016.292110469052,-842.1250412400259,38.796131069596434,9016.292110469052,0.0,0.0,38776.25060795159,10000
109,6179.99,6179.99,0,0.0013322900548955517,0,0,0,0,hold,False,0,0,0,0,-2.0392412088712764,9016.292110469052,-856.934464234726,38.796131069596434,9016.292110469052,0.0,0.0,38776.25060795159,10000
110,6172.9,6172.9,0,0.0010024336908531974,0,0,0,0,hold,False,0,0,0,0,-2.0392412088712764,9016.292110469052,-867.423855746456,38.796131069596434,9016.292110469052,0.0,0.0,38776.25060795159,10000
111,6178.0,6178.0,0,0.0019379204979342313,0,0,0,0,hold,False,0,0,0,0,-2.0392412088712764,9016.292110469052,-859.8785952796261,38.796131069596434,9016.292110469052,0.0,0.0,38776.25060795159,10000
112,6182.51,6182.51,0,0.0012229247924882033,0,0,0,0,sell,True,0,0,0,0,-2.0392412088712764,9016.292110469052,-853.2062178864089,38.796131069596434,9016.292110469052,0.0,0.0,38776.25060795159,10000
113,6151.01,6151.01,0,0.00161867173736309,0,0,0,0,hold,False,0,0,0,0,-2.0392412088712764,9016.292110469052,-899.8092972403574,38.796131069596434,9016.292110469052,0.0,0.0,38776.25060795159,10000
114,6136.79,6136.79,0,0.0012469213707093675,0,0,0,0,hold,False,0,0,0,0,-2.0392412088712764,9016.292110469052,-920.8472587772831,38.796131069596434,9016.292110469052,0.0,0.0,38776.25060795159,10000
115,6136.97,6136.97,0,0.0010298814229898197,0,0,0,0,hold,False,0,0,0,0,-2.0392412088712764,9016.292110469052,-920.5809554666885,38.796131069596434,9016.292110469052,0.0,0.0,38776.25060795159,10000
116,6163.58,6163.58,0,0.0015647678531259751,0,0,0,0,hold,False,0,0,0,0,-2.0392412088712764,9016.292110469052,-881.2124493838783,38.796131069596434,9016.292110469052,0.0,0.0,38776.25060795159,10000
117,6133.19,6133.19,0,0.0014323133697954496,0,0,0,0,hold,False,0,0,0,0,-2.0392412088712764,9016.292110469052,-926.173324989164,38.796131069596434,9016.292110469052,0.0,0.0,38776.25060795159,10000
118,6114.4,6114.4,0,0.0017273902096812286,0,0,0,0,sell,True,0,0,0,0,-2.0392412088712764,9016.292110469052,-953.9724316895026,38.796131069596434,9016.292110469052,0.0,0.0,38776.25060795159,10000
119,6119.9,6119.9,0,0.001327069251716099,0,0,0,0,sell,True,0,0,0,0,-2.0392412088712764,9016.292110469052,-945.8353860880197,38.796131069596434,9016.292110469052,0.0,0.0,38776.25060795159,10000
120,6142.02,6142.02,0,0.0010658285911619276,0,0,0,0,sell,True,0,0,0,0,-2.0392412088712764,9016.292110469052,-913.1096681416911,38.796131069596434,9016.292110469052,0.0,0.0,38776.25060795159,10000
121,6152.03,6152.03,0,0.0018800227226524165,0,0,0,0,sell,True,0,0,0,0,-2.0392412088712764,9016.292110469052,-898.3002451469929,38.796131069596434,9016.292110469052,0.0,0.0,38776.25060795159,10000
122,6165.1,6165.1,0,0.0019166745896576024,0,0,0,0,hold,False,0,0,0,0,-2.0392412088712764,9016.292110469052,-878.9636658721956,38.796131069596434,9016.292110469052,0.0,0.0,38776.25060795159,10000
123,6148.32,6148.32,0,0.001494024736618597,0,0,0,0,sell,True,0,0,0,0,-2.0392412088712764,9016.292110469052,-903.7890522709022,38.796131069596434,9016.292110469052,0.0,0.0,38776.25060795159,10000
124,6160.01,6160.01,0,0.001805107933849227,0,0,0,0,hold,False,0,0,0,0,-2.0392412088712764,9016.292110469052,-886.4941317106586,38.796131069596434,9016.292110469052,0.0,0.0,38776.25060795159,10000
125,6162.99,6162.99,0,0.0017900779891528488,0,0,0,0,sell,True,0,0,0,0,-2.0392412088712764,9016.292110469052,-882.085332457491,38.796131069596434,9016.292110469052,0.0,0.0,38776.25060795159,10000
126,6182.0,6182.0,0,0.0010988538367552366,0,0,0,0,sell,True,0,0,0,0,-2.0392412088712764,9016.292110469052,-853.9607439330921,38.796131069596434,9016.292110469052,0.0,0.0,38776.25060795159,10000
127,6232.82,6232.82,0,0.001980657067606746,0,0,0,0,sell,True,0,0,0,0,-2.0392412088712764,9016.292110469052,-778.7744425753899,38.796131069596434,9016.292110469052,0.0,0.0,38776.25060795159,10000
128,6110.0,6110.0,0,0.0018872864311393499,0,0,0,0,sell,True,0,0,0,0,-2.0392412088712764,9016.292110469052,-960.4820681706897,38.796131069596434,9016.292110469052,0.0,0.0,38776.25060795159,10000
129,6130.05,6130.05,0,0.0012625163117252693,0,0,0,0,sell,True,0,0,0,0,-2.0392412088712764,9016.292110469052,-930.8188382961907,38.796131069596434,9016.292110469052,0.0,0.0,38776.25060795159,10000
130,6284.83,6284.83,0,0.0015724068338755911,0,0,0,0,sell,True,0,0,0,0,-2.0392412088712764,9016.292110469052,-701.8275804420937,38.796131069596434,9016.292110469052,0.0,0.0,38776.25060795159,10000
131,6290.0,6290.0,0,0.001603188438448134,0,0,0,0,sell,True,0,0,0,0,-2.0392412088712764,9016.292110469052,-694.1787575766994,38.796131069596434,9016.292110469052,0.0,0.0,38776.25060795159,10000
132,6272.99,6272.99,0,0.0013935834771251188,0,0,0,0,sell,True,0,0,0,0,-2.0392412088712764,9016.292110469052,-719.3444204278312,38.796131069596434,9016.292110469052,0.0,0.0,38776.25060795159,10000
133,6273.03,6273.03,0,0.0013560334314700808,0,0,0,0,sell,True,0,0,0,0,-2.0392412088712764,9016.292110469052,-719.2852419143655,38.796131069596434,9016.292110469052,0.0,0.0,38776.25060795159,10000
134,6265.0,6265.0,0,0.0018768582537661267,0,0,0,0,hold,False,0,0,0,0,-2.0392412088712764,9016.292110469052,-731.1653284925305,38.796131069596434,9016.292110469052,0.0,0.0,38776.25060795159,10000
135,6255.7,6255.7,0,0.0015671192074292785,0,0,0,0,hold,False,0,0,0,0,-2.0392412088712764,9016.292110469052,-744.9243328732209,38.796131069596434,9016.292110469052,0.0,0.0,38776.25060795159,10000
136,6251.69,6251.69,0,0.0014485549502112603,0,0,0,0,sell,True,0,0,0,0,-2.0392412088712764,9016.292110469052,-750.85697884812,38.796131069596434,9016.292110469052,0.0,0.0,38776.25060795159,10000
137,6265.18,6265.18,0,0.001345672161007247,0,0,0,0,sell,True,0,0,0,0,-2.0392412088712764,9016.292110469052,-730.8990251819359,38.796131069596434,9016.292110469052,0.0,0.0,38776.25060795159,10000
138,6234.14,6234.14,0,0.0010623153689766898,0,0,0,0,sell,True,0,0,0,0,-2.0392412088712764,9016.292110469052,-776.8215516310338,38.796131069596434,9016.292110469052,0.0,0.0,38776.25060795159,10000
139,6252.0,6252.0,0,0.001494542245850672,0,0,0,0,sell,True,0,0,0,0,-2.0392412088712764,9016.292110469052,-750.3983453687633,38.796131069596434,9016.292110469052,0.0,0.0,38776.25060795159,10000
140,6190.13,6190.13,0,0.0017602331365964468,0,0,0,0,sell,True,0,0,0,0,-2.0392412088712764,9016.292110469052,-841.9327110712638,38.796131069596434,9016.292110469052,0.0,0.0,38776.25060795159,10000
141,6227.99,6227.99,0,0.0015470325691376487,0,0,0,0,sell,True,0,0,0,0,-2.0392412088712764,9016.292110469052,-785.9202480763288,38.796131069596434,9016.292110469052,0.0,0.0,38776.25060795159,10000
142,6209.99,6209.99,0,0.0017591990842559524,0,0,0,0,sell,True,0,0,0,0,-2.0392412088712764,9016.292110469052,-812.5505791357282,38.796131069596434,9016.292110469052,0.0,0.0,38776.25060795159,10000
143,6170.03,6170.03,0,0.0017238791071642668,0,0,0,0,sell,True,0,0,0,0,-2.0392412088712764,9016.292110469052,-871.6699140875935,38.796131069596434,9016.292110469052,0.0,0.0,38776.25060795159,10000
144,6185.0,6185.0,0,0.0015131671054477045,0,0,0,0,sell,True,0,0,0,0,-2.0392412088712764,9016.292110469052,-849.5223554231925,38.796131069596434,9016.292110469052,0.0,0.0,38776.25060795159,10000
145,6188.01,6188.01,0,0.001514828101227075,0,0,0,0,sell,True,0,0,0,0,-2.0392412088712764,9016.292110469052,-845.069172284926,38.796131069596434,9016.292110469052,0.0,0.0,38776.25060795159,10000
146,6180.0,6180.0,0,0.0015871893916152395,0,0,0,0,hold,False,0,0,0,0,-2.0392412088712764,9016.292110469052,-856.9196696063591,38.796131069596434,9016.292110469052,0.0,0.0,38776.25060795159,10000
147,6183.41,6183.41,0,0.001626055199002018,0,0,0,0,sell,True,0,0,0,0,-2.0392412088712764,9016.292110469052,-851.8747013334396,38.796131069596434,9016.292110469052,0.0,0.0,38776.25060795159,10000
148,6168.73,6168.73,0,0.0014447966457138298,0,0,0,0,sell,True,0,0,0,0,-2.0392412088712764,9016.292110469052,-873.5932157752177,38.796131069596434,9016.292110469052,0.0,0.0,38776.25060795159,10000
149,6161.6,6161.6,0,0.001282757253937106,0,0,0,0,sell,True,0,0,0,0,-2.0392412088712764,9016.292110469052,-884.1417858004115,38.796131069596434,9016.292110469052,0.0,0.0,38776.25060795159,10000
150,6179.0,6188.938474086526,6195.133607694221,0.0016084275912810857,1.4553829959810736,9016.292110469052,9.016292110469053,0,buy,False,0,0,0,0,-2.0392412088712764,8992.811532167054,-858.3991324429935,47.81242318006549,0.0,1.4553829959810736,8992.811532167054,47783.52642631017,10000
151,6211.09,6211.09,6195.133607694221,0.0014416281169186461,0,0,0,0,hold,False,0,0,0.005193396989804118,0,-2.0340478118814724,9039.514772508086,-810.9231700154305,47.81242318006549,0.0,1.4553829959810736,9039.514772508086,47783.52642631017,10000
152,6155.75,6155.75,6195.133607694221,0.0011510081979195814,0,0,0,0,hold,False,0,0,-0.00890986928220319,0,-2.0429576811636756,8958.973877510494,-892.7966433947167,47.81242318006549,0.0,1.4553829959810736,8958.973877510494,47783.52642631017,10000
153,6070.78,6070.78,6195.133607694221,0.001073907870775192,0,0,0,0,hold,False,0,0,-0.013803354587174613,0,-2.05676103575085,8835.309984341982,-1018.5066006234465,47.81242318006549,0.0,1.4553829959810736,8835.309984341982,47783.52642631017,10000
154,6081.54,6081.54,6195.133607694221,0.0013997624075469163,0,0,0,0,hold,False,0,0,0.0017724246307723635,0,-2.054988611120078,8850.969905378739,-1002.5875805012711,47.81242318006549,0.0,1.4553829959810736,8850.969905378739,47783.52642631017,10000
155,6080.0,6080.0,6195.133607694221,0.0019360528007023466,0,0,0,0,hold,False,0,0,-0.00025322533437265276,0,-2.0552418364544507,8848.728615564927,-1004.8659532696875,47.81242318006549,0.0,1.4553829959810736,8848.728615564927,47783.52642631017,10000
156,6069.16,6069.16,6195.133607694221,0.0010705884879852986,0,0,0,0,hold,False,0,0,-0.0017828947368421573,0,-2.057024731191293,8832.952263888492,-1020.9033304187924,47.81242318006549,0.0,1.4553829959810736,8832.952263888492,47783.52642631017,10000
157,6031.8,6031.8,6195.133607694221,0.001142958856363414,0,0,0,0,hold,False,0,0,-0.006155711828325501,0,-2.0631804430196183,8778.579155158639,-1076.1760619954111,47.81242318006549,0.0,1.4553829959810736,8778.579155158639,47783.52642631017,10000
158,6057.99,6057.99,6195.133607694221,0.001067970036367401,0,0,0,0,hold,False,0,0,0.0043419874664279885,0,-2.0588384555531904,8816.695635823384,-1037.428930303986,47.81242318006549,0.0,1.4553829959810736,8816.695635823384,47783.52642631017,10000
159,6076.94,6076.94,6195.133607694221,0.0012101444545226144,0,0,0,0,hold,False,0,0,0.003128100244470408,0,-2.05571035530872,8844.275143597224,-1009.3931095497846,47.81242318006549,0.0,1.4553829959810736,8844.275143597224,47783.52642631017,10000
160,6064.22,6064.22,6195.133607694221,0.0017256398415638674,0,0,0,0,hold,False,0,0,-0.002093158727912303,0,-2.0578035140366326,8825.762671888346,-1028.2118768317596,47.81242318006549,0.0,1.4553829959810736,8825.762671888346,47783.52642631017,10000
161,6072.33,6072.33,6195.133607694221,0.0013707569178074532,0,0,0,0,hold,False,0,0,0.0013373525366824127,0,-2.05646616149995,8837.565827985753,-1016.2134332266651,47.81242318006549,0.0,1.4553829959810736,8837.565827985753,47783.52642631017,10000
162,6076.87,6076.87,6195.133607694221,0.001169601523477247,0,0,0,0,buy,True,0,0,0,0,-2.05646616149995,8844.173266787506,-1009.4966719483491,47.81242318006549,0.0,1.4553829959810736,8844.173266787506,47783.52642631017,10000
163,6098.99,6098.99,6195.133607694221,0.0013443192544225812,0,0,0,0,hold,False,0,0,0.0036400317926827052,0,-2.0528261297072676,8876.366338658607,-976.7709540020223,47.81242318006549,0.0,1.4553829959810736,8876.366338658607,47783.52642631017,10000
164,6115.39,6115.39,6195.133607694221,0.0013787194505271918,0,0,0,0,hold,False,0,0,0.002688969813034817,0,-2.050137159894233,8900.234619792698,-952.5077634812351,47.81242318006549,0.0,1.4553829959810736,8900.234619792698,47783.52642631017,10000
165,6091.74,6091.74,6195.133607694221,0.0013971353790344912,0,0,0,0,buy,True,0,0,0,0,-2.050137159894233,8865.814811937746,-987.4970595676132,47.81242318006549,0.0,1.4553829959810736,8865.814811937746,47783.52642631017,10000
166,6087.84,6087.84,6195.133607694221,0.0012220063956089571,0,0,0,0,hold,False,0,0,-0.0006402111711924896,0,-2.050777371065425,8860.13881825342,-993.2669646304821,47.81242318006549,0.0,1.4553829959810736,8860.13881825342,47783.52642631017,10000
167,6050.71,6050.71,6195.133607694221,0.001343924799758409,0,0,0,0,hold,False,0,0,-0.006099043338852551,0,-2.0568764144042775,8806.100447612642,-1048.1994197546755,47.81242318006549,0.0,1.4553829959810736,8806.100447612642,47783.52642631017,10000
168,6110.09,6110.09,6195.133607694221,0.0012033056926911978,0,0,0,0,hold,False,0,0,0.00981372433978827,0,-2.047062690064489,8892.521089913998,-960.3489165153915,47.81242318006549,0.0,1.4553829959810736,8892.521089913998,47783.52642631017,10000
169,6129.99,6121.4967405479765,0,0.0013855258250052012,1.4553829959810736,8900.213143880945,8.909122266147092,-116.0789665881075,sell,False,0,0,-1.0,0,-3.047062690064489,8900.213143880945,-930.9076060663901,56.72154544621258,8900.213143880945,0.0,0.0,56692.64869245726,10000
170,6120.01,6120.01,0,0.0015109913303179212,0,0,0,0,sell,True,0,0,0,0,-3.047062690064489,8900.213143880945,-945.6726451759896,56.72154544621258,8900.213143880945,0.0,0.0,56692.64869245726,10000
171,6123.0,6123.0,0,0.001325651354078019,0,0,0,0,sell,True,0,0,0,0,-3.047062690064489,8900.213143880945,-941.2490512944569,56.72154544621258,8900.213143880945,0.0,0.0,56692.64869245726,10000
172,6133.0,6133.0,0,0.0011146266048760924,0,0,0,0,sell,True,0,0,0,0,-3.047062690064489,8900.213143880945,-926.4544229281237,56.72154544621258,8900.213143880945,0.0,0.0,56692.64869245726,10000
173,6125.0,6125.0,0,0.0011488929222531496,0,0,0,0,sell,True,0,0,0,0,-3.047062690064489,8900.213143880945,-938.2901256211899,56.72154544621258,8900.213143880945,0.0,0.0,56692.64869245726,10000
174,6117.5,6117.5,0,0.0016266816344521467,0,0,0,0,sell,True,0,0,0,0,-3.047062690064489,8900.213143880945,-949.3860968959398,56.72154544621258,8900.213143880945,0.0,0.0,56692.64869245726,10000
175,6139.0,6139.0,0,0.001421056488279418,0,0,0,0,sell,True,0,0,0,0,-3.047062690064489,8900.213143880945,-917.5776459083245,56.72154544621258,8900.213143880945,0.0,0.0,56692.64869245726,10000
176,6133.73,6145.9266922477655,6152.078771018784,0.001988462525700667,1.4467001277369973,8900.213143880945,8.900213143880945,0,buy,False,0,0,0,0,-3.047062690064489,8873.667974504251,-925.3744150573821,65.62175859009352,0.0,1.4467001277369973,8873.667974504251,65583.96162319432,10000
177,6143.67,6143.67,6152.078771018784,0.001672933220509502,0,0,0,0,hold,False,0,0,0.0016205473667738268,0,-3.0454421426977154,8888.04817377396,-910.6685544612465,65.62175859009352,0.0,1.4467001277369973,8888.04817377396,65583.96162319432,10000
178,6136.08,6136.08,6152.078771018784,0.0016775353306047692,0,0,0,0,buy,True,0,0,0,0,-3.0454421426977154,8877.067719804434,-921.8976773912927,65.62175859009352,0.0,1.4467001277369973,8877.067719804434,65583.96162319432,10000
179,6111.26,6111.26,6152.078771018784,0.0016965524740399321,0,0,0,0,hold,False,0,0,-0.004044927706287952,0,-3.0494870704040036,8841.160622634003,-958.6179449965312,65.62175859009352,0.0,1.4467001277369973,8841.160622634003,65583.96162319432,10000
180,6094.85,6094.85,6152.078771018784,0.0016667480861930796,0,0,0,0,hold,False,0,0,-0.0026852073058583757,0,-3.052172277709862,8817.420273537839,-982.8959301456816,65.62175859009352,0.0,1.4467001277369973,8817.420273537839,65583.96162319432,10000
181,6104.01,6104.01,6152.078771018784,0.0011844490363334802,0,0,0,0,hold,False,0,0,0.0015029081929824996,0,-3.0506693695168794,8830.672046707909,-969.344050562122,65.62175859009352,0.0,1.4467001277369973,8830.672046707909,65583.96162319432,10000
182,6114.99,6114.99,6152.078771018784,0.001037258278924591,0,0,0,0,hold,False,0,0,0.001798817498660784,0,-3.0488705520182187,8846.556814110461,-953.09954861589,65.62175859009352,0.0,1.4467001277369973,8846.556814110461,65583.96162319432,10000
183,6103.0,6103.0,6152.078771018784,0.0017611936746297053,0,0,0,0,hold,False,0,0,-0.001960755455037465,0,-3.0508313074732563,8829.210879578895,-970.8383080271215,65.62175859009352,0.0,1.4467001277369973,8829.210879578895,65583.96162319432,10000
184,6116.75,6116.75,6152.078771018784,0.0015769750483550643,0,0,0,0,hold,False,0,0,0.002252990332623302,0,-3.048578317140633,8849.10300633528,-950.4956940234133,65.62175859009352,0.0,1.4467001277369973,8849.10300633528,65583.96162319432,10000
185,6117.0,6117.0,6152.078771018784,0.0016522415048688668,0,0,0,0,hold,False,0,0,4.087137777394298e-05,0,-3.048537445762859,8849.464681367212,-950.1258283142561,65.62175859009352,0.0,1.4467001277369973,8849.464681367212,65583.96162319432,10000
186,6111.1,6102.30532918575,0,0.0014391305680237754,1.4467001277369973,8819.377693323962,8.828205899223185,-80.83545055698232,sell,False,0,0,-1.0,0,-4.048537445762859,8819.377693323962,-958.854659050392,74.4499644893167,8819.377693323962,0.0,0.0,74412.16752241751,10000
187,6090.01,6090.01,0,0.0019145097097293113,0,0,0,0,sell,True,0,0,0,0,-4.048537445762859,8819.377693323962,-990.0565302749874,74.4499644893167,8819.377693323962,0.0,0.0,74412.16752241751,10000
188,6103.51,6103.51,0,0.0012456475237717455,0,0,0,0,sell,True,0,0,0,0,-4.048537445762859,8819.377693323962,-970.0837819804383,74.4499644893167,8819.377693323962,0.0,0.0,74412.16752241751,10000
189,6104.13,6104.13,0,0.0014065339337277151,0,0,0,0,sell,True,0,0,0,0,-4.048537445762859,8819.377693323962,-969.1665150217268,74.4499644893167,8819.377693323962,0.0,0.0,74412.16752241751,10000
190,6110.13,6110.13,0,0.001428286616179534,0,0,0,0,hold,False,0,0,0,0,-4.048537445762859,8819.377693323962,-960.2897380019258,74.4499644893167,8819.377693323962,0.0,0.0,74412.16752241751,10000
191,6123.0,6123.0,0,0.0014802961797626937,0,0,0,0,hold,False,0,0,0,0,-4.048537445762859,8819.377693323962,-941.2490512944569,74.4499644893167,8819.377693323962,0.0,0.0,74412.16752241751,10000
192,6107.0,6107.0,0,0.0019119550341102345,0,0,0,0,hold,False,0,0,0,0,-4.048537445762859,8819.377693323962,-964.9204566805893,74.4499644893167,8819.377693323962,0.0,0.0,74412.16752241751,10000
193,6109.05,6109.05,0,0.0014854228274922695,0,0,0,0,hold,False,0,0,0,0,-4.048537445762859,8819.377693323962,-961.8875578654897,74.4499644893167,8819.377693323962,0.0,0.0,74412.16752241751,10000
194,6106.58,6106.58,0,0.0017122834300292813,0,0,0,0,hold,False,0,0,0,0,-4.048537445762859,8819.377693323962,-965.5418310719742,74.4499644893167,8819.377693323962,0.0,0.0,74412.16752241751,10000
195,6106.86,6106.86,0,0.001777313934301986,0,0,0,0,hold,False,0,0,0,0,-4.048537445762859,8819.377693323962,-965.1275814777182,74.4499644893167,8819.377693323962,0.0,0.0,74412.16752241751,10000
196,6088.1,6088.1,0,0.0012163455734832,0,0,0,0,sell,True,0,0,0,0,-4.048537445762859,8819.377693323962,-992.8823042929562,74.4499644893167,8819.377693323962,0.0,0.0,74412.16752241751,10000
197,6048.19,6048.19,0,0.0018404330201616586,0,0,0,0,sell,True,0,0,0,0,-4.048537445762859,8819.377693323962,-1051.9276661029926,74.4499644893167,8819.377693323962,0.0,0.0,74412.16752241751,10000
198,5920.68,5920.68,0,0.0011418628654293159,0,0,0,0,sell,True,0,0,0,0,-4.048537445762859,8819.377693323962,-1240.5739724021005,74.4499644893167,8819.377693323962,0.0,0.0,74412.16752241751,10000
199,5940.0,5940.0,0,0.0018074980785282382,0,0,0,0,hold,False,0,0,0,0,-4.048537445762859,8819.377693323962,-1211.990750398345,74.4499644893167,8819.377693323962,0.0,0.0,74412.16752241751,10000
200,5853.98,5853.98,0,0.0018113657349680492,0,0,0,0,sell,True,0,0,0,0,-4.048537445762859,8819.377693323962,-1339.2541436055399,74.4499644893167,8819.377693323962,0.0,0.0,74412.16752241751,10000
201,5894.37,5904.593122796432,5910.503626422855,0.0017343876947718303,1.4921533342602162,8819.377693323962,8.819377693323963,0,buy,False,0,0,0,0,-4.048537445762859,8795.30384886339,-1279.4986396339227,83.26934218264066,0.0,1.4921533342602162,8795.30384886339,83222.72583804815,10000
202,5874.0,5874.0,5910.503626422855,0.0018639879873638835,0,0,0,0,hold,False,0,0,-0.0034558400643324777,0,-4.051993285827192,8764.90868544451,-1309.6352976161415,83.26934218264066,0.0,1.4921533342602162,8764.90868544451,83222.72583804815,10000
203,5868.32,5868.32,5910.503626422855,0.0015449193063513966,0,0,0,0,hold,False,0,0,-0.0009669731018046673,0,-4.052960258928996,8756.433254505911,-1318.038646528219,83.26934218264066,0.0,1.4921533342602162,8756.433254505911,83222.72583804815,10000
204,5886.09,5886.09,5910.503626422855,0.0019924871903074233,0,0,0,0,hold,False,0,0,0.0030281238923577157,0,-4.049932135036639,8782.948819255716,-1291.748591921245,83.26934218264066,0.0,1.4921533342602162,8782.948819255716,83222.72583804815,10000
205,5855.61,5855.61,5910.503626422855,0.0012125963197279642,0,0,0,0,hold,False,0,0,-0.005178310219517528,0,-4.055110445256156,8737.467985627465,-1336.842619181829,83.26934218264066,0.0,1.4921533342602162,8737.467985627465,83222.72583804815,10000
206,5906.0,5906.0,5910.503626422855,0.001188522987122323,0,0,0,0,hold,False,0,0,0.008605422833829344,0,-4.046505022422327,8812.657592140837,-1262.2924868438768,83.26934218264066,0.0,1.4921533342602162,8812.657592140837,83222.72583804815,10000
207,5886.02,5886.02,5910.503626422855,0.0012579680633388766,0,0,0,0,hold,False,0,0,-0.003383000338638482,0,-4.049888022760966,8782.84436852232,-1291.8521543198094,83.26934218264066,0.0,1.4921533342602162,8782.84436852232,83222.72583804815,10000
208,5904.22,5904.22,5910.503626422855,0.0012096257183938205,0,0,0,0,hold,False,0,0,0.0030920724020643644,0,-4.046795950358901,8810.001559205853,-1264.9259306930835,83.26934218264066,0.0,1.4921533342602162,8810.001559205853,83222.72583804815,10000
209,5897.53,5897.53,5910.503626422855,0.0016170707727349463,0,0,0,0,hold,False,0,0,-0.0011330878591923148,0,-4.0479290382180935,8800.019053399652,-1274.8235370701605,83.26934218264066,0.0,1.4921533342602162,8800.019053399652,83222.72583804815,10000
210,5926.09,5926.09,5910.503626422855,0.0017709441887037564,0,0,0,0,hold,False,0,0,0.004842705335962894,0,-4.0430863328821305,8842.634952626126,-1232.570078455914,83.26934218264066,0.0,1.4921533342602162,8842.634952626126,83222.72583804815,10000
211,5889.24,5889.24,5910.503626422855,0.0015995219308003964,0,0,0,0,hold,False,0,0,-0.006218265331778691,0,-4.049304598213909,8787.649102258636,-1287.0882839858514,83.26934218264066,0.0,1.4921533342602162,8787.649102258636,83222.72583804815,10000
212,5877.12,5877.12,5910.503626422855,0.0010916839441194484,0,0,0,0,hold,False,0,0,-0.00205799050471715,0,-4.051362588718626,8769.564203847402,-1305.0193735658468,83.26934218264066,0.0,1.4921533342602162,8769.564203847402,83222.72583804815,10000
213,5861.43,5861.43,5910.503626422855,0.0018306624313096558,0,0,0,0,hold,False,0,0,-0.0026696749428289555,0,-4.054032263661455,8746.15231803286,-1328.2321454726207,83.26934218264066,0.0,1.4921533342602162,8746.15231803286,83222.72583804815,10000
214,5863.03,5863.03,5910.503626422855,0.0010862610364751183,0,0,0,0,hold,False,0,0,0.0002729709303017688,0,-4.0537592927311525,8748.539763367675,-1325.8650049340085,83.26934218264066,0.0,1.4921533342602162,8748.539763367675,83222.72583804815,10000
215,5902.42,5902.42,5910.503626422855,0.0010973145580012206,0,0,0,0,hold,False,0,0,0.00671836917088959,0,-4.047040923560263,8807.315683204186,-1267.588963799024,83.26934218264066,0.0,1.4921533342602162,8807.315683204186,83222.72583804815,10000
216,5900.05,5900.05,5910.503626422855,0.0014581501910901208,0,0,0,0,hold,False,0,0,-0.00040153021980815766,0,-4.0474424537800715,8803.77927980199,-1271.0952907218452,83.26934218264066,0.0,1.4921533342602162,8803.77927980199,83222.72583804815,10000
217,5878.78,5878.78,5910.503626422855,0.001351291239380127,0,0,0,0,hold,False,0,0,-0.0036050541944561447,0,-4.051047507974528,8772.041178382273,-1302.5634652570352,83.26934218264066,0.0,1.4921533342602162,8772.041178382273,83222.72583804815,10000
218,5897.99,5888.729810477537,0,0.0015700585322223513,1.4921533342602162,8778.100933440328,8.786887821261589,-41.27675988363444,sell,False,0,0,-1.0,0,-5.051047507974528,8778.100933440328,-1274.1429841653098,92.05623000390224,8778.100933440328,0.0,0.0,92009.61365930975,10000
219,5883.2,5883.2,0,0.001792222785651036,0,0,0,0,sell,True,0,0,0,0,-5.051047507974528,8778.100933440328,-1296.0242395191162,92.05623000390224,8778.100933440328,0.0,0.0,92009.61365930975,10000
220,5883.02,5883.02,0,0.0012935603726521928,0,0,0,0,sell,True,0,0,0,0,-5.051047507974528,8778.100933440328,-1296.290542829709,92.05623000390224,8778.100933440328,0.0,0.0,92009.61365930975,10000
221,5894.01,5894.01,0,0.0015531975929320005,0,0,0,0,sell,True,0,0,0,0,-5.051047507974528,8778.100933440328,-1280.03124625511,92.05623000390224,8778.100933440328,0.0,0.0,92009.61365930975,10000
222,5917.01,5917.01,0,0.001942620551203875,0,0,0,0,sell,True,0,0,0,0,-5.051047507974528,8778.100933440328,-1246.003601012544,92.05623000390224,8778.100933440328,0.0,0.0,92009.61365930975,10000
223,6243.38,6243.38,0,0.0016328240948857843,0,0,0,0,sell,True,0,0,0,0,-5.051047507974528,8778.100933440328,-763.1513150205428,92.05623000390224,8778.100933440328,0.0,0.0,92009.61365930975,10000
224,6197.92,6197.92,0,0.0016694858990681822,0,0,0,0,sell,True,0,0,0,0,-5.051047507974528,8778.100933440328,-830.407695573891,92.05623000390224,8778.100933440328,0.0,0.0,92009.61365930975,10000
225,6238.99,6238.99,0,0.0017950838498828258,0,0,0,0,sell,True,0,0,0,0,-5.051047507974528,8778.100933440328,-769.646156873363,92.05623000390224,8778.100933440328,0.0,0.0,92009.61365930975,10000
226,6408.27,6408.27,0,0.0013026163024794882,0,0,0,0,sell,True,0,0,0,0,-5.051047507974528,8778.100933440328,-519.2026878880806,92.05623000390224,8778.100933440328,0.0,0.0,92009.61365930975,10000
227,6393.72,6393.72,0,0.001456561559758343,0,0,0,0,sell,True,0,0,0,0,-5.051047507974528,8778.100933440328,-540.7288721610948,92.05623000390224,8778.100933440328,0.0,0.0,92009.61365930975,10000
228,6366.0,6366.0,0,0.0011520345809289856,0,0,0,0,sell,True,0,0,0,0,-5.051047507974528,8778.100933440328,-581.7395819925696,92.05623000390224,8778.100933440328,0.0,0.0,92009.61365930975,10000
229,6383.67,6383.67,0,0.001383460573707695,0,0,0,0,sell,True,0,0,0,0,-5.051047507974528,8778.100933440328,-555.5974736692606,92.05623000390224,8778.100933440328,0.0,0.0,92009.61365930975,10000
230,6395.0,6395.0,0,0.0016491189998962719,0,0,0,0,sell,True,0,0,0,0,-5.051047507974528,8778.100933440328,-538.8351597302062,92.05623000390224,8778.100933440328,0.0,0.0,92009.61365930975,10000
231,6385.2,6385.2,0,0.0010112936084336957,0,0,0,0,hold,False,0,0,0,0,-5.051047507974528,8778.100933440328,-553.3338955292111,92.05623000390224,8778.100933440328,0.0,0.0,92009.61365930975,10000
232,6409.36,6409.36,0,0.0015445335697463927,0,0,0,0,sell,True,0,0,0,0,-5.051047507974528,8778.100933440328,-517.5900733961516,92.05623000390224,8778.100933440328,0.0,0.0,92009.61365930975,10000
233,6390.0,6390.0,0,0.0011624248524618414,0,0,0,0,hold,False,0,0,0,0,-5.051047507974528,8778.100933440328,-546.232473913371,92.05623000390224,8778.100933440328,0.0,0.0,92009.61365930975,10000
234,6411.48,6411.48,0,0.0019119688505299416,0,0,0,0,hold,False,0,0,0,0,-5.051047507974528,8778.100933440328,-514.4536121824895,92.05623000390224,8778.100933440328,0.0,0.0,92009.61365930975,10000
235,6378.58,6378.58,0,0.0017403765895561238,0,0,0,0,hold,False,0,0,0,0,-5.051047507974528,8778.100933440328,-563.1279395077236,92.05623000390224,8778.100933440328,0.0,0.0,92009.61365930975,10000
236,6399.0,6399.0,0,0.00187394878284758,0,0,0,0,sell,True,0,0,0,0,-5.051047507974528,8778.100933440328,-532.9173083836722,92.05623000390224,8778.100933440328,0.0,0.0,92009.61365930975,10000
237,6392.02,6392.02,0,0.0019594187011640137,0,0,0,0,sell,True,0,0,0,0,-5.051047507974528,8778.100933440328,-543.2439589833721,92.05623000390224,8778.100933440328,0.0,0.0,92009.61365930975,10000
238,6397.51,6397.51,0,0.0019364714087796967,0,0,0,0,hold,False,0,0,0,0,-5.051047507974528,8778.100933440328,-535.121708010256,92.05623000390224,8778.100933440328,0.0,0.0,92009.61365930975,10000
239,6362.43,6362.43,0,0.0011132815843343709,0,0,0,0,hold,False,0,0,0,0,-5.051047507974528,8778.100933440328,-587.0212643193499,92.05623000390224,8778.100933440328,0.0,0.0,92009.61365930975,10000
240,6382.27,6382.27,0,0.0010248305200336177,0,0,0,0,sell,True,0,0,0,0,-5.051047507974528,8778.100933440328,-557.6687216405462,92.05623000390224,8778.100933440328,0.0,0.0,92009.61365930975,10000
241,6357.89,6357.89,0,0.0014308378122392974,0,0,0,0,sell,True,0,0,0,0,-5.051047507974528,8778.100933440328,-593.7380255976659,92.05623000390224,8778.100933440328,0.0,0.0,92009.61365930975,10000
242,6339.97,6339.97,0,0.0011343560935946498,0,0,0,0,sell,True,0,0,0,0,-5.051047507974528,8778.100933440328,-620.249999630134,92.05623000390224,8778.100933440328,0.0,0.0,92009.61365930975,10000
243,6316.52,6316.52,0,0.0013020385371472173,0,0,0,0,sell,True,0,0,0,0,-5.051047507974528,8778.100933440328,-654.9434031491837,92.05623000390224,8778.100933440328,0.0,0.0,92009.61365930975,10000
244,6325.91,6325.91,0,0.0010340468891595197,0,0,0,0,sell,True,0,0,0,0,-5.051047507974528,8778.100933440328,-641.0512471131988,92.05623000390224,8778.100933440328,0.0,0.0,92009.61365930975,10000
245,6360.09,6369.810361291179,6376.186547839017,0.0015283370661702926,1.3767007705280132,8778.100933440328,8.778100933440328,0,buy,False,0,0,0,0,-5.051047507974528,8755.94080362751,-590.4832073570724,100.83433093734257,0.0,1.3767007705280132,8755.94080362751,100778.93649181664,10000
246,6333.17,6333.17,6376.186547839017,0.0011340687800221593,0,0,0,0,hold,False,0,0,-0.004232644506602729,0,-5.055280152481131,8718.880018884898,-630.310346919241,100.83433093734257,0.0,1.3767007705280132,8718.880018884898,100778.93649181664,10000
247,6346.41,6346.41,6376.186547839017,0.0019366013930952415,0,0,0,0,hold,False,0,0,0.002090580230753134,0,-5.0531895722503775,8737.107537086687,-610.7222589622161,100.83433093734257,0.0,1.3767007705280132,8737.107537086687,100778.93649181664,10000
248,6390.07,6390.07,6376.186547839017,0.0016199975298918094,0,0,0,0,hold,False,0,0,0.006879479894932683,0,-5.046310092355445,8797.21429272794,-546.1289115148084,100.83433093734257,0.0,1.3767007705280132,8797.21429272794,100778.93649181664,10000
249,6372.1,6372.1,6376.186547839017,0.0018536541848350064,0,0,0,0,hold,False,0,0,-0.0028121757664624236,0,-5.0491222681219075,8772.474979881554,-572.7148586891071,100.83433093734257,0.0,1.3767007705280132,8772.474979881554,100778.93649181664,10000
250,6348.9,6348.9,6376.186547839017,0.0013196277009377847,0,0,0,0,hold,False,0,0,-0.003640871926052789,0,-5.0527631400479605,8740.535522005302,-607.0383964989996,100.83433093734257,0.0,1.3767007705280132,8740.535522005302,100778.93649181664,10000
251,6343.1,6343.1,6376.186547839017,0.001957555249783654,0,0,0,0,hold,False,0,0,-0.0009135440785016181,0,-5.053676684126462,8732.550657536241,-615.6192809514723,100.83433093734257,0.0,1.3767007705280132,8732.550657536241,100778.93649181664,10000
252,6344.57,6344.57,6376.186547839017,0.0013230448916757174,0,0,0,0,hold,False,0,0,0.00023174788352691103,0,-5.0534449362429354,8734.574407668917,-613.4444705816222,100.83433093734257,0.0,1.3767007705280132,8734.574407668917,100778.93649181664,10000
253,6361.49,6361.49,6376.186547839017,0.001162917523358869,0,0,0,0,hold,False,0,0,0.002666847398641642,0,-5.050778088844294,8757.86818470625,-588.4119593857868,100.83433093734257,0.0,1.3767007705280132,8757.86818470625,100778.93649181664,10000
254,6388.92,6388.92,6376.186547839017,0.0010221695307476685,0,0,0,0,hold,False,0,0,0.004311882907935185,0,-5.046466205936358,8795.631086841835,-547.8302937769349,100.83433093734257,0.0,1.3767007705280132,8795.631086841835,100778.93649181664,10000
255,6361.12,6361.12,6376.186547839017,0.0015428369198597267,0,0,0,0,hold,False,0,0,-0.004351283158968999,0,-5.050817489095327,8757.358805421156,-588.959360635341,100.83433093734257,0.0,1.3767007705280132,8757.358805421156,100778.93649181664,10000
256,6376.98,6376.98,6376.186547839017,0.0018243590861330285,0,0,0,0,hold,False,0,0,0.0024932716251225423,0,-5.0483242174702045,8779.19327964173,-565.4950800463375,100.83433093734257,0.0,1.3767007705280132,8779.19327964173,100778.93649181664,10000
257,6391.06,6391.06,6376.186547839017,0.001531996938966453,0,0,0,0,hold,False,0,0,0.0022079416902672515,0,-5.046116275779937,8798.577226490765,-544.664243306539,100.83433093734257,0.0,1.3767007705280132,8798.577226490765,100778.93649181664,10000
258,6358.55,6358.55,6376.186547839017,0.0010513127336632174,0,0,0,0,hold,False,0,0,-0.005086793114131422,0,-5.051203068894068,8753.820684440898,-592.7615801254888,100.83433093734257,0.0,1.3767007705280132,8753.820684440898,100778.93649181664,10000
259,6380.92,6380.92,6376.186547839017,0.0017759373261781147,0,0,0,0,hold,False,0,0,0.0035180976795025454,0,-5.047684971214566,8784.61748067761,-559.6659964700011,100.83433093734257,0.0,1.3767007705280132,8784.61748067761,100778.93649181664,10000
260,6385.0,6385.0,6376.186547839017,0.0017105330919347103,0,0,0,0,hold,False,0,0,0.0006394062298226571,0,-5.047045564984743,8790.234419821365,-553.6297880965376,100.83433093734257,0.0,1.3767007705280132,8790.234419821365,100778.93649181664,10000
261,6350.48,6350.48,6376.186547839017,0.0014119239949596356,0,0,0,0,buy,True,0,0,0,0,-5.047045564984743,8742.710709222736,-604.7008452171194,100.83433093734257,0.0,1.3767007705280132,8742.710709222736,100778.93649181664,10000
262,6344.11,6344.11,6376.186547839017,0.0018347320476688367,0,0,0,0,hold,False,0,0,-0.001003073783398951,0,-5.048048638768142,8733.941125314474,-614.1250234864729,100.83433093734257,0.0,1.3767007705280132,8733.941125314474,100778.93649181664,10000
263,6285.38,6285.38,6376.186547839017,0.0017216926039835233,0,0,0,0,buy,True,0,0,0,0,-5.048048638768142,8653.087489061363,-701.0138758819448,100.83433093734257,0.0,1.3767007705280132,8653.087489061363,100778.93649181664,10000
264,6316.58,6316.58,6376.186547839017,0.0016779031725813968,0,0,0,0,buy,True,0,0,0,0,-5.048048638768142,8696.040553101837,-654.8546353789861,100.83433093734257,0.0,1.3767007705280132,8696.040553101837,100778.93649181664,10000
265,6317.88,6317.88,6376.186547839017,0.0010886568685811726,0,0,0,0,buy,True,0,0,0,0,-5.048048638768142,8697.830264103524,-652.9313336913638,100.83433093734257,0.0,1.3767007705280132,8697.830264103524,100778.93649181664,10000
266,6332.43,6332.43,6376.186547839017,0.0011424849204956576,0,0,0,0,buy,True,0,0,0,0,-5.048048638768142,8717.861260314707,-631.4051494183495,100.83433093734257,0.0,1.3767007705280132,8717.861260314707,100778.93649181664,10000
267,6324.0,6324.0,6376.186547839017,0.0010654451359050276,0,0,0,0,buy,True,0,0,0,0,-5.048048638768142,8706.255672819156,-643.8770211311676,100.83433093734257,0.0,1.3767007705280132,8706.255672819156,100778.93649181664,10000
268,6326.92,6326.92,6376.186547839017,0.0016305259230493393,0,0,0,0,buy,True,0,0,0,0,-5.048048638768142,8710.275639069097,-639.5569896481993,100.83433093734257,0.0,1.3767007705280132,8710.275639069097,100778.93649181664,10000
269,6354.68,6354.68,6376.186547839017,0.0018972445549025419,0,0,0,0,buy,True,0,0,0,0,-5.048048638768142,8748.492852458956,-598.4871013032589,100.83433093734257,0.0,1.3767007705280132,8748.492852458956,100778.93649181664,10000
270,6372.0,6372.0,6376.186547839017,0.0015662842910593006,0,0,0,0,buy,True,0,0,0,0,-5.048048638768142,8772.3373098045,-572.8628049727704,100.83433093734257,0.0,1.3767007705280132,8772.3373098045,100778.93649181664,10000
271,6374.64,6374.64,6376.186547839017,0.0015148701930634903,0,0,0,0,hold,False,0,0,0.00041431261770263016,0,-5.0476343261504395,8775.971799838695,-568.9570230840582,100.83433093734257,0.0,1.3767007705280132,8775.971799838695,100778.93649181664,10000
272,6356.81,6344.963830775682,0,0.0018635399240056398,1.3767007705280132,8726.381478206455,8.735116594801257,-51.719455233873305,sell,False,0,0,-1.0,0,-6.0476343261504395,8726.381478206455,-595.3358454612298,109.56944753214383,8726.381478206455,0.0,0.0,109514.0530866179,10000
273,6341.53,6341.53,0,0.001885651137475324,0,0,0,0,sell,True,0,0,0,0,-6.0476343261504395,8726.381478206455,-617.9420376049875,109.56944753214383,8726.381478206455,0.0,0.0,109514.0530866179,10000
274,6325.02,6325.02,0,0.0013998479066520265,0,0,0,0,sell,True,0,0,0,0,-6.0476343261504395,8726.381478206455,-642.3679690378012,109.56944753214383,8726.381478206455,0.0,0.0,109514.0530866179,10000
275,6340.01,6340.01,0,0.00147120377262535,0,0,0,0,sell,True,0,0,0,0,-6.0476343261504395,8726.381478206455,-620.1908211166683,109.56944753214383,8726.381478206455,0.0,0.0,109514.0530866179,10000
276,6346.0,6346.0,0,0.0012970962294185577,0,0,0,0,sell,True,0,0,0,0,-6.0476343261504395,8726.381478206455,-611.328838725236,109.56944753214383,8726.381478206455,0.0,0.0,109514.0530866179,10000
277,6311.83,6311.83,0,0.0018100006875064923,0,0,0,0,sell,True,0,0,0,0,-6.0476343261504395,8726.381478206455,-661.8820838529955,109.56944753214383,8726.381478206455,0.0,0.0,109514.0530866179,10000
278,6293.1,6293.1,0,0.0014834292631409648,0,0,0,0,sell,True,0,0,0,0,-6.0476343261504395,8726.381478206455,-689.5924227831347,109.56944753214383,8726.381478206455,0.0,0.0,109514.0530866179,10000
279,6311.01,6311.01,0,0.0017028563200227062,0,0,0,0,hold,False,0,0,0,0,-6.0476343261504395,8726.381478206455,-663.0952433790335,109.56944753214383,8726.381478206455,0.0,0.0,109514.0530866179,10000
280,6345.41,6345.41,0,0.0016403447921415637,0,0,0,0,sell,True,0,0,0,0,-6.0476343261504395,8726.381478206455,-612.2017217988505,109.56944753214383,8726.381478206455,0.0,0.0,109514.0530866179,10000
281,6346.39,6346.39,0,0.0012251870747855922,0,0,0,0,sell,True,0,0,0,0,-6.0476343261504395,8726.381478206455,-610.751848218948,109.56944753214383,8726.381478206455,0.0,0.0,109514.0530866179,10000
282,6327.5,6327.5,0,0.0019912876252617343,0,0,0,0,sell,True,0,0,0,0,-6.0476343261504395,8726.381478206455,-638.6989012029517,109.56944753214383,8726.381478206455,0.0,0.0,109514.0530866179,10000
283,6336.19,6336.19,0,0.0011066735743764612,0,0,0,0,sell,True,0,0,0,0,-6.0476343261504395,8726.381478206455,-625.8423691526095,109.56944753214383,8726.381478206455,0.0,0.0,109514.0530866179,10000
284,6343.99,6343.99,0,0.0016035455840439652,0,0,0,0,sell,True,0,0,0,0,-6.0476343261504395,8726.381478206455,-614.3025590268699,109.56944753214383,8726.381478206455,0.0,0.0,109514.0530866179,10000
285,6350.0,6360.228197482274,6366.594792274548,0.0016107397609879228,1.370651307790996,8726.381478206455,8.726381478206454,0,buy,False,0,0,0,0,-6.0476343261504395,8703.635804472826,-605.410987378702,118.29582901035027,0.0,1.370651307790996,8703.635804472826,118231.70818334616,10000
286,6597.21,6597.21,6366.594792274548,0.001677059562753292,0,0,0,0,hold,False,0,0,0.03893070866141716,0,-6.008703617489022,9042.474514271837,-239.67297953459092,118.29582901035027,0.0,1.370651307790996,9042.474514271837,118231.70818334616,10000
287,6612.98,6612.98,6366.594792274548,0.0014442032795108186,0,0,0,0,hold,False,0,0,0.00239040442853868,0,-6.0063132130604835,9064.0896853957,-216.34185060088384,118.29582901035027,0.0,1.370651307790996,9064.0896853957,118231.70818334616,10000
288,6630.08,6630.08,6366.594792274548,0.0015778839697509943,0,0,0,0,hold,False,0,0,0.002585823637755027,0,-6.003727389422728,9087.527822758928,-191.0430360944556,118.29582901035027,0.0,1.370651307790996,9087.527822758928,118231.70818334616,10000
289,6613.8,6613.8,6366.594792274548,0.0012698195188238022,0,0,0,0,hold,False,0,0,-0.002455475650369304,0,-6.0061828650730975,9065.21361946809,-215.12869107484403,118.29582901035027,0.0,1.370651307790996,9065.21361946809,118231.70818334616,10000
290,6618.0,6618.0,6366.594792274548,0.0017216528977429056,0,0,0,0,buy,True,0,0,0,0,-6.0061828650730975,9070.970354960813,-208.91494716098532,118.29582901035027,0.0,1.370651307790996,9070.970354960813,118231.70818334616,10000
291,6641.79,6641.79,6366.594792274548,0.0010639951598921732,0,0,0,0,hold,False,0,0,0.0035947416137803966,0,-6.002588123459317,9103.578149573159,-173.71852627748012,118.29582901035027,0.0,1.370651307790996,9103.578149573159,118231.70818334616,10000
292,6629.0,6629.0,6366.594792274548,0.0010514276076447496,0,0,0,0,hold,False,0,0,-0.001925685696175117,0,-6.004513809155492,9086.047519346514,-192.64085595801953,118.29582901035027,0.0,1.370651307790996,9086.047519346514,118231.70818334616,10000
293,6629.79,6629.79,6366.594792274548,0.001988872282470141,0,0,0,0,hold,False,0,0,0.00011917332931054093,0,-6.0043946358261815,9087.130333879668,-191.4720803170785,118.29582901035027,0.0,1.370651307790996,9087.130333879668,118231.70818334616,10000
294,6651.02,6651.02,6366.594792274548,0.0019385458481006208,0,0,0,0,hold,False,0,0,0.0032022130414388183,0,-6.001192422784743,9116.229261144072,-160.0630842953542,118.29582901035027,0.0,1.370651307790996,9116.229261144072,118231.70818334616,10000
295,6629.86,6629.86,6366.594792274548,0.0011695606449115279,0,0,0,0,buy,True,0,0,0,0,-6.001192422784743,9087.226279471213,-191.36851791851404,118.29582901035027,0.0,1.370651307790996,9087.226279471213,118231.70818334616,10000
296,6615.29,6615.29,6366.594792274548,0.001506355631825808,0,0,0,0,hold,False,0,0,-0.002197633132524728,0,-6.003390055917268,9067.255889916698,-212.924291448262,118.29582901035027,0.0,1.370651307790996,9067.255889916698,118231.70818334616,10000
297,6610.07,6610.07,6366.594792274548,0.0011495354516641418,0,0,0,0,buy,True,0,0,0,0,-6.003390055917268,9060.10109009003,-220.64708745548705,118.29582901035027,0.0,1.370651307790996,9060.10109009003,118231.70818334616,10000
298,6618.93,6618.93,6366.594792274548,0.0014747410336276069,0,0,0,0,buy,True,0,0,0,0,-6.003390055917268,9072.245060677058,-207.53904672291537,118.29582901035027,0.0,1.370651307790996,9072.245060677058,118231.70818334616,10000
299,6638.02,6638.02,6366.594792274548,0.0013561295254810926,0,0,0,0,buy,True,0,0,0,0,-6.003390055917268,9098.410794142788,-179.296101171587,118.29582901035027,0.0,1.370651307790996,9098.410794142788,118231.70818334616,10000
300,6645.0,6645.0,6366.594792274548,0.0013430107107935186,0,0,0,0,buy,True,0,0,0,0,-6.003390055917268,9107.977940271168,-168.96945057188714,118.29582901035027,0.0,1.370651307790996,9107.977940271168,118231.70818334616,10000
301,6643.62,6635.334838501424,0,0.0012470853990107175,1.370651307790996,9085.635643649111,9.094730374023134,359.2541654426568,sell,False,0,0,-1.0,0,-7.003390055917268,9085.635643649111,-171.01110928644084,127.3905593843734,9085.635643649111,0.0,0.0,127326.43855736929,10000
302,6627.0,6627.0,0,0.0019516018975808752,0,0,0,0,sell,True,0,0,0,0,-7.003390055917268,9085.635643649111,-195.5997816312847,127.3905593843734,9085.635643649111,0.0,0.0,127326.43855736929,10000
303,6637.99,6637.99,0,0.0011946770826630909,0,0,0,0,sell,True,0,0,0,0,-7.003390055917268,9085.635643649111,-179.3404850566858,127.3905593843734,9085.635643649111,0.0,0.0,127326.43855736929,10000
304,6645.99,6645.99,0,0.001009432476676957,0,0,0,0,sell,True,0,0,0,0,-7.003390055917268,9085.635643649111,-167.5047823636196,127.3905593843734,9085.635643649111,0.0,0.0,127326.43855736929,10000
305,6635.0,6635.0,0,0.0014109371241851545,0,0,0,0,sell,True,0,0,0,0,-7.003390055917268,9085.635643649111,-183.76407893821852,127.3905593843734,9085.635643649111,0.0,0.0,127326.43855736929,10000
306,6614.0,6614.0,0,0.0013163359342265872,0,0,0,0,sell,True,0,0,0,0,-7.003390055917268,9085.635643649111,-214.8327985075175,127.3905593843734,9085.635643649111,0.0,0.0,127326.43855736929,10000
307,6563.36,6563.36,0,0.001052413842316101,0,0,0,0,sell,True,0,0,0,0,-7.003390055917268,9085.635643649111,-289.7527965546269,127.3905593843734,9085.635643649111,0.0,0.0,127326.43855736929,10000
308,6576.51,6576.51,0,0.0010686586636375669,0,0,0,0,sell,True,0,0,0,0,-7.003390055917268,9085.635643649111,-270.29786025290014,127.3905593843734,9085.635643649111,0.0,0.0,127326.43855736929,10000
309,6585.0,6585.0,0,0.0014925180827136456,0,0,0,0,sell,True,0,0,0,0,-7.003390055917268,9085.635643649111,-257.7372207698827,127.3905593843734,9085.635643649111,0.0,0.0,127326.43855736929,10000
310,6567.98,6567.98,0,0.0013621692903695959,0,0,0,0,sell,True,0,0,0,0,-7.003390055917268,9085.635643649111,-282.9176782493814,127.3905593843734,9085.635643649111,0.0,0.0,127326.43855736929,10000
311,6576.0,6576.0,0,0.0019285394007943545,0,0,0,0,sell,True,0,0,0,0,-7.003390055917268,9085.635643649111,-271.0523862995833,127.3905593843734,9085.635643649111,0.0,0.0,127326.43855736929,10000
312,6585.02,6585.02,0,0.0016613250720589892,0,0,0,0,sell,True,0,0,0,0,-7.003390055917268,9085.635643649111,-257.70763151314895,127.3905593843734,9085.635643649111,0.0,0.0,127326.43855736929,10000
313,6586.97,6586.97,0,0.0013798356786990159,0,0,0,0,sell,True,0,0,0,0,-7.003390055917268,9085.635643649111,-254.8226789817145,127.3905593843734,9085.635643649111,0.0,0.0,127326.43855736929,10000
314,6585.88,6585.88,0,0.001326550615507316,0,0,0,0,hold,False,0,0,0,0,-7.003390055917268,9085.635643649111,-256.4352934736453,127.3905593843734,9085.635643649111,0.0,0.0,127326.43855736929,10000
315,6569.92,6569.92,0,0.001348166762750978,0,0,0,0,sell,True,0,0,0,0,-7.003390055917268,9085.635643649111,-280.047520346312,127.3905593843734,9085.635643649111,0.0,0.0,127326.43855736929,10000
316,6601.54,6601.54,0,0.0014709004674599599,0,0,0,0,hold,False,0,0,0,0,-7.003390055917268,9085.635643649111,-233.26690545196834,127.3905593843734,9085.635643649111,0.0,0.0,127326.43855736929,10000
317,6612.96,6612.96,0,0.0016973749504703495,0,0,0,0,hold,False,0,0,0,0,-7.003390055917268,9085.635643649111,-216.37143985761577,127.3905593843734,9085.635643649111,0.0,0.0,127326.43855736929,10000
318,6617.95,6617.95,0,0.0011359925628460007,0,0,0,0,hold,False,0,0,0,0,-7.003390055917268,9085.635643649111,-208.98892030281604,127.3905593843734,9085.635643649111,0.0,0.0,127326.43855736929,10000
319,6482.31,6482.31,0,0.001752066422705695,0,0,0,0,hold,False,0,0,0,0,-7.003390055917268,9085.635643649111,-409.663259463754,127.3905593843734,9085.635643649111,0.0,0.0,127326.43855736929,10000
320,6513.86,6513.86,0,0.001596244975439559,0,0,0,0,sell,True,0,0,0,0,-7.003390055917268,9085.635643649111,-362.9862069679748,127.3905593843734,9085.635643649111,0.0,0.0,127326.43855736929,10000
321,6481.69,6481.69,0,0.001087656522949422,0,0,0,0,sell,True,0,0,0,0,-7.003390055917268,9085.635643649111,-410.5805264224673,127.3905593843734,9085.635643649111,0.0,0.0,127326.43855736929,10000
322,6524.01,6524.01,0,0.0016249756542461706,0,0,0,0,hold,False,0,0,0,0,-7.003390055917268,9085.635643649111,-347.9696591761458,127.3905593843734,9085.635643649111,0.0,0.0,127326.43855736929,10000
323,6534.91,6534.91,0,0.0018415170988840385,0,0,0,0,sell,True,0,0,0,0,-7.003390055917268,9085.635643649111,-331.84351425684326,127.3905593843734,9085.635643649111,0.0,0.0,127326.43855736929,10000
324,6518.0,6518.0,0,0.001449427281854545,0,0,0,0,sell,True,0,0,0,0,-7.003390055917268,9085.635643649111,-356.86123082431186,127.3905593843734,9085.635643649111,0.0,0.0,127326.43855736929,10000
325,6536.93,6536.93,0,0.0014010392994365265,0,0,0,0,sell,True,0,0,0,0,-7.003390055917268,9085.635643649111,-328.85499932684434,127.3905593843734,9085.635643649111,0.0,0.0,127326.43855736929,10000
326,6556.12,6556.12,0,0.0016515232345486201,0,0,0,0,sell,True,0,0,0,0,-7.003390055917268,9085.635643649111,-300.4641074918527,127.3905593843734,9085.635643649111,0.0,0.0,127326.43855736929,10000
327,6713.0,6713.0,0,0.0014139649174057633,0,0,0,0,sell,True,0,0,0,0,-7.003390055917268,9085.635643649111,-68.36597768082356,127.3905593843734,9085.635643649111,0.0,0.0,127326.43855736929,10000
328,6703.99,6703.99,0,0.001570701558971497,0,0,0,0,sell,True,0,0,0,0,-7.003390055917268,9085.635643649111,-81.69593783888922,127.3905593843734,9085.635643649111,0.0,0.0,127326.43855736929,10000
329,6683.76,6683.76,0,0.0012443566896486687,0,0,0,0,hold,False,0,0,0,0,-7.003390055917268,9085.635643649111,-111.62547102398094,127.3905593843734,9085.635643649111,0.0,0.0,127326.43855736929,10000
330,6665.79,6665.79,0,0.0011855381033285136,0,0,0,0,hold,False,0,0,0,0,-7.003390055917268,9085.635643649111,-138.21141819828154,127.3905593843734,9085.635643649111,0.0,0.0,127326.43855736929,10000
331,6673.01,6673.01,0,0.0017171854918667882,0,0,0,0,sell,True,0,0,0,0,-7.003390055917268,9085.635643649111,-127.52969651778767,127.3905593843734,9085.635643649111,0.0,0.0,127326.43855736929,10000
332,6669.65,6669.65,0,0.0017304278016922652,0,0,0,0,hold,False,0,0,0,0,-7.003390055917268,9085.635643649111,-132.50069164887645,127.3905593843734,9085.635643649111,0.0,0.0,127326.43855736929,10000
333,6683.07,6683.07,0,0.00156394098568704,0,0,0,0,sell,True,0,0,0,0,-7.003390055917268,9085.635643649111,-112.6463003812587,127.3905593843734,9085.635643649111,0.0,0.0,127326.43855736929,10000
334,6690.99,6690.99,0,0.0014357126734392462,0,0,0,0,hold,False,0,0,0,0,-7.003390055917268,9085.635643649111,-100.92895471512202,127.3905593843734,9085.635643649111,0.0,0.0,127326.43855736929,10000
335,6690.99,6690.99,0,0.0019622575596954708,0,0,0,0,hold,False,0,0,0,0,-7.003390055917268,9085.635643649111,-100.92895471512202,127.3905593843734,9085.635643649111,0.0,0.0,127326.43855736929,10000
336,6590.06,6590.06,0,0.0011379127285517988,0,0,0,0,hold,False,0,0,0,0,-7.003390055917268,9085.635643649111,-250.2511388165185,127.3905593843734,9085.635643649111,0.0,0.0,127326.43855736929,10000
337,6586.98,6586.98,0,0.0016377303202756309,0,0,0,0,hold,False,0,0,0,0,-7.003390055917268,9085.635643649111,-254.80788435334944,127.3905593843734,9085.635643649111,0.0,0.0,127326.43855736929,10000
338,6560.14,6560.14,0,0.0014424861217673295,0,0,0,0,sell,True,0,0,0,0,-7.003390055917268,9085.635643649111,-294.51666688858495,127.3905593843734,9085.635643649111,0.0,0.0,127326.43855736929,10000
339,6635.98,6635.98,0,0.0015365114776293397,0,0,0,0,hold,False,0,0,0,0,-7.003390055917268,9085.635643649111,-182.31420535831967,127.3905593843734,9085.635643649111,0.0,0.0,127326.43855736929,10000
340,6600.99,6600.99,0,0.001888007453255916,0,0,0,0,sell,True,0,0,0,0,-7.003390055917268,9085.635643649111,-234.08061001211718,127.3905593843734,9085.635643649111,0.0,0.0,127326.43855736929,10000
341,6626.88,6626.88,0,0.0014591006113127778,0,0,0,0,hold,False,0,0,0,0,-7.003390055917268,9085.635643649111,-195.77731717168172,127.3905593843734,9085.635643649111,0.0,0.0,127326.43855736929,10000
342,6622.0,6622.0,0,0.001186689942192714,0,0,0,0,sell,True,0,0,0,0,-7.003390055917268,9085.635643649111,-202.9970958144513,127.3905593843734,9085.635643649111,0.0,0.0,127326.43855736929,10000
343,6604.66,6604.66,0,0.001077359383448922,0,0,0,0,hold,False,0,0,0,0,-7.003390055917268,9085.635643649111,-228.65098140167356,127.3905593843734,9085.635643649111,0.0,0.0,127326.43855736929,10000
344,6595.13,6595.13,0,0.0016199228860528572,0,0,0,0,hold,False,0,0,0,0,-7.003390055917268,9085.635643649111,-242.75026223478744,127.3905593843734,9085.635643649111,0.0,0.0,127326.43855736929,10000
345,6615.0,6615.0,0,0.0013502445380392998,0,0,0,0,hold,False,0,0,0,0,-7.003390055917268,9085.635643649111,-213.35333567088492,127.3905593843734,9085.635643649111,0.0,0.0,127326.43855736929,10000
346,6627.01,6634.605805933243,6641.2470529862285,0.001146188995224469,1.3680616864815722,9085.635643649111,9.08563564364911,0,buy,False,0,0,0,0,-7.003390055917268,9066.158476930244,-195.58498700291966,136.47619502802252,0.0,1.3680616864815722,9066.158476930244,136402.98856537475,10000
347,6639.98,6639.98,6641.2470529862285,0.001734368206134124,0,0,0,0,hold,False,0,0,0.001957142059541051,0,-7.001432913857727,9083.90223700391,-176.39635401178566,136.47619502802252,0.0,1.3680616864815722,9083.90223700391,136402.98856537475,10000
348,6638.0,6638.0,6641.2470529862285,0.001993096279490639,0,0,0,0,hold,False,0,0,-0.0002981936692579759,0,-7.001731107526985,9081.193474864676,-179.32569042831892,136.47619502802252,0.0,1.3680616864815722,9081.193474864676,136402.98856537475,10000
349,6614.65,6614.65,6641.2470529862285,0.0019097555863053775,0,0,0,0,hold,False,0,0,-0.003517625790900961,0,-7.005248733317886,9049.24923448533,-213.87114766370723,136.47619502802252,0.0,1.3680616864815722,9049.24923448533,136402.98856537475,10000
350,6641.06,6641.06,6641.2470529862285,0.0019061087221669587,0,0,0,0,hold,False,0,0,0.003992652672477081,0,-7.001256080645409,9085.37974362531,-174.79853414822173,136.47619502802252,0.0,1.3680616864815722,9085.37974362531,136402.98856537475,10000
351,6605.99,6605.99,6641.2470529862285,0.0013791499750521966,0,0,0,0,hold,False,0,0,-0.005280783489382644,0,-7.006536864134792,9037.401820280402,-226.68329582895058,136.47619502802252,0.0,1.3680616864815722,9037.401820280402,136402.98856537475,10000
352,6579.87,6579.87,6641.2470529862285,0.0017915798578898223,0,0,0,0,hold,False,0,0,-0.003953987214634109,0,-7.0104908513494255,9001.668049029502,-265.32686512181135,136.47619502802252,0.0,1.3680616864815722,9001.668049029502,136402.98856537475,10000
353,6611.36,6611.36,6641.2470529862285,0.0010866740707264088,0,0,0,0,buy,True,0,0,0,0,-7.0104908513494255,9044.748311536807,-218.73858039622974,136.47619502802252,0.0,1.3680616864815722,9044.748311536807,136402.98856537475,10000
354,6591.01,6579.080851102,0,0.0018099121224212607,1.3680616864815722,8991.587856212564,9.00058844465722,-94.04778743654788,sell,False,0,0,-1.0,0,-8.010490851349426,8991.587856212564,-248.84564912171663,145.47678347267973,8991.587856212564,0.0,0.0,145403.57701003196,10000
355,6561.7,6561.7,0,0.0015462565421359548,0,0,0,0,hold,False,0,0,0,0,-8.010490851349426,8991.587856212564,-292.20870486343847,145.47678347267973,8991.587856212564,0.0,0.0,145403.57701003196,10000
356,6486.51,6486.51,0,0.0017463625416344886,0,0,0,0,hold,False,0,0,0,0,-8.010490851349426,8991.587856212564,-403.4495155498935,145.47678347267973,8991.587856212564,0.0,0.0,145403.57701003196,10000
357,6510.32,6510.32,0,0.001419681705966422,0,0,0,0,hold,False,0,0,0,0,-8.010490851349426,8991.587856212564,-368.22350540965635,145.47678347267973,8991.587856212564,0.0,0.0,145403.57701003196,10000
358,6507.98,6507.98,0,0.0011340397349598084,0,0,0,0,hold,False,0,0,0,0,-8.010490851349426,8991.587856212564,-371.6854484473788,145.47678347267973,8991.587856212564,0.0,0.0,145403.57701003196,10000
359,6498.37,6498.37,0,0.0017065869383218039,0,0,0,0,hold,False,0,0,0,0,-8.010490851349426,8991.587856212564,-385.903086307424,145.47678347267973,8991.587856212564,0.0,0.0,145403.57701003196,10000
360,6537.8,6537.8,0,0.0016023778394790797,0,0,0,0,hold,False,0,0,0,0,-8.010490851349426,8991.587856212564,-327.5678666589738,145.47678347267973,8991.587856212564,0.0,0.0,145403.57701003196,10000
361,6529.2,6529.2,0,0.0018425371219653426,0,0,0,0,hold,False,0,0,0,0,-8.010490851349426,8991.587856212564,-340.29124705401955,145.47678347267973,8991.587856212564,0.0,0.0,145403.57701003196,10000
362,6531.75,6531.75,0,0.0013949205049451757,0,0,0,0,hold,False,0,0,0,0,-8.010490851349426,8991.587856212564,-336.51861682060553,145.47678347267973,8991.587856212564,0.0,0.0,145403.57701003196,10000
363,6512.93,6512.93,0,0.0018421317939100485,0,0,0,0,hold,False,0,0,0,0,-8.010490851349426,8991.587856212564,-364.3621074060429,145.47678347267973,8991.587856212564,0.0,0.0,145403.57701003196,10000
364,6548.23,6548.23,0,0.001954386113646648,0,0,0,0,hold,False,0,0,0,0,-8.010490851349426,8991.587856212564,-312.13706927288877,145.47678347267973,8991.587856212564,0.0,0.0,145403.57701003196,10000
365,6530.0,6530.0,0,0.0011460970722170106,0,0,0,0,hold,False,0,0,0,0,-8.010490851349426,8991.587856212564,-339.1076767847135,145.47678347267973,8991.587856212564,0.0,0.0,145403.57701003196,10000
366,6525.28,6525.28,0,0.0018260425105002813,0,0,0,0,sell,True,0,0,0,0,-8.010490851349426,8991.587856212564,-346.0907413736222,145.47678347267973,8991.587856212564,0.0,0.0,145403.57701003196,10000
367,6494.99,6494.99,0,0.0014330622419834373,0,0,0,0,hold,False,0,0,0,0,-8.010490851349426,8991.587856212564,-390.9036706952447,145.47678347267973,8991.587856212564,0.0,0.0,145403.57701003196,10000
368,6460.27,6460.27,0,0.0011042104118774623,0,0,0,0,hold,False,0,0,0,0,-8.010490851349426,8991.587856212564,-442.27062038315125,145.47678347267973,8991.587856212564,0.0,0.0,145403.57701003196,10000
369,6478.85,6478.85,0,0.0017952886879332149,0,0,0,0,hold,False,0,0,0,0,-8.010490851349426,8991.587856212564,-414.7822008785042,145.47678347267973,8991.587856212564,0.0,0.0,145403.57701003196,10000
370,6499.16,6499.16,0,0.0016670476780811234,0,0,0,0,hold,False,0,0,0,0,-8.010490851349426,8991.587856212564,-384.734310666483,145.47678347267973,8991.587856212564,0.0,0.0,145403.57701003196,10000
371,6495.08,6495.08,0,0.001271955434829282,0,0,0,0,hold,False,0,0,0,0,-8.010490851349426,8991.587856212564,-390.7705190399465,145.47678347267973,8991.587856212564,0.0,0.0,145403.57701003196,10000
372,6527.89,6527.89,0,0.0017992151089501326,0,0,0,0,hold,False,0,0,0,0,-8.010490851349426,8991.587856212564,-342.2293433700088,145.47678347267973,8991.587856212564,0.0,0.0,145403.57701003196,10000
373,6526.56,6526.56,0,0.001935678300258124,0,0,0,0,hold,False,0,0,0,0,-8.010490851349426,8991.587856212564,-344.1970289427318,145.47678347267973,8991.587856212564,0.0,0.0,145403.57701003196,10000
374,6587.0,6587.0,0,0.0018925496006411205,0,0,0,0,hold,False,0,0,0,0,-8.010490851349426,8991.587856212564,-254.7782950966157,145.47678347267973,8991.587856212564,0.0,0.0,145403.57701003196,10000
375,6560.74,6560.74,0,0.0013489756591068575,0,0,0,0,sell,True,0,0,0,0,-8.010490851349426,8991.587856212564,-293.6289891866072,145.47678347267973,8991.587856212564,0.0,0.0,145403.57701003196,10000
376,6549.11,6549.11,0,0.0014976587023448993,0,0,0,0,hold,False,0,0,0,0,-8.010490851349426,8991.587856212564,-310.83514197665136,145.47678347267973,8991.587856212564,0.0,0.0,145403.57701003196,10000
377,6565.01,6565.01,0,0.0015116373772083285,0,0,0,0,hold,False,0,0,0,0,-8.010490851349426,8991.587856212564,-287.3116828741822,145.47678347267973,8991.587856212564,0.0,0.0,145403.57701003196,10000
378,6558.0,6558.0,0,0.0012240659928412225,0,0,0,0,sell,True,0,0,0,0,-8.010490851349426,8991.587856212564,-297.6827173589809,145.47678347267973,8991.587856212564,0.0,0.0,145403.57701003196,10000
379,6598.0,6598.0,0,0.0010383970793603854,0,0,0,0,hold,False,0,0,0,0,-8.010490851349426,8991.587856212564,-238.5042038936499,145.47678347267973,8991.587856212564,0.0,0.0,145403.57701003196,10000
380,6565.14,6565.14,0,0.0015515948786488758,0,0,0,0,hold,False,0,0,0,0,-8.010490851349426,8991.587856212564,-287.11935270542017,145.47678347267973,8991.587856212564,0.0,0.0,145403.57701003196,10000
381,6570.01,6570.01,0,0.0012707316526083781,0,0,0,0,hold,False,0,0,0,0,-8.010490851349426,8991.587856212564,-279.9143686910156,145.47678347267973,8991.587856212564,0.0,0.0,145403.57701003196,10000
382,6571.66,6571.66,0,0.0016039326603362225,0,0,0,0,hold,False,0,0,0,0,-8.010490851349426,8991.587856212564,-277.47325501057094,145.47678347267973,8991.587856212564,0.0,0.0,145403.57701003196,10000
383,6589.94,6589.94,0,0.0018907458868968523,0,0,0,0,sell,True,0,0,0,0,-8.010490851349426,8991.587856212564,-250.4286743569155,145.47678347267973,8991.587856212564,0.0,0.0,145403.57701003196,10000
384,6574.7,6574.7,0,0.0013367638504875228,0,0,0,0,sell,True,0,0,0,0,-8.010490851349426,8991.587856212564,-272.9756879872057,145.47678347267973,8991.587856212564,0.0,0.0,145403.57701003196,10000
385,6609.78,6609.78,0,0.001672907377744577,0,0,0,0,sell,True,0,0,0,0,-8.010490851349426,8991.587856212564,-221.07613167811178,145.47678347267973,8991.587856212564,0.0,0.0,145403.57701003196,10000
386,6596.93,6596.93,0,0.0010923102813426477,0,0,0,0,hold,False,0,0,0,0,-8.010490851349426,8991.587856212564,-240.08722912884696,145.47678347267973,8991.587856212564,0.0,0.0,145403.57701003196,10000
387,6566.01,6566.01,0,0.0019316922697031286,0,0,0,0,hold,False,0,0,0,0,-8.010490851349426,8991.587856212564,-285.8322200375478,145.47678347267973,8991.587856212564,0.0,0.0,145403.57701003196,10000
388,6591.99,6591.99,0,0.0014151934923483844,0,0,0,0,hold,False,0,0,0,0,-8.010490851349426,8991.587856212564,-247.39577554181596,145.47678347267973,8991.587856212564,0.0,0.0,145403.57701003196,10000
389,6599.99,6599.99,0,0.0011834926175710372,0,0,0,0,sell,True,0,0,0,0,-8.010490851349426,8991.587856212564,-235.56007284874977,145.47678347267973,8991.587856212564,0.0,0.0,145403.57701003196,10000
390,6602.99,6602.99,0,0.0014908188045387066,0,0,0,0,hold,False,0,0,0,0,-8.010490851349426,8991.587856212564,-231.12168433885017,145.47678347267973,8991.587856212564,0.0,0.0,145403.57701003196,10000
391,6597.99,6597.99,0,0.0016074014749341242,0,0,0,0,hold,False,0,0,0,0,-8.010490851349426,8991.587856212564,-238.51899852201677,145.47678347267973,8991.587856212564,0.0,0.0,145403.57701003196,10000
392,6582.07,6582.07,0,0.0010660871740607633,0,0,0,0,hold,False,0,0,0,0,-8.010490851349426,8991.587856212564,-262.07204688121965,145.47678347267973,8991.587856212564,0.0,0.0,145403.57701003196,10000
393,6589.93,6589.93,0,0.0015342427232892621,0,0,0,0,hold,False,0,0,0,0,-8.010490851349426,8991.587856212564,-250.44346898528056,145.47678347267973,8991.587856212564,0.0,0.0,145403.57701003196,10000
394,6578.19,6578.19,0,0.0011663286195093196,0,0,0,0,hold,False,0,0,0,0,-8.010490851349426,8991.587856212564,-267.81236268735665,145.47678347267973,8991.587856212564,0.0,0.0,145403.57701003196,10000
395,6575.18,6575.18,0,0.0013841036473231305,0,0,0,0,hold,False,0,0,0,0,-8.010490851349426,8991.587856212564,-272.2655458256213,145.47678347267973,8991.587856212564,0.0,0.0,145403.57701003196,10000
396,6584.36,6584.36,0,0.0010086992917608217,0,0,0,0,sell,True,0,0,0,0,-8.010490851349426,8991.587856212564,-258.68407698532974,145.47678347267973,8991.587856212564,0.0,0.0,145403.57701003196,10000
397,6584.79,6584.79,0,0.0010553741092970297,0,0,0,0,hold,False,0,0,0,0,-8.010490851349426,8991.587856212564,-258.0479079655761,145.47678347267973,8991.587856212564,0.0,0.0,145403.57701003196,10000
398,6557.12,6557.12,0,0.001580144731433668,0,0,0,0,hold,False,0,0,0,0,-8.010490851349426,8991.587856212564,-298.9846446552183,145.47678347267973,8991.587856212564,0.0,0.0,145403.57701003196,10000
399,6531.91,6531.91,0,0.001873175640986542,0,0,0,0,sell,True,0,0,0,0,-8.010490851349426,8991.587856212564,-336.2819027667447,145.47678347267973,8991.587856212564,0.0,0.0,145403.57701003196,10000
400,6565.92,6565.92,0,0.0010553721901463637,0,0,0,0,hold,False,0,0,0,0,-8.010490851349426,8991.587856212564,-285.965371692846,145.47678347267973,8991.587856212564,0.0,0.0,145403.57701003196,10000
401,6558.03,6558.03,0,0.001681764469568388,0,0,0,0,hold,False,0,0,0,0,-8.010490851349426,8991.587856212564,-297.6383334738821,145.47678347267973,8991.587856212564,0.0,0.0,145403.57701003196,10000
402,6555.61,6555.61,0,0.0014348331403565675,0,0,0,0,hold,False,0,0,0,0,-8.010490851349426,8991.587856212564,-301.21863353853587,145.47678347267973,8991.587856212564,0.0,0.0,145403.57701003196,10000
403,6547.91,6547.91,0,0.0010260985391058169,0,0,0,0,hold,False,0,0,0,0,-8.010490851349426,8991.587856212564,-312.6104973806123,145.47678347267973,8991.587856212564,0.0,0.0,145403.57701003196,10000
404,6559.03,6559.03,0,0.001150814146656656,0,0,0,0,hold,False,0,0,0,0,-8.010490851349426,8991.587856212564,-296.1588706372495,145.47678347267973,8991.587856212564,0.0,0.0,145403.57701003196,10000
405,6537.84,6537.84,0,0.0010611907901890397,0,0,0,0,sell,True,0,0,0,0,-8.010490851349426,8991.587856212564,-327.50868814550813,145.47678347267973,8991.587856212564,0.0,0.0,145403.57701003196,10000
406,6525.36,6525.36,0,0.0015582472651693405,0,0,0,0,sell,True,0,0,0,0,-8.010490851349426,8991.587856212564,-345.9723843466927,145.47678347267973,8991.587856212564,0.0,0.0,145403.57701003196,10000
407,6533.95,6533.95,0,0.0011407606489654148,0,0,0,0,sell,True,0,0,0,0,-8.010490851349426,8991.587856212564,-333.263798580012,145.47678347267973,8991.587856212564,0.0,0.0,145403.57701003196,10000
408,6575.0,6575.0,0,0.0010039710511575337,0,0,0,0,sell,True,0,0,0,0,-8.010490851349426,8991.587856212564,-272.5318491362159,145.47678347267973,8991.587856212564,0.0,0.0,145403.57701003196,10000
409,6756.98,6756.98,0,0.0014260479643275618,0,0,0,0,hold,False,0,0,0,0,-8.010490851349426,8991.587856212564,-3.299202125692318,145.47678347267973,8991.587856212564,0.0,0.0,145403.57701003196,10000
410,6745.98,6745.98,0,0.0015430308623694388,0,0,0,0,sell,True,0,0,0,0,-8.010490851349426,8991.587856212564,-19.57329332865993,145.47678347267973,8991.587856212564,0.0,0.0,145403.57701003196,10000
411,6736.74,6736.74,0,0.0015589522834911365,0,0,0,0,sell,True,0,0,0,0,-8.010490851349426,8991.587856212564,-33.2435299391509,145.47678347267973,8991.587856212564,0.0,0.0,145403.57701003196,10000
412,6740.77,6740.77,0,0.0011332970390736437,0,0,0,0,hold,False,0,0,0,0,-8.010490851349426,8991.587856212564,-27.28129470751628,145.47678347267973,8991.587856212564,0.0,0.0,145403.57701003196,10000
413,6718.9,6718.9,0,0.001372965355947089,0,0,0,0,sell,True,0,0,0,0,-8.010490851349426,8991.587856212564,-59.63714694468763,145.47678347267973,8991.587856212564,0.0,0.0,145403.57701003196,10000
414,6715.0,6715.0,0,0.001861018919457481,0,0,0,0,hold,False,0,0,0,0,-8.010490851349426,8991.587856212564,-65.40705200755656,145.47678347267973,8991.587856212564,0.0,0.0,145403.57701003196,10000
415,6726.13,6726.13,0,0.0019635339414581588,0,0,0,0,sell,True,0,0,0,0,-8.010490851349426,8991.587856212564,-48.94063063582871,145.47678347267973,8991.587856212564,0.0,0.0,145403.57701003196,10000
416,6730.81,6730.81,0,0.0011466901974937149,0,0,0,0,sell,True,0,0,0,0,-8.010490851349426,8991.587856212564,-42.01674456038381,145.47678347267973,8991.587856212564,0.0,0.0,145403.57701003196,10000
417,6739.19,6739.19,0,0.0019931901494333578,0,0,0,0,sell,True,0,0,0,0,-8.010490851349426,8991.587856212564,-29.618845989398324,145.47678347267973,8991.587856212564,0.0,0.0,145403.57701003196,10000
418,6730.62,6730.62,0,0.001356037603964179,0,0,0,0,sell,True,0,0,0,0,-8.010490851349426,8991.587856212564,-42.29784249934528,145.47678347267973,8991.587856212564,0.0,0.0,145403.57701003196,10000
419,6739.27,6739.27,0,0.0013365245120619154,0,0,0,0,sell,True,0,0,0,0,-8.010490851349426,8991.587856212564,-29.50048896246699,145.47678347267973,8991.587856212564,0.0,0.0,145403.57701003196,10000
420,6718.4,6718.4,0,0.0015853766339387135,0,0,0,0,sell,True,0,0,0,0,-8.010490851349426,8991.587856212564,-60.376878363003925,145.47678347267973,8991.587856212564,0.0,0.0,145403.57701003196,10000
421,6735.43,6735.43,0,0.0014027001440036757,0,0,0,0,sell,True,0,0,0,0,-8.010490851349426,8991.587856212564,-35.181626255138326,145.47678347267973,8991.587856212564,0.0,0.0,145403.57701003196,10000
422,6728.01,6728.01,0,0.0015805422975494737,0,0,0,0,sell,True,0,0,0,0,-8.010490851349426,8991.587856212564,-46.15924050295871,145.47678347267973,8991.587856212564,0.0,0.0,145403.57701003196,10000
423,6731.94,6731.94,0,0.0014741877140504143,0,0,0,0,sell,True,0,0,0,0,-8.010490851349426,8991.587856212564,-40.344951554990985,145.47678347267973,8991.587856212564,0.0,0.0,145403.57701003196,10000
424,6745.67,6745.67,0,0.0010039889455256846,0,0,0,0,sell,True,0,0,0,0,-8.010490851349426,8991.587856212564,-20.03192680801476,145.47678347267973,8991.587856212564,0.0,0.0,145403.57701003196,10000
425,6740.93,6740.93,0,0.0015651493883778516,0,0,0,0,sell,True,0,0,0,0,-8.010490851349426,8991.587856212564,-27.04458065365543,145.47678347267973,8991.587856212564,0.0,0.0,145403.57701003196,10000
426,6750.51,6750.51,0,0.0017813891780102606,0,0,0,0,sell,True,0,0,0,0,-8.010490851349426,8991.587856212564,-12.87132667870901,145.47678347267973,8991.587856212564,0.0,0.0,145403.57701003196,10000
427,6758.18,6758.18,0,0.0012848220324376159,0,0,0,0,sell,True,0,0,0,0,-8.010490851349426,8991.587856212564,-1.5238467217313882,145.47678347267973,8991.587856212564,0.0,0.0,145403.57701003196,10000
428,6754.98,6754.98,0,0.001647811101594912,0,0,0,0,sell,True,0,0,0,0,-8.010490851349426,8991.587856212564,-6.258127798959322,145.47678347267973,8991.587856212564,0.0,0.0,145403.57701003196,10000
429,6765.18,6765.18,0,0.0017229910688864548,0,0,0,0,sell,True,0,0,0,0,-8.010490851349426,8991.587856212564,8.832393134700396,145.47678347267973,8991.587856212564,0.0,0.0,145403.57701003196,10000
430,6749.97,6749.97,0,0.0010987135450868824,0,0,0,0,sell,True,0,0,0,0,-8.010490851349426,8991.587856212564,-13.670236610490974,145.47678347267973,8991.587856212564,0.0,0.0,145403.57701003196,10000
431,6761.46,6761.46,0,0.001387365723085012,0,0,0,0,sell,True,0,0,0,0,-8.010490851349426,8991.587856212564,3.3287913824242423,145.47678347267973,8991.587856212564,0.0,0.0,145403.57701003196,10000
432,6749.0,6749.0,0,0.00120738203060972,0,0,0,0,sell,True,0,0,0,0,-8.010490851349426,8991.587856212564,-15.10531556202659,145.47678347267973,8991.587856212564,0.0,0.0,145403.57701003196,10000
433,6712.1,6712.1,0,0.0010469929981255241,0,0,0,0,sell,True,0,0,0,0,-8.010490851349426,8991.587856212564,-69.6974942337929,145.47678347267973,8991.587856212564,0.0,0.0,145403.57701003196,10000
434,6711.69,6711.69,0,0.0012785546025582612,0,0,0,0,sell,True,0,0,0,0,-8.010490851349426,8991.587856212564,-70.30407399681462,145.47678347267973,8991.587856212564,0.0,0.0,145403.57701003196,10000
435,6699.01,6699.01,0,0.0013445139512630753,0,0,0,0,sell,True,0,0,0,0,-8.010490851349426,8991.587856212564,-89.0636627653239,145.47678347267973,8991.587856212564,0.0,0.0,145403.57701003196,10000
436,6700.1,6700.1,0,0.0012123944379060596,0,0,0,0,sell,True,0,0,0,0,-8.010490851349426,8991.587856212564,-87.4510482733931,145.47678347267973,8991.587856212564,0.0,0.0,145403.57701003196,10000
437,6717.28,6717.28,0,0.0012178986912462564,0,0,0,0,sell,True,0,0,0,0,-8.010490851349426,8991.587856212564,-62.03387674003352,145.47678347267973,8991.587856212564,0.0,0.0,145403.57701003196,10000
438,6695.31,6695.31,0,0.0014868433639935361,0,0,0,0,sell,True,0,0,0,0,-8.010490851349426,8991.587856212564,-94.53767526086631,145.47678347267973,8991.587856212564,0.0,0.0,145403.57701003196,10000
439,6707.01,6707.01,0,0.0019284041724363862,0,0,0,0,sell,True,0,0,0,0,-8.010490851349426,8991.587856212564,-77.2279600722577,145.47678347267973,8991.587856212564,0.0,0.0,145403.57701003196,10000
440,6710.53,6710.53,0,0.0011751782081691612,0,0,0,0,sell,True,0,0,0,0,-8.010490851349426,8991.587856212564,-72.02025088730807,145.47678347267973,8991.587856212564,0.0,0.0,145403.57701003196,10000
441,6725.0,6725.0,0,0.0016473300796550855,0,0,0,0,sell,True,0,0,0,0,-8.010490851349426,8991.587856212564,-50.61242364122518,145.47678347267973,8991.587856212564,0.0,0.0,145403.57701003196,10000
442,6720.29,6720.29,0,0.001881821944023925,0,0,0,0,sell,True,0,0,0,0,-8.010490851349426,8991.587856212564,-57.58069360176705,145.47678347267973,8991.587856212564,0.0,0.0,145403.57701003196,10000
443,6689.97,6689.97,0,0.001542613529939834,0,0,0,0,hold,False,0,0,0,0,-8.010490851349426,8991.587856212564,-102.43800680848835,145.47678347267973,8991.587856212564,0.0,0.0,145403.57701003196,10000
444,6691.0,6691.0,0,0.001466702602913346,0,0,0,0,sell,True,0,0,0,0,-8.010490851349426,8991.587856212564,-100.91416008675515,145.47678347267973,8991.587856212564,0.0,0.0,145403.57701003196,10000
445,6718.01,6727.986409168368,6734.721130298666,0.0014850244593812337,1.3351091577883658,8991.587856212564,8.991587856212563,0,buy,False,0,0,0,0,-8.010490851349426,8969.27667311382,-60.95386886929009,154.4683713288923,0.0,1.3351091577883658,8969.27667311382,154386.1732783883,10000
446,6709.63,6709.63,6734.721130298666,0.0014725508150219937,0,0,0,0,hold,False,0,0,-0.0012473932012606053,0,-8.011738244550687,8958.088458371552,-73.3517674402774,154.4683713288923,0.0,1.3351091577883658,8958.088458371552,154386.1732783883,10000
447,6729.4,6729.4,6734.721130298666,0.0011084150792828905,0,0,0,0,hold,False,0,0,0.002946511208516638,0,-8.00879173334217,8984.483566421028,-44.10278716003813,154.4683713288923,0.0,1.3351091577883658,8984.483566421028,154386.1732783883,10000
448,6730.09,6730.09,6734.721130298666,0.0018120769391241059,0,0,0,0,hold,False,0,0,0.00010253514429245467,0,-8.008689198197878,8985.404791739904,-43.08195780276037,154.4683713288923,0.0,1.3351091577883658,8985.404791739904,154386.1732783883,10000
449,6726.0,6726.0,6734.721130298666,0.0015155775519880845,0,0,0,0,hold,False,0,0,-0.0006077184703326345,0,-8.00929691666821,8979.944195284548,-49.132960804590766,154.4683713288923,0.0,1.3351091577883658,8979.944195284548,154386.1732783883,10000
450,6706.95,6706.95,6734.721130298666,0.0016008938998393052,0,0,0,0,hold,False,0,0,-0.0028322925958966217,0,-8.012129209264108,8954.510365828679,-77.3167278424553,154.4683713288923,0.0,1.3351091577883658,8954.510365828679,154386.1732783883,10000
451,6695.01,6695.01,6734.721130298666,0.001975424172114098,0,0,0,0,hold,False,0,0,-0.0017802428823829911,0,-8.01390945214649,8938.569162484688,-94.98151411185609,154.4683713288923,0.0,1.3351091577883658,8938.569162484688,154386.1732783883,10000
452,6697.28,6697.28,6734.721130298666,0.0017357345335020848,0,0,0,0,hold,False,0,0,0.00033905849281773794,0,-8.013570393653673,8941.599860272867,-91.62313347269992,154.4683713288923,0.0,1.3351091577883658,8941.599860272867,154386.1732783883,10000
453,6709.0,6709.0,6734.721130298666,0.0013303984625274855,0,0,0,0,hold,False,0,0,0.0017499641645564,0,-8.011820429489116,8957.247339602147,-74.28382902735757,154.4683713288923,0.0,1.3351091577883658,8957.247339602147,154386.1732783883,10000
454,6697.26,6688.065970150658,0,0.0013728046767397134,1.3351091577883658,8920.368826516233,8.929298124640875,-71.21902969633084,sell,False,0,0,-1.0,0,-9.011820429489116,8920.368826516233,-91.65272272943184,163.39766945353315,8920.368826516233,0.0,0.0,163315.47140302917,10000
455,6726.02,6726.02,0,0.0011725318085732206,0,0,0,0,hold,False,0,0,0,0,-9.011820429489116,8920.368826516233,-49.10337154785884,163.39766945353315,8920.368826516233,0.0,0.0,163315.47140302917,10000
456,6696.44,6696.44,0,0.001873437118160401,0,0,0,0,sell,True,0,0,0,0,-9.011820429489116,8920.368826516233,-92.86588225547166,163.39766945353315,8920.368826516233,0.0,0.0,163315.47140302917,10000
457,6662.12,6669.309890069208,6675.9858759451545,0.0010792195381062063,1.3361874923459645,8920.368826516233,8.920368826516233,0,buy,False,0,0,0,0,-9.011820429489116,8901.841416507896,-143.64104680872515,172.3180382800494,0.0,1.3361874923459645,8901.841416507896,172226.9198607189,10000
458,6661.36,6661.36,6675.9858759451545,0.0016842081244332534,0,0,0,0,hold,False,0,0,-0.00011407780106035742,0,-9.011934507290176,8900.825914013712,-144.76543856456738,172.3180382800494,0.0,1.3361874923459645,8900.825914013712,172226.9198607189,10000
459,6646.78,6646.78,6675.9858759451545,0.0017006282108851364,0,0,0,0,buy,True,0,0,0,0,-9.011934507290176,8881.34430037531,-166.3360067226804,172.3180382800494,0.0,1.3361874923459645,8881.34430037531,172226.9198607189,10000
460,6623.06,6623.06,6675.9858759451545,0.0015539368490141564,0,0,0,0,buy,True,0,0,0,0,-9.011934507290176,8849.649933056864,-201.4288652076193,172.3180382800494,0.0,1.3361874923459645,8849.649933056864,172226.9198607189,10000
461,6632.22,6632.22,6675.9858759451545,0.0016468371298401238,0,0,0,0,buy,True,0,0,0,0,-9.011934507290176,8861.889410486752,-187.87698562405967,172.3180382800494,0.0,1.3361874923459645,8861.889410486752,172226.9198607189,10000
462,6642.0,6642.0,6675.9858759451545,0.0010706055251154339,0,0,0,0,buy,True,0,0,0,0,-9.011934507290176,8874.957324161896,-173.40783908178673,172.3180382800494,0.0,1.3361874923459645,8874.957324161896,172226.9198607189,10000
463,6618.13,6618.13,6675.9858759451545,0.0013499880748448407,0,0,0,0,buy,True,0,0,0,0,-9.011934507290176,8843.062528719598,-208.72261699222327,172.3180382800494,0.0,1.3361874923459645,8843.062528719598,172226.9198607189,10000
464,6593.01,6593.01,6675.9858759451545,0.0014562718582432127,0,0,0,0,buy,True,0,0,0,0,-9.011934507290176,8809.497498911867,-245.88672344844963,172.3180382800494,0.0,1.3361874923459645,8809.497498911867,172226.9198607189,10000
465,6601.17,6601.17,6675.9858759451545,0.0012203107049015142,0,0,0,0,buy,True,0,0,0,0,-9.011934507290176,8820.40078884941,-233.81430670152258,172.3180382800494,0.0,1.3361874923459645,8820.40078884941,172226.9198607189,10000
466,6581.62,6581.62,6675.9858759451545,0.0019180790995820454,0,0,0,0,buy,True,0,0,0,0,-9.011934507290176,8794.278323374047,-262.7378051577034,172.3180382800494,0.0,1.3361874923459645,8794.278323374047,172226.9198607189,10000
467,6448.97,6448.97,6675.9858759451545,0.0016788656274867087,0,0,0,0,hold,False,0,0,-0.02015461239026256,0,-9.032089119680439,8617.033052514354,-458.9885504371068,172.3180382800494,0.0,1.3361874923459645,8617.033052514354,172226.9198607189,10000
468,6470.01,6470.01,6675.9858759451545,0.0015768984383425797,0,0,0,0,hold,False,0,0,0.003262536498076539,0,-9.028826583182362,8645.146437353314,-427.86065235434216,172.3180382800494,0.0,1.3361874923459645,8645.146437353314,172226.9198607189,10000
469,6365.06,6365.06,6675.9858759451545,0.0010256985429179819,0,0,0,0,buy,True,0,0,0,0,-9.028826583182362,8504.913560031606,-583.1302770590046,172.3180382800494,0.0,1.3361874923459645,8504.913560031606,172226.9198607189,10000
470,6375.03,6375.03,6675.9858759451545,0.0018754784402698198,0,0,0,0,buy,True,0,0,0,0,-9.028826583182362,8518.235349330293,-568.380032577772,172.3180382800494,0.0,1.3361874923459645,8518.235349330293,172226.9198607189,10000
471,6389.61,6389.61,6675.9858759451545,0.0012057876148773435,0,0,0,0,buy,True,0,0,0,0,-9.028826583182362,8537.716962968698,-546.809464419659,172.3180382800494,0.0,1.3361874923459645,8537.716962968698,172226.9198607189,10000
472,6383.18,6383.18,6675.9858759451545,0.0013047500271318802,0,0,0,0,buy,True,0,0,0,0,-9.028826583182362,8529.125277392914,-556.32241045921,172.3180382800494,0.0,1.3361874923459645,8529.125277392914,172226.9198607189,10000
473,6383.7,6383.7,6675.9858759451545,0.0012075383389503012,0,0,0,0,buy,True,0,0,0,0,-9.028826583182362,8529.820094888933,-555.5530897841618,172.3180382800494,0.0,1.3361874923459645,8529.820094888933,172226.9198607189,10000
474,6353.56,6353.56,6675.9858759451545,0.0019406483136716508,0,0,0,0,buy,True,0,0,0,0,-9.028826583182362,8489.547403869627,-600.1440996802885,172.3180382800494,0.0,1.3361874923459645,8489.547403869627,172226.9198607189,10000
475,6365.41,6365.41,6675.9858759451545,0.0016555548433999138,0,0,0,0,buy,True,0,0,0,0,-9.028826583182362,8505.381225653926,-582.6124650661841,172.3180382800494,0.0,1.3361874923459645,8505.381225653926,172226.9198607189,10000
476,6374.7,6374.7,6675.9858759451545,0.0012377314383231696,0,0,0,0,buy,True,0,0,0,0,-9.028826583182362,8517.794407457819,-568.8682553138606,172.3180382800494,0.0,1.3361874923459645,8517.794407457819,172226.9198607189,10000
477,6376.13,6376.13,6675.9858759451545,0.0016275574972308671,0,0,0,0,buy,True,0,0,0,0,-9.028826583182362,8519.705155571875,-566.7526234574743,172.3180382800494,0.0,1.3361874923459645,8519.705155571875,172226.9198607189,10000
478,6389.92,6389.92,6675.9858759451545,0.0011635915768446355,0,0,0,0,hold,False,0,0,0.002162753896171967,0,-9.02666382928619,8538.131181091325,-546.3508309403023,172.3180382800494,0.0,1.3361874923459645,8538.131181091325,172226.9198607189,10000
479,6365.01,6365.01,6675.9858759451545,0.0018720280716935773,0,0,0,0,buy,True,0,0,0,0,-9.02666382928619,8504.846750656987,-583.2042502008371,172.3180382800494,0.0,1.3361874923459645,8504.846750656987,172226.9198607189,10000
480,6358.68,6358.68,6675.9858759451545,0.0011283891621934718,0,0,0,0,buy,True,0,0,0,0,-9.02666382928619,8496.388683830437,-592.5692499567249,172.3180382800494,0.0,1.3361874923459645,8496.388683830437,172226.9198607189,10000
481,6296.91,6296.91,6675.9858759451545,0.0013474952613702097,0,0,0,0,buy,True,0,0,0,0,-9.02666382928619,8413.852382428227,-683.955669375564,172.3180382800494,0.0,1.3361874923459645,8413.852382428227,172226.9198607189,10000
482,6386.02,6386.02,6675.9858759451545,0.0017606177975231308,0,0,0,0,buy,True,0,0,0,0,-9.02666382928619,8532.920049871176,-552.1207360031713,172.3180382800494,0.0,1.3361874923459645,8532.920049871176,172226.9198607189,10000
483,6365.55,6365.55,6675.9858759451545,0.0017509919644846357,0,0,0,0,buy,True,0,0,0,0,-9.02666382928619,8505.568291902855,-582.4053402690552,172.3180382800494,0.0,1.3361874923459645,8505.568291902855,172226.9198607189,10000
484,6363.16,6363.16,6675.9858759451545,0.0016588934148791608,0,0,0,0,buy,True,0,0,0,0,-9.02666382928619,8502.374803796147,-585.9412564486083,172.3180382800494,0.0,1.3361874923459645,8502.374803796147,172226.9198607189,10000
485,6337.0,6337.0,6675.9858759451545,0.0014376911488619697,0,0,0,0,buy,True,0,0,0,0,-9.02666382928619,8467.420138996376,-624.6440042549348,172.3180382800494,0.0,1.3361874923459645,8467.420138996376,172226.9198607189,10000
486,6348.6,6348.6,6675.9858759451545,0.0014340996857248605,0,0,0,0,buy,True,0,0,0,0,-9.02666382928619,8482.91991390759,-607.4822353499894,172.3180382800494,0.0,1.3361874923459645,8482.91991390759,172226.9198607189,10000
487,6341.92,6341.92,6675.9858759451545,0.0017656644641062802,0,0,0,0,buy,True,0,0,0,0,-9.02666382928619,8473.994181458718,-617.3650470986995,172.3180382800494,0.0,1.3361874923459645,8473.994181458718,172226.9198607189,10000
488,6304.34,6295.070430260208,0,0.0014703473701913492,1.3361874923459645,8402.982977978267,8.411394372350617,-517.385848537966,sell,False,0,0,-1.0,0,-10.02666382928619,8402.982977978267,-672.9632604993785,180.72943265240002,8402.982977978267,0.0,0.0,180638.3142330695,10000
489,6346.01,6346.01,0,0.0014794861457273403,0,0,0,0,sell,True,0,0,0,0,-10.02666382928619,8402.982977978267,-611.3140440968691,180.72943265240002,8402.982977978267,0.0,0.0,180638.3142330695,10000
490,6372.99,6372.99,0,0.0014893713792453445,0,0,0,0,sell,True,0,0,0,0,-10.02666382928619,8402.982977978267,-571.3981367645047,180.72943265240002,8402.982977978267,0.0,0.0,180638.3142330695,10000
491,6334.0,6334.0,0,0.001749922080862303,0,0,0,0,sell,True,0,0,0,0,-10.02666382928619,8402.982977978267,-629.0823927648344,180.72943265240002,8402.982977978267,0.0,0.0,180638.3142330695,10000
492,6351.26,6351.26,0,0.0019389201214042428,0,0,0,0,sell,True,0,0,0,0,-10.02666382928619,8402.982977978267,-603.5468642045453,180.72943265240002,8402.982977978267,0.0,0.0,180638.3142330695,10000
493,6374.97,6374.97,0,0.0018779234110781595,0,0,0,0,sell,True,0,0,0,0,-10.02666382928619,8402.982977978267,-568.4688003479696,180.72943265240002,8402.982977978267,0.0,0.0,180638.3142330695,10000
494,6369.85,6369.85,0,0.0012326126603824758,0,0,0,0,sell,True,0,0,0,0,-10.02666382928619,8402.982977978267,-576.0436500715314,180.72943265240002,8402.982977978267,0.0,0.0,180638.3142330695,10000
495,6377.51,6377.51,0,0.0016029575199727844,0,0,0,0,sell,True,0,0,0,0,-10.02666382928619,8402.982977978267,-564.7109647429206,180.72943265240002,8402.982977978267,0.0,0.0,180638.3142330695,10000
496,6366.0,6366.0,0,0.0018615473519231459,0,0,0,0,hold,False,0,0,0,0,-10.02666382928619,8402.982977978267,-581.7395819925696,180.72943265240002,8402.982977978267,0.0,0.0,180638.3142330695,10000
497,6359.99,6359.99,0,0.001063277534345541,0,0,0,0,hold,False,0,0,0,0,-10.02666382928619,8402.982977978267,-590.6311536407375,180.72943265240002,8402.982977978267,0.0,0.0,180638.3142330695,10000
498,6338.4,6348.865878559716,6355.221099659375,0.0016511861920542811,1.3222172519581807,8402.982977978267,8.402982977978267,0,buy,False,0,0,0,0,-10.02666382928619,8380.741829811732,-622.5727562836491,189.1324156303783,0.0,1.3222172519581807,8380.741829811732,189032.8942280698,10000
499,6347.07,6347.07,6355.221099659375,0.0016344699445659389,0,0,0,0,buy,True,0,0,0,0,-10.02666382928619,8392.20545338621,-609.7458134900389,189.1324156303783,0.0,1.3222172519581807,8392.20545338621,189032.8942280698,10000
500,6337.54,6337.54,6355.221099659375,0.0019829789665970488,0,0,0,0,buy,True,0,0,0,0,-10.02666382928619,8379.60472297505,-623.8450943231528,189.1324156303783,0.0,1.3222172519581807,8379.60472297505,189032.8942280698,10000
501,6344.59,6344.59,6355.221099659375,0.0013784287282772065,0,0,0,0,hold,False,0,0,0.001112419014317745,0,-10.025551410271872,8388.926354601354,-613.4148813248885,189.1324156303783,0.0,1.3222172519581807,8388.926354601354,189032.8942280698,10000
502,6349.98,6340.56846841005,0,0.0014821356271909236,1.3222172519581807,8375.225407137674,8.383609016153827,-27.75757084059296,sell,False,0,0,-1.0,0,-11.025551410271872,8375.225407137674,-605.4405766354357,197.51602464653212,8375.225407137674,0.0,0.0,197416.50324422363,10000
503,6356.83,6356.83,0,0.0019063967191917462,0,0,0,0,hold,False,0,0,0,0,-11.025551410271872,8375.225407137674,-595.3062562044979,197.51602464653212,8375.225407137674,0.0,0.0,197416.50324422363,10000
504,6360.11,6360.11,0,0.0016595174161194506,0,0,0,0,sell,True,0,0,0,0,-11.025551410271872,8375.225407137674,-590.4536181003405,197.51602464653212,8375.225407137674,0.0,0.0,197416.50324422363,10000
505,6378.07,6378.07,0,0.0015367915036921102,0,0,0,0,hold,False,0,0,0,0,-11.025551410271872,8375.225407137674,-563.8824655544067,197.51602464653212,8375.225407137674,0.0,0.0,197416.50324422363,10000
506,6361.92,6361.92,0,0.001896694442284999,0,0,0,0,hold,False,0,0,0,0,-11.025551410271872,8375.225407137674,-587.7757903660331,197.51602464653212,8375.225407137674,0.0,0.0,197416.50324422363,10000
507,6326.97,6326.97,0,0.0014618791543182439,0,0,0,0,hold,False,0,0,0,0,-11.025551410271872,8375.225407137674,-639.4830165063668,197.51602464653212,8375.225407137674,0.0,0.0,197416.50324422363,10000
508,6320.36,6329.955480769191,6336.291772541732,0.0015181857946685424,1.3217865760903946,8375.225407137674,8.375225407137673,0,buy,False,0,0,0,0,-11.025551410271872,8354.167004058687,-649.2622658565142,205.89125005366978,0.0,1.3217865760903946,8354.167004058687,205783.35342595418,10000
509,6343.8,6343.8,6336.291772541732,0.0010191117887778337,0,0,0,0,hold,False,0,0,0.0037086495073064382,0,-11.021842760764565,8385.149681402245,-614.5836569658295,205.89125005366978,0.0,1.3217865760903946,8385.149681402245,205783.35342595418,10000
510,6325.54,6325.54,6336.291772541732,0.0012836787192857136,0,0,0,0,hold,False,0,0,-0.002878400958416094,0,-11.024721161722981,8361.013858522834,-641.598648362753,205.89125005366978,0.0,1.3217865760903946,8361.013858522834,205783.35342595418,10000
511,6328.97,6328.97,6336.291772541732,0.0010635725126428755,0,0,0,0,hold,False,0,0,0.000542246195581919,0,-11.024178915527399,8365.547586478826,-636.5240908330998,205.89125005366978,0.0,1.3217865760903946,8365.547586478826,205783.35342595418,10000
512,6210.18,6210.18,6336.291772541732,0.0010636875228092985,0,0,0,0,buy,True,0,0,0,0,-11.024178915527399,8208.532559105048,-812.2694811967667,205.89125005366978,0.0,1.3217865760903946,8208.532559105048,205783.35342595418,10000
513,6177.99,6177.99,6336.291772541732,0.0017841619398207922,0,0,0,0,buy,True,0,0,0,0,-11.024178915527399,8165.984249220697,-859.893389907993,205.89125005366978,0.0,1.3217865760903946,8165.984249220697,205783.35342595418,10000
514,6194.5,6194.5,6336.291772541732,0.0012529242756307666,0,0,0,0,buy,True,0,0,0,0,-11.024178915527399,8187.806945591949,-835.4674584751774,205.89125005366978,0.0,1.3217865760903946,8187.806945591949,205783.35342595418,10000
515,6190.7,6190.7,6336.291772541732,0.0010008055204863444,0,0,0,0,buy,True,0,0,0,0,-11.024178915527399,8182.7841566028055,-841.0894172543831,205.89125005366978,0.0,1.3217865760903946,8182.7841566028055,205783.35342595418,10000
516,6170.75,6170.75,6336.291772541732,0.0010164453870929123,0,0,0,0,buy,True,0,0,0,0,-11.024178915527399,8156.414514409803,-870.6047008452169,205.89125005366978,0.0,1.3217865760903946,8156.414514409803,205783.35342595418,10000
517,6165.76,6165.76,6336.291772541732,0.001260558553404792,0,0,0,0,hold,False,0,0,-0.0008086537292874104,0,-11.024987569256686,8149.8187993951115,-877.9872204000167,205.89125005366978,0.0,1.3217865760903946,8149.8187993951115,205783.35342595418,10000
518,6171.99,6171.99,6336.291772541732,0.0012097570508606517,0,0,0,0,hold,False,0,0,0.0010104188291467603,0,-11.02397715042754,8158.0535297641545,-868.7701669277922,205.89125005366978,0.0,1.3217865760903946,8158.0535297641545,205783.35342595418,10000
519,6181.02,6181.02,6336.291772541732,0.0012601019924637325,0,0,0,0,buy,True,0,0,0,0,-11.02397715042754,8169.989262546252,-855.4106175129928,205.89125005366978,0.0,1.3217865760903946,8169.989262546252,205783.35342595418,10000
520,6174.11,6174.11,6336.291772541732,0.0017072119938181013,0,0,0,0,hold,False,0,0,-0.0011179384632311164,0,-11.02509508889077,8160.855717305466,-865.63370571413,205.89125005366978,0.0,1.3217865760903946,8160.855717305466,205783.35342595418,10000
521,6167.36,6167.36,6336.291772541732,0.0017742132528228132,0,0,0,0,hold,False,0,0,-0.001093274982143186,0,-11.026188363872913,8151.933657916856,-875.6200798614045,205.89125005366978,0.0,1.3217865760903946,8151.933657916856,205783.35342595418,10000
522,6182.18,6182.18,6336.291772541732,0.0018436411416564184,0,0,0,0,buy,True,0,0,0,0,-11.026188363872913,8171.522534974516,-853.6944406224993,205.89125005366978,0.0,1.3217865760903946,8171.522534974516,205783.35342595418,10000
523,6177.5,6177.5,6336.291772541732,0.0013410944119308964,0,0,0,0,buy,True,0,0,0,0,-11.026188363872913,8165.336573798413,-860.6183266979424,205.89125005366978,0.0,1.3217865760903946,8165.336573798413,205783.35342595418,10000
524,6168.99,6168.99,6336.291772541732,0.0010751518307022775,0,0,0,0,buy,True,0,0,0,0,-11.026188363872913,8154.088170035883,-873.2085554376918,205.89125005366978,0.0,1.3217865760903946,8154.088170035883,205783.35342595418,10000
525,6173.98,6173.98,6336.291772541732,0.0013153068697720062,0,0,0,0,buy,True,0,0,0,0,-11.026188363872913,8160.683885050574,-865.826035882892,205.89125005366978,0.0,1.3217865760903946,8160.683885050574,205783.35342595418,10000
526,6166.26,6166.26,6336.291772541732,0.0015099129075870324,0,0,0,0,buy,True,0,0,0,0,-11.026188363872913,8150.479692683157,-877.2474889817004,205.89125005366978,0.0,1.3217865760903946,8150.479692683157,205783.35342595418,10000
527,6165.79,6165.79,6336.291772541732,0.0019072521672057197,0,0,0,0,hold,False,0,0,-7.622124269813149e-05,0,-11.026264585115612,8149.858452992395,-877.9428365149179,205.89125005366978,0.0,1.3217865760903946,8149.858452992395,205783.35342595418,10000
528,6143.93,6134.356323866458,0,0.001558233269835718,1.3217865760903946,8100.201532000064,8.108309841841907,-275.02387513761005,sell,False,0,0,-1.0,0,-12.026264585115612,8100.201532000064,-910.2838941237205,213.99955989551168,8100.201532000064,0.0,0.0,213891.66326779607,10000
529,6250.57,6250.57,0,0.0019405627005084258,0,0,0,0,sell,True,0,0,0,0,-12.026264585115612,8100.201532000064,-752.5139772251496,213.99955989551168,8100.201532000064,0.0,0.0,213891.66326779607,10000
530,6235.85,6235.85,0,0.0012567267067465867,0,0,0,0,sell,True,0,0,0,0,-12.026264585115612,8100.201532000064,-774.2916701803897,213.99955989551168,8100.201532000064,0.0,0.0,213891.66326779607,10000
531,6230.0,6230.0,0,0.0016708511409388733,0,0,0,0,sell,True,0,0,0,0,-12.026264585115612,8100.201532000064,-782.9465277746949,213.99955989551168,8100.201532000064,0.0,0.0,213891.66326779607,10000
532,6245.19,6245.19,0,0.0011827749486040475,0,0,0,0,sell,True,0,0,0,0,-12.026264585115612,8100.201532000064,-760.4734872862373,213.99955989551168,8100.201532000064,0.0,0.0,213891.66326779607,10000
533,6258.95,6271.442010481043,6277.7197302112545,0.001995863600291287,1.290309520034511,8100.201532000064,8.100201532000064,0,buy,False,0,0,0,0,-12.026264585115612,8075.9827704200015,-740.1160786541623,222.09976142751174,0.0,1.290309520034511,8075.9827704200015,221983.76459826413,10000
534,6247.0,6247.0,6277.7197302112545,0.0013742187456441393,0,0,0,0,buy,True,0,0,0,0,-12.026264585115612,8060.56357165559,-757.7956595519299,222.09976142751174,0.0,1.290309520034511,8060.56357165559,221983.76459826413,10000
535,6244.99,6244.99,6277.7197302112545,0.0018532144663526624,0,0,0,0,buy,True,0,0,0,0,-12.026264585115612,8057.970049520321,-760.7693798535638,222.09976142751174,0.0,1.290309520034511,8057.970049520321,221983.76459826413,10000
536,6233.86,6233.86,6277.7197302112545,0.0016292167873386523,0,0,0,0,buy,True,0,0,0,0,-12.026264585115612,8043.608904562336,-777.2358012252917,222.09976142751174,0.0,1.290309520034511,8043.608904562336,221983.76459826413,10000
537,6255.0,6255.0,6277.7197302112545,0.0014939529815365272,0,0,0,0,hold,False,0,0,0.0033911573246753067,0,-12.022873427790937,8070.886047815866,-745.9599568588637,222.09976142751174,0.0,1.290309520034511,8070.886047815866,221983.76459826413,10000
538,6239.72,6239.72,6277.7197302112545,0.0013711168118889965,0,0,0,0,hold,False,0,0,-0.0024428457234212113,0,-12.025316273514358,8051.170118349739,-768.5661490026196,222.09976142751174,0.0,1.290309520034511,8051.170118349739,221983.76459826413,10000
539,6235.45,6235.45,6277.7197302112545,0.0014526820418943919,0,0,0,0,buy,True,0,0,0,0,-12.025316273514358,8045.660496699191,-774.8834553150446,222.09976142751174,0.0,1.290309520034511,8045.660496699191,221983.76459826413,10000
540,6233.0,6233.0,6277.7197302112545,0.0010798393034022052,0,0,0,0,buy,True,0,0,0,0,-12.025316273514358,8042.499238375107,-778.5081392647953,222.09976142751174,0.0,1.290309520034511,8042.499238375107,221983.76459826413,10000
541,6247.62,6247.62,6277.7197302112545,0.0017696913755687236,0,0,0,0,buy,True,0,0,0,0,-12.025316273514358,8061.363563558011,-756.8783925932185,222.09976142751174,0.0,1.290309520034511,8061.363563558011,221983.76459826413,10000
542,6277.48,6277.48,6277.7197302112545,0.001613906017339844,0,0,0,0,hold,False,0,0,0.004779420003137159,0,-12.02053685351122,8099.8922058262415,-712.7016322913478,222.09976142751174,0.0,1.290309520034511,8099.8922058262415,221983.76459826413,10000
543,6242.32,6242.32,6277.7197302112545,0.0019159397096066878,0,0,0,0,buy,True,0,0,0,0,-12.02053685351122,8054.524923101828,-764.7195456273748,222.09976142751174,0.0,1.290309520034511,8054.524923101828,221983.76459826413,10000
544,6249.43,6249.43,6277.7197302112545,0.0017696882554714768,0,0,0,0,hold,False,0,0,0.0011389996027119272,0,-12.019397853908508,8063.699023789274,-754.2005648589111,222.09976142751174,0.0,1.290309520034511,8063.699023789274,221983.76459826413,10000
545,6265.0,6256.576917695496,0,0.0013444664492424595,1.290309520034511,8064.847838970945,8.072920759730676,-35.3536930291184,sell,False,0,0,-1.0,0,-13.019397853908508,8064.847838970945,-731.1653284925305,230.1726821872424,8064.847838970945,0.0,0.0,230056.6853579948,10000
546,6256.55,6256.55,0,0.0017137055109541117,0,0,0,0,sell,True,0,0,0,0,-13.019397853908508,8064.847838970945,-743.6667894620823,230.1726821872424,8064.847838970945,0.0,0.0,230056.6853579948,10000
547,6274.31,6274.31,0,0.0010326097321596913,0,0,0,0,sell,True,0,0,0,0,-13.019397853908508,8064.847838970945,-717.3915294834751,230.1726821872424,8064.847838970945,0.0,0.0,230056.6853579948,10000
548,6237.24,6237.24,0,0.001636075900725326,0,0,0,0,sell,True,0,0,0,0,-13.019397853908508,8064.847838970945,-772.235216837471,230.1726821872424,8064.847838970945,0.0,0.0,230056.6853579948,10000
549,6178.0,6178.0,0,0.0011711808449357609,0,0,0,0,sell,True,0,0,0,0,-13.019397853908508,8064.847838970945,-859.8785952796261,230.1726821872424,8064.847838970945,0.0,0.0,230056.6853579948,10000
550,6188.92,6188.92,0,0.0017106270650091178,0,0,0,0,hold,False,0,0,0,0,-13.019397853908508,8064.847838970945,-843.7228611035898,230.1726821872424,8064.847838970945,0.0,0.0,230056.6853579948,10000
551,6220.68,6220.68,0,0.0013153937763807039,0,0,0,0,sell,True,0,0,0,0,-13.019397853908508,8064.847838970945,-796.7351214121172,230.1726821872424,8064.847838970945,0.0,0.0,230056.6853579948,10000
552,6220.12,6220.12,0,0.001545809673180141,0,0,0,0,sell,True,0,0,0,0,-13.019397853908508,8064.847838970945,-797.5636206006329,230.1726821872424,8064.847838970945,0.0,0.0,230056.6853579948,10000
553,6214.57,6214.57,0,0.0016610037707896022,0,0,0,0,sell,True,0,0,0,0,-13.019397853908508,8064.847838970945,-805.7746393439484,230.1726821872424,8064.847838970945,0.0,0.0,230056.6853579948,10000
554,6239.0,6239.0,0,0.0012193128737336006,0,0,0,0,hold,False,0,0,0,0,-13.019397853908508,8064.847838970945,-769.6313622449961,230.1726821872424,8064.847838970945,0.0,0.0,230056.6853579948,10000
555,6239.35,6239.35,0,0.0010800813216957671,0,0,0,0,hold,False,0,0,0,0,-13.019397853908508,8064.847838970945,-769.1135502521738,230.1726821872424,8064.847838970945,0.0,0.0,230056.6853579948,10000
556,6228.0,6228.0,0,0.0016809777937721727,0,0,0,0,hold,False,0,0,0,0,-13.019397853908508,8064.847838970945,-785.9054534479619,230.1726821872424,8064.847838970945,0.0,0.0,230056.6853579948,10000
557,6208.98,6208.98,0,0.0013623369068527494,0,0,0,0,hold,False,0,0,0,0,-13.019397853908508,8064.847838970945,-814.0448366007276,230.1726821872424,8064.847838970945,0.0,0.0,230056.6853579948,10000
558,6219.76,6219.76,0,0.0017341227407338448,0,0,0,0,hold,False,0,0,0,0,-13.019397853908508,8064.847838970945,-798.0962272218203,230.1726821872424,8064.847838970945,0.0,0.0,230056.6853579948,10000
559,6220.69,6220.69,0,0.001953117254745119,0,0,0,0,sell,True,0,0,0,0,-13.019397853908508,8064.847838970945,-796.7203267837522,230.1726821872424,8064.847838970945,0.0,0.0,230056.6853579948,10000
560,6203.29,6203.29,0,0.0015054559428624974,0,0,0,0,hold,False,0,0,0,0,-13.019397853908508,8064.847838970945,-822.4629801411702,230.1726821872424,8064.847838970945,0.0,0.0,230056.6853579948,10000
561,6222.99,6222.99,0,0.0014503550462592358,0,0,0,0,hold,False,0,0,0,0,-13.019397853908508,8064.847838970945,-793.3175622594954,230.1726821872424,8064.847838970945,0.0,0.0,230056.6853579948,10000
562,6217.38,6217.38,0,0.001813684929952617,0,0,0,0,sell,True,0,0,0,0,-13.019397853908508,8064.847838970945,-801.6173487730084,230.1726821872424,8064.847838970945,0.0,0.0,230056.6853579948,10000
563,6198.83,6198.83,0,0.00116536211306878,0,0,0,0,hold,False,0,0,0,0,-13.019397853908508,8064.847838970945,-829.0613843925548,230.1726821872424,8064.847838970945,0.0,0.0,230056.6853579948,10000
564,6220.0,6220.0,0,0.0016937958805577583,0,0,0,0,hold,False,0,0,0,0,-13.019397853908508,8064.847838970945,-797.7411561410281,230.1726821872424,8064.847838970945,0.0,0.0,230056.6853579948,10000
565,6237.01,6245.241173675453,6251.4926663417955,0.0013197307163934197,1.2900675517692444,8064.847838970945,8.064847838970945,0,buy,False,0,0,0,0,-13.019397853908508,8046.164221060295,-772.5754932898963,238.23753002621334,0.0,1.2900675517692444,8046.164221060295,238113.46834912678,10000
566,6226.0,6226.0,6251.4926663417955,0.0011058557573372485,0,0,0,0,hold,False,0,0,-0.0017652689349544454,0,-13.021163122843463,8031.960577315315,-788.8643791212289,238.23753002621334,0.0,1.2900675517692444,8031.960577315315,238113.46834912678,10000
567,6237.84,6237.84,6251.4926663417955,0.0010121689225730626,0,0,0,0,hold,False,0,0,0.001901702537744972,0,-13.019261420305718,8047.234977128263,-771.3475391354914,238.23753002621334,0.0,1.2900675517692444,8047.234977128263,238113.46834912678,10000
568,6237.96,6237.96,6251.4926663417955,0.001649269250916513,0,0,0,0,hold,False,0,0,1.92374283405324e-05,0,-13.019242182877377,8047.389785234475,-771.1700035950944,238.23753002621334,0.0,1.2900675517692444,8047.389785234475,238113.46834912678,10000
569,6242.01,6242.01,6251.4926663417955,0.0019471622815937695,0,0,0,0,hold,False,0,0,0.000649250716580472,0,-13.018592932160796,8052.614558819141,-765.1781791067297,238.23753002621334,0.0,1.2900675517692444,8052.614558819141,238113.46834912678,10000
570,6269.01,6261.792418263714,0,0.0011513112495092615,1.2900675517692444,8070.057079501969,8.078135214716687,5.20924053102317,sell,False,0,0,-1.0,0,-14.018592932160796,8070.057079501969,-725.2326825176315,246.31566524093003,8070.057079501969,0.0,0.0,246191.60356384347,10000
571,6263.86,6263.86,0,0.001150740737091382,0,0,0,0,hold,False,0,0,0,0,-14.018592932160796,8070.057079501969,-732.8519161262939,246.31566524093003,8070.057079501969,0.0,0.0,246191.60356384347,10000
572,6236.99,6236.99,0,0.001621188994748325,0,0,0,0,hold,False,0,0,0,0,-14.018592932160796,8070.057079501969,-772.60508254663,246.31566524093003,8070.057079501969,0.0,0.0,246191.60356384347,10000
573,6270.01,6270.01,0,0.0015273668551402946,0,0,0,0,hold,False,0,0,0,0,-14.018592932160796,8070.057079501969,-723.7532196809989,246.31566524093003,8070.057079501969,0.0,0.0,246191.60356384347,10000
574,6268.22,6268.22,0,0.0012459912978949458,0,0,0,0,sell,True,0,0,0,0,-14.018592932160796,8070.057079501969,-726.4014581585725,246.31566524093003,8070.057079501969,0.0,0.0,246191.60356384347,10000
575,6264.0,6264.0,0,0.0013092561039081238,0,0,0,0,sell,True,0,0,0,0,-14.018592932160796,8070.057079501969,-732.644791329165,246.31566524093003,8070.057079501969,0.0,0.0,246191.60356384347,10000
576,6250.78,6250.78,0,0.0011614587287451816,0,0,0,0,sell,True,0,0,0,0,-14.018592932160796,8070.057079501969,-752.2032900294562,246.31566524093003,8070.057079501969,0.0,0.0,246191.60356384347,10000
577,6251.99,6251.99,0,0.0013973848353200963,0,0,0,0,sell,True,0,0,0,0,-14.018592932160796,8070.057079501969,-750.4131399971302,246.31566524093003,8070.057079501969,0.0,0.0,246191.60356384347,10000
578,6244.08,6244.08,0,0.0017511275241154731,0,0,0,0,sell,True,0,0,0,0,-14.018592932160796,8070.057079501969,-762.1156910349,246.31566524093003,8070.057079501969,0.0,0.0,246191.60356384347,10000
579,6239.91,6239.91,0,0.0012902132825861074,0,0,0,0,sell,True,0,0,0,0,-14.018592932160796,8070.057079501969,-768.2850510636599,246.31566524093003,8070.057079501969,0.0,0.0,246191.60356384347,10000
580,6242.06,6242.06,0,0.0011153339864423423,0,0,0,0,sell,True,0,0,0,0,-14.018592932160796,8070.057079501969,-765.1042059648971,246.31566524093003,8070.057079501969,0.0,0.0,246191.60356384347,10000
581,6257.99,6257.99,0,0.001387996459471788,0,0,0,0,sell,True,0,0,0,0,-14.018592932160796,8070.057079501969,-741.536362977331,246.31566524093003,8070.057079501969,0.0,0.0,246191.60356384347,10000
582,6269.0,6276.596326635719,6282.87920584156,0.0012117286067505517,1.2844520505819632,8070.057079501969,8.07005707950197,0,buy,False,0,0,0,0,-14.018592932160796,8052.229905098327,-725.2474771459983,254.385722320432,0.0,1.2844520505819632,8052.229905098327,254253.59058626593,10000
583,6287.82,6287.82,6282.87920584156,0.0013946751712512898,0,0,0,0,hold,False,0,0,0.003002073695964166,0,-14.015590858464833,8076.403292690279,-697.403986560561,254.385722320432,0.0,1.2844520505819632,8076.403292690279,254253.59058626593,10000
584,6280.72,6280.72,6282.87920584156,0.0016924513293158177,0,0,0,0,hold,False,0,0,-0.0011291671835388871,0,-14.016720025648372,8067.283683131148,-707.908172700656,254.385722320432,0.0,1.2844520505819632,8067.283683131148,254253.59058626593,10000
585,6283.99,6283.99,6282.87920584156,0.0017940374384599607,0,0,0,0,hold,False,0,0,0.0005206409456240238,0,-14.016199384702748,8071.4838413365505,-703.0703292248654,254.385722320432,0.0,1.2844520505819632,8071.4838413365505,254253.59058626593,10000
586,6320.0,6320.0,6282.87920584156,0.0019513605351906865,0,0,0,0,hold,False,0,0,0.005730435599038215,0,-14.01046894910371,8117.736959678007,-649.7948724777016,254.385722320432,0.0,1.2844520505819632,8117.736959678007,254253.59058626593,10000
587,6307.0,6307.0,6282.87920584156,0.0013834859144095072,0,0,0,0,hold,False,0,0,-0.0020569620253163725,0,-14.012525911129027,8101.039083020442,-669.0278893539344,254.385722320432,0.0,1.2844520505819632,8101.039083020442,254253.59058626593,10000
588,6344.0,6344.0,6282.87920584156,0.0019384853215527616,0,0,0,0,hold,False,0,0,0.005866497542413188,0,-14.006659413586613,8148.563808891975,-614.287764398503,254.385722320432,0.0,1.2844520505819632,8148.563808891975,254253.59058626593,10000
589,6355.51,6355.51,6282.87920584156,0.0017465455035592472,0,0,0,0,hold,False,0,0,0.001814312736443917,0,-14.004845100850169,8163.347851994174,-597.2591471488522,254.385722320432,0.0,1.2844520505819632,8163.347851994174,254253.59058626593,10000
590,6333.14,6333.14,6282.87920584156,0.0016728177373335502,0,0,0,0,hold,False,0,0,-0.0035197804739510305,0,-14.00836488132412,8134.6146596226545,-630.3547308043399,254.385722320432,0.0,1.2844520505819632,8134.6146596226545,254253.59058626593,10000
591,6359.99,6359.99,6282.87920584156,0.001152628741465585,0,0,0,0,hold,False,0,0,0.0042396031036736085,0,-14.004125278220446,8169.1021971807795,-590.6311536407375,254.385722320432,0.0,1.2844520505819632,8169.1021971807795,254253.59058626593,10000
592,6350.96,6350.96,6282.87920584156,0.0013129781754637221,0,0,0,0,hold,False,0,0,-0.0014198135531659167,0,-14.005545091773612,8157.503595164025,-603.990703055535,254.385722320432,0.0,1.2844520505819632,8157.503595164025,254253.59058626593,10000
593,6385.46,6385.46,6282.87920584156,0.0015927053036601671,0,0,0,0,hold,False,0,0,0.005432249612657091,0,-14.000112842160956,8201.817190909103,-552.949235191687,254.385722320432,0.0,1.2844520505819632,8201.817190909103,254253.59058626593,10000
594,6393.01,6393.01,6282.87920584156,0.0011478054024174256,0,0,0,0,hold,False,0,0,0.0011823737052616694,0,-13.998930468455693,8211.514803890997,-541.7792907751045,254.385722320432,0.0,1.2844520505819632,8211.514803890997,254253.59058626593,10000
595,6375.0,6375.0,6282.87920584156,0.001150550634528261,0,0,0,0,hold,False,0,0,-0.00281713934437779,0,-14.001747607800072,8188.381822460015,-568.4244164628708,254.385722320432,0.0,1.2844520505819632,8188.381822460015,254253.59058626593,10000
596,6356.82,6356.82,6282.87920584156,0.001929086222895974,0,0,0,0,hold,False,0,0,-0.002851764705882339,0,-14.004599372505954,8165.030484180435,-595.3210508328648,254.385722320432,0.0,1.2844520505819632,8165.030484180435,254253.59058626593,10000
597,6361.66,6361.66,6282.87920584156,0.0017974883805607733,0,0,0,0,hold,False,0,0,0.0007613869827995445,0,-14.003837985523154,8171.247232105252,-588.160450703559,254.385722320432,0.0,1.2844520505819632,8171.247232105252,254253.59058626593,10000
598,6378.09,6378.09,6282.87920584156,0.0013794082689945586,0,0,0,0,hold,False,0,0,0.0025826592430277817,0,-14.001255326280125,8192.350779296314,-563.852876297673,254.385722320432,0.0,1.2844520505819632,8192.350779296314,254253.59058626593,10000
599,6377.13,6377.13,6282.87920584156,0.0017711956636389699,0,0,0,0,hold,False,0,0,-0.00015051527965266693,0,-14.001405841559778,8191.117705327755,-565.2731606208417,254.385722320432,0.0,1.2844520505819632,8191.117705327755,254253.59058626593,10000
600,6364.95,6364.95,6282.87920584156,0.0018623353084030532,0,0,0,0,hold,False,0,0,-0.0019099500872650104,0,-14.003315791647044,8175.4730793516665,-583.2930179710347,254.385722320432,0.0,1.2844520505819632,8175.4730793516665,254253.59058626593,10000
601,6353.01,6353.01,6282.87920584156,0.0016047263408865322,0,0,0,0,buy,True,0,0,0,0,-14.003315791647044,8160.136721867719,-600.9578042404355,254.385722320432,0.0,1.2844520505819632,8160.136721867719,254253.59058626593,10000
602,6351.43,6351.43,6282.87920584156,0.001671420383546022,0,0,0,0,hold,False,0,0,-0.0002487010094428527,0,-14.003564492656487,8158.1072876277985,-603.2953555223175,254.385722320432,0.0,1.2844520505819632,8158.1072876277985,254253.59058626593,10000
603,6341.0,6341.0,6282.87920584156,0.001971694650094242,0,0,0,0,hold,False,0,0,-0.0016421498780589277,0,-14.005206642534546,8144.710452740229,-618.7261529084026,254.385722320432,0.0,1.2844520505819632,8144.710452740229,254253.59058626593,10000
604,6350.0,6350.0,6282.87920584156,0.0012466305172751336,0,0,0,0,hold,False,0,0,0.0014193344898280626,0,-14.003787308044718,8156.270521195466,-605.410987378702,254.385722320432,0.0,1.2844520505819632,8156.270521195466,254253.59058626593,10000
605,6357.75,6357.75,6282.87920584156,0.0010251975086293156,0,0,0,0,buy,True,0,0,0,0,-14.003787308044718,8166.225024587477,-593.9451503947948,254.385722320432,0.0,1.2844520505819632,8166.225024587477,254253.59058626593,10000
606,6349.48,6349.48,6282.87920584156,0.0019340174653727712,0,0,0,0,hold,False,0,0,-0.0013007746451182325,0,-14.005088082689836,8155.602606129163,-606.180308053752,254.385722320432,0.0,1.2844520505819632,8155.602606129163,254253.59058626593,10000
607,6367.09,6367.09,6282.87920584156,0.0017192589453065353,0,0,0,0,buy,True,0,0,0,0,-14.005088082689836,8178.221806739913,-580.1269675006406,254.385722320432,0.0,1.2844520505819632,8178.221806739913,254253.59058626593,10000
608,6372.32,6372.32,6282.87920584156,0.0016786245283442543,0,0,0,0,buy,True,0,0,0,0,-14.005088082689836,8184.939490964455,-572.3893768650487,254.385722320432,0.0,1.2844520505819632,8184.939490964455,254253.59058626593,10000
609,6370.0,6370.0,6282.87920584156,0.001427729508129672,0,0,0,0,buy,True,0,0,0,0,-14.005088082689836,8181.959562207106,-575.8217306460374,254.385722320432,0.0,1.2844520505819632,8181.959562207106,254253.59058626593,10000
610,6381.0,6381.0,6282.87920584156,0.0019866101745402826,0,0,0,0,hold,False,0,0,0.00172684458398738,0,-14.003361238105848,8196.088534763507,-559.5476394430716,254.385722320432,0.0,1.2844520505819632,8196.088534763507,254253.59058626593,10000
611,6526.03,6526.03,6282.87920584156,0.0018289545121584205,0,0,0,0,buy,True,0,0,0,0,-14.003361238105848,8382.37261565941,-344.98114424614687,254.385722320432,0.0,1.2844520505819632,8382.37261565941,254253.59058626593,10000
612,6553.82,6553.82,6282.87920584156,0.0011182674461890372,0,0,0,0,buy,True,0,0,0,0,-14.003361238105848,8418.067538145082,-303.8668720161095,254.385722320432,0.0,1.2844520505819632,8418.067538145082,254253.59058626593,10000
613,6635.57,6635.57,6282.87920584156,0.0013793412393827962,0,0,0,0,buy,True,0,0,0,0,-14.003361238105848,8523.071493280157,-182.92078512133958,254.385722320432,0.0,1.2844520505819632,8523.071493280157,254253.59058626593,10000
614,6603.89,6603.89,6282.87920584156,0.0019805286348717767,0,0,0,0,buy,True,0,0,0,0,-14.003361238105848,8482.380052317721,-229.79016778588084,254.385722320432,0.0,1.2844520505819632,8482.380052317721,254253.59058626593,10000
615,6588.0,6588.0,6282.87920584156,0.001337583131080235,0,0,0,0,buy,True,0,0,0,0,-14.003361238105848,8461.970109233973,-253.2988322599831,254.385722320432,0.0,1.2844520505819632,8461.970109233973,254253.59058626593,10000
616,6629.96,6629.96,6282.87920584156,0.00123409073219816,0,0,0,0,hold,False,0,0,0.006369156041287234,0,-13.99699208206456,8515.865717276392,-191.22057163485078,254.385722320432,0.0,1.2844520505819632,8515.865717276392,254253.59058626593,10000
617,6632.78,6632.78,6282.87920584156,0.00149686862704919,0,0,0,0,buy,True,0,0,0,0,-13.99699208206456,8519.487872059033,-187.04848643554578,254.385722320432,0.0,1.2844520505819632,8519.487872059033,254253.59058626593,10000
618,6621.57,6621.57,6282.87920584156,0.0012458815286273905,0,0,0,0,buy,True,0,0,0,0,-13.99699208206456,8505.08916457201,-203.63326483420497,254.385722320432,0.0,1.2844520505819632,8505.08916457201,254253.59058626593,10000
619,6671.0,6671.0,6282.87920584156,0.0011159082611903464,0,0,0,0,hold,False,0,0,0.0074649969720173735,0,-13.989527085092544,8568.579629432277,-130.50341681942155,254.385722320432,0.0,1.2844520505819632,8568.579629432277,254253.59058626593,10000
620,6664.87,6664.87,6282.87920584156,0.0013867737686522614,0,0,0,0,hold,False,0,0,-0.0009189027132364811,0,-13.99044598780578,8560.705938362209,-139.5725240079828,254.385722320432,0.0,1.2844520505819632,8560.705938362209,254253.59058626593,10000
621,6676.48,6676.48,6282.87920584156,0.0017049527760822163,0,0,0,0,hold,False,0,0,0.0017419694607696495,0,-13.98870401834501,8575.618426669465,-122.39596047467239,254.385722320432,0.0,1.2844520505819632,8575.618426669465,254253.59058626593,10000
622,6660.74,6660.74,6282.87920584156,0.0010720991937145411,0,0,0,0,hold,False,0,0,-0.0023575297162576397,0,-13.991061548061268,8555.401151393306,-145.68270552327886,254.385722320432,0.0,1.2844520505819632,8555.401151393306,254253.59058626593,10000
623,6665.6,6665.6,6282.87920584156,0.0014171416219872772,0,0,0,0,buy,True,0,0,0,0,-13.991061548061268,8561.643588359135,-138.49251613724118,254.385722320432,0.0,1.2844520505819632,8561.643588359135,254253.59058626593,10000
624,6672.04,6672.04,6282.87920584156,0.0011452092820672577,0,0,0,0,buy,True,0,0,0,0,-13.991061548061268,8569.915459564882,-128.96477546932329,254.385722320432,0.0,1.2844520505819632,8569.915459564882,254253.59058626593,10000
625,6723.35,6723.35,6282.87920584156,0.0012410393913407601,0,0,0,0,buy,True,0,0,0,0,-13.991061548061268,8635.820694280243,-53.053537321668045,254.385722320432,0.0,1.2844520505819632,8635.820694280243,254253.59058626593,10000
626,6733.24,6733.24,6282.87920584156,0.001435121500256098,0,0,0,0,hold,False,0,0,0.0014709928830120794,0,-13.989590555178255,8648.523925060497,-38.421649867366796,254.385722320432,0.0,1.2844520505819632,8648.523925060497,254253.59058626593,10000
627,6715.54,6715.54,6282.87920584156,0.0010402545165973244,0,0,0,0,buy,True,0,0,0,0,-13.989590555178255,8625.789123765197,-64.6081420757746,254.385722320432,0.0,1.2844520505819632,8625.789123765197,254253.59058626593,10000
628,6741.64,6741.64,6282.87920584156,0.0014714540053201548,0,0,0,0,hold,False,0,0,0.003886508009780402,0,-13.985704047168475,8659.313322285387,-25.994162039645744,254.385722320432,0.0,1.2844520505819632,8659.313322285387,254253.59058626593,10000
629,6739.0,6739.0,6282.87920584156,0.0014029480621636818,0,0,0,0,buy,True,0,0,0,0,-13.985704047168475,8655.92236887185,-29.89994392835797,254.385722320432,0.0,1.2844520505819632,8655.92236887185,254253.59058626593,10000
630,6700.0,6700.0,6282.87920584156,0.001427739850481806,0,0,0,0,buy,True,0,0,0,0,-13.985704047168475,8605.828738899154,-87.59899455705636,254.385722320432,0.0,1.2844520505819632,8605.828738899154,254253.59058626593,10000
631,6688.91,6688.91,6282.87920584156,0.0017373334606137097,0,0,0,0,hold,False,0,0,-0.001655223880597041,0,-13.987359271049073,8591.5841656582,-104.00623741532036,254.385722320432,0.0,1.2844520505819632,8591.5841656582,254253.59058626593,10000
632,6669.0,6669.0,6282.87920584156,0.0014869349947513493,0,0,0,0,buy,True,0,0,0,0,-13.987359271049073,8566.010725331113,-133.46234249268855,254.385722320432,0.0,1.2844520505819632,8566.010725331113,254253.59058626593,10000
633,6696.67,6696.67,6282.87920584156,0.0013518252190181362,0,0,0,0,hold,False,0,0,0.004149047833258367,0,-13.983210223215814,8601.551513570716,-92.52560580304453,254.385722320432,0.0,1.2844520505819632,8601.551513570716,254253.59058626593,10000
634,6716.04,6716.04,6282.87920584156,0.0014122738616364873,0,0,0,0,hold,False,0,0,0.0028924823830350993,0,-13.980317740832778,8626.431349790488,-63.8684106574583,254.385722320432,0.0,1.2844520505819632,8626.431349790488,254253.59058626593,10000
635,6698.21,6698.21,6282.87920584156,0.0013199838741744501,0,0,0,0,buy,True,0,0,0,0,-13.980317740832778,8603.529569728611,-90.24723303462997,254.385722320432,0.0,1.2844520505819632,8603.529569728611,254253.59058626593,10000
636,6717.1,6717.1,6282.87920584156,0.0014044296783090398,0,0,0,0,buy,True,0,0,0,0,-13.980317740832778,8627.792868964105,-62.300180050626295,254.385722320432,0.0,1.2844520505819632,8627.792868964105,254253.59058626593,10000
637,6675.76,6675.76,6282.87920584156,0.0010100028579226438,0,0,0,0,buy,True,0,0,0,0,-13.980317740832778,8574.693621193048,-123.46117371704713,254.385722320432,0.0,1.2844520505819632,8574.693621193048,254253.59058626593,10000
638,6694.37,6694.37,6282.87920584156,0.0014084923464127035,0,0,0,0,buy,True,0,0,0,0,-13.980317740832778,8598.597273854377,-95.92837032730131,254.385722320432,0.0,1.2844520505819632,8598.597273854377,254253.59058626593,10000
639,6690.0,6690.0,6282.87920584156,0.0016482712914917801,0,0,0,0,buy,True,0,0,0,0,-13.980317740832778,8592.984218393334,-102.39362292338956,254.385722320432,0.0,1.2844520505819632,8592.984218393334,254253.59058626593,10000
640,6717.82,6717.82,6282.87920584156,0.0017956205518503206,0,0,0,0,buy,True,0,0,0,0,-13.980317740832778,8628.717674440524,-61.234966808251556,254.385722320432,0.0,1.2844520505819632,8628.717674440524,254253.59058626593,10000
641,6778.31,6778.31,6282.87920584156,0.001488059458842454,0,0,0,0,hold,False,0,0,0.009004409168450462,0,-13.971313331664327,8706.414178980227,28.257740179695247,254.385722320432,0.0,1.2844520505819632,8706.414178980227,254253.59058626593,10000
642,6756.31,6756.31,6282.87920584156,0.0013304796514570674,0,0,0,0,hold,False,0,0,-0.0032456467762612246,0,-13.974558978440587,8678.156233867425,-4.290442226236337,254.385722320432,0.0,1.2844520505819632,8678.156233867425,254253.59058626593,10000
643,7180.95,7180.95,6282.87920584156,0.0019235231625126647,0,0,0,0,hold,False,0,0,0.06285087569990114,0,-13.911708102740686,9223.585952626549,623.9486567217173,254.385722320432,0.0,1.2844520505819632,9223.585952626549,254253.59058626593,10000
644,7345.0,7345.0,6282.87920584156,0.0015401538150372949,0,0,0,0,buy,True,0,0,0,0,-13.911708102740686,9434.30031152452,866.6545350714059,254.385722320432,0.0,1.2844520505819632,9434.30031152452,254253.59058626593,10000
645,7289.64,7279.454509597853,0,0.0013972556123687742,1.2844520505819632,9340.76016169911,9.350110271971081,1270.703082197142,sell,False,0,0,-1.0,0,-14.911708102740686,9340.76016169911,784.7514724353878,263.7358325924031,9340.76016169911,0.0,0.0,263603.700858237,10000
646,7317.0,7329.96497042293,7337.302272695627,0.0017718970101037622,1.2730510226434273,9340.76016169911,9.34076016169911,0,buy,False,0,0,0,0,-14.911708102740686,9314.914332681958,825.2295756456751,273.0765927541022,0.0,1.2730510226434273,9314.914332681958,272935.1202597744,10000
647,7360.0,7360.0,7337.302272695627,0.0010904678646400838,0,0,0,0,buy,True,0,0,0,0,-14.911708102740686,9369.655526655624,888.8464776209057,273.0765927541022,0.0,1.2730510226434273,9369.655526655624,272935.1202597744,10000
648,7317.09,7317.09,7337.302272695627,0.0010045978813832536,0,0,0,0,buy,True,0,0,0,0,-14.911708102740686,9315.028907273996,825.3627273009715,273.0765927541022,0.0,1.2730510226434273,9315.028907273996,272935.1202597744,10000
649,7317.44,7317.44,7337.302272695627,0.0018600103560460983,0,0,0,0,buy,True,0,0,0,0,-14.911708102740686,9315.47447513192,825.880539293792,273.0765927541022,0.0,1.2730510226434273,9315.47447513192,272935.1202597744,10000
650,7343.0,7343.0,7337.302272695627,0.0019795161422180123,0,0,0,0,buy,True,0,0,0,0,-14.911708102740686,9348.013659270686,863.6956093981389,273.0765927541022,0.0,1.2730510226434273,9348.013659270686,272935.1202597744,10000
651,7340.7,7340.7,7337.302272695627,0.0019593890836830793,0,0,0,0,buy,True,0,0,0,0,-14.911708102740686,9345.085641918606,860.2928448738821,273.0765927541022,0.0,1.2730510226434273,9345.085641918606,272935.1202597744,10000
652,7401.09,7401.09,7337.302272695627,0.00123388647376243,0,0,0,0,hold,False,0,0,0.008226735869876316,0,-14.90348136687081,9421.965193176044,949.6376055781675,273.0765927541022,0.0,1.2730510226434273,9421.965193176044,272935.1202597744,10000
653,7457.03,7457.03,7337.302272695627,0.0017708883389891388,0,0,0,0,buy,True,0,0,0,0,-14.90348136687081,9493.179667382716,1032.3987566594315,273.0765927541022,0.0,1.2730510226434273,9493.179667382716,272935.1202597744,10000
654,7428.57,7428.57,7337.302272695627,0.0017015627328486479,0,0,0,0,buy,True,0,0,0,0,-14.90348136687081,9456.948635278284,990.2932443288482,273.0765927541022,0.0,1.2730510226434273,9456.948635278284,272935.1202597744,10000
655,7455.0,7455.0,7337.302272695627,0.001381525708517061,0,0,0,0,buy,True,0,0,0,0,-14.90348136687081,9490.595373806751,1029.3954471010657,273.0765927541022,0.0,1.2730510226434273,9490.595373806751,272935.1202597744,10000
656,7467.98,7467.98,7337.302272695627,0.00127139459400665,0,0,0,0,buy,True,0,0,0,0,-14.90348136687081,9507.119576080662,1048.5988747205647,273.0765927541022,0.0,1.2730510226434273,9507.119576080662,272935.1202597744,10000
657,7434.0,7434.0,7337.302272695627,0.0013223709271872452,0,0,0,0,buy,True,0,0,0,0,-14.90348136687081,9463.86130233124,998.3267275317667,273.0765927541022,0.0,1.2730510226434273,9463.86130233124,272935.1202597744,10000
658,7368.54,7368.54,7337.302272695627,0.0012392600625110806,0,0,0,0,buy,True,0,0,0,0,-14.90348136687081,9380.527382389,901.4810902457539,273.0765927541022,0.0,1.2730510226434273,9380.527382389,272935.1202597744,10000
659,7401.81,7401.81,7337.302272695627,0.0018139784256433122,0,0,0,0,buy,True,0,0,0,0,-14.90348136687081,9422.881789912348,950.7028188205422,273.0765927541022,0.0,1.2730510226434273,9422.881789912348,272935.1202597744,10000
660,7401.05,7401.05,7337.302272695627,0.0018700526575473062,0,0,0,0,buy,True,0,0,0,0,-14.90348136687081,9421.914271135138,949.5784270647018,273.0765927541022,0.0,1.2730510226434273,9421.914271135138,272935.1202597744,10000
661,7419.0,7404.7419327238995,0,0.0019218314161074134,1.2730510226434273,9417.187675574964,9.426614289864828,76.42751387585304,sell,False,0,0,-1.0,0,-15.90348136687081,9417.187675574964,976.1347849822687,282.503207043967,9417.187675574964,0.0,0.0,282361.7345496392,10000
662,7435.89,7435.89,0,0.0010743887244730075,0,0,0,0,sell,True,0,0,0,0,-15.90348136687081,9417.187675574964,1001.1229122930054,282.503207043967,9417.187675574964,0.0,0.0,282361.7345496392,10000
663,7457.01,7457.01,0,0.001725437057146218,0,0,0,0,sell,True,0,0,0,0,-15.90348136687081,9417.187675574964,1032.3691674026995,282.503207043967,9417.187675574964,0.0,0.0,282361.7345496392,10000
664,7453.0,7453.0,0,0.0014171624067596976,0,0,0,0,sell,True,0,0,0,0,-15.90348136687081,9417.187675574964,1026.4365214278005,282.503207043967,9417.187675574964,0.0,0.0,282361.7345496392,10000
665,7428.73,7428.73,0,0.001513568826131784,0,0,0,0,sell,True,0,0,0,0,-15.90348136687081,9417.187675574964,990.5299583827091,282.503207043967,9417.187675574964,0.0,0.0,282361.7345496392,10000
666,7435.0,7435.0,0,0.0015023508204632615,0,0,0,0,sell,True,0,0,0,0,-15.90348136687081,9417.187675574964,999.8061903684011,282.503207043967,9417.187675574964,0.0,0.0,282361.7345496392,10000
667,7505.0,7505.0,0,0.001328522372111961,0,0,0,0,sell,True,0,0,0,0,-15.90348136687081,9417.187675574964,1103.3685889327298,282.503207043967,9417.187675574964,0.0,0.0,282361.7345496392,10000
668,7429.94,7429.94,0,0.0012455811654483503,0,0,0,0,sell,True,0,0,0,0,-15.90348136687081,9417.187675574964,992.3201084150351,282.503207043967,9417.187675574964,0.0,0.0,282361.7345496392,10000
669,7396.99,7396.99,0,0.0015906761096474743,0,0,0,0,sell,True,0,0,0,0,-15.90348136687081,9417.187675574964,943.5718079479702,282.503207043967,9417.187675574964,0.0,0.0,282361.7345496392,10000
670,7334.42,7343.986938896681,7351.338277173855,0.0013043892900435202,1.2810167782396353,9417.187675574964,9.417187675574963,0,buy,False,0,0,0,0,-15.90348136687081,9395.515078656346,851.0018182598269,291.92039471954195,0.0,1.2810167782396353,9395.515078656346,291769.5050375386,10000
671,7321.95,7321.95,7351.338277173855,0.0017349149757887427,0,0,0,0,buy,True,0,0,0,0,-15.90348136687081,9379.540799431697,832.5529166870092,291.92039471954195,0.0,1.2810167782396353,9379.540799431697,291769.5050375386,10000
672,7362.19,7362.19,7351.338277173855,0.0019960515609319576,0,0,0,0,hold,False,0,0,0.005495803713491693,0,-15.897985563157318,9431.088914588061,892.0865012331305,291.92039471954195,0.0,1.2810167782396353,9431.088914588061,291769.5050375386,10000
673,7381.9,7381.9,7351.338277173855,0.0013794261177091577,0,0,0,0,hold,False,0,0,0.0026771925201604517,0,-15.895308370637158,9456.337755287164,921.246713743174,291.92039471954195,0.0,1.2810167782396353,9456.337755287164,291769.5050375386,10000
674,7341.25,7341.25,7351.338277173855,0.001544024088123998,0,0,0,0,hold,False,0,0,-0.005506712364025517,0,-15.900815083001184,9404.264423251723,861.106549434031,291.92039471954195,0.0,1.2810167782396353,9404.264423251723,291769.5050375386,10000
675,7293.96,7293.96,7351.338277173855,0.0014983780879306231,0,0,0,0,hold,False,0,0,-0.006441682274816936,0,-15.907256765276001,9343.685139808771,791.1427518896435,291.92039471954195,0.0,1.2810167782396353,9343.685139808771,291769.5050375386,10000
676,7323.99,7323.99,7351.338277173855,0.001229729559114386,0,0,0,0,hold,False,0,0,0.004117105111626569,0,-15.903139660164374,9382.154073659307,835.57102087374,291.92039471954195,0.0,1.2810167782396353,9382.154073659307,291769.5050375386,10000
677,7316.0,7316.0,7351.338277173855,0.0012997796243681631,0,0,0,0,hold,False,0,0,-0.001090935405427865,0,-15.904230595569802,9371.918749601173,823.7501128090407,291.92039471954195,0.0,1.2810167782396353,9371.918749601173,291769.5050375386,10000
678,7315.02,7315.02,7351.338277173855,0.0013462195923687164,0,0,0,0,hold,False,0,0,-0.00013395297977040357,0,-15.904364548549571,9370.663353158498,822.3002392291419,291.92039471954195,0.0,1.2810167782396353,9370.663353158498,291769.5050375386,10000
679,7330.74,7330.74,7351.338277173855,0.001025315485275143,0,0,0,0,hold,False,0,0,0.002149003010244686,0,-15.902215545539326,9390.800936912425,845.5573950210146,291.92039471954195,0.0,1.2810167782396353,9390.800936912425,291769.5050375386,10000
680,7343.66,7343.66,7351.338277173855,0.0019794976297319777,0,0,0,0,hold,False,0,0,0.0017624414452019732,0,-15.900453104094124,9407.35167368728,864.6720548703179,291.92039471954195,0.0,1.2810167782396353,9407.35167368728,291769.5050375386,10000
681,7316.66,7316.66,7351.338277173855,0.001996566330430748,0,0,0,0,hold,False,0,0,-0.003676640803087388,0,-15.904129744897212,9372.76422067481,824.7265582812197,291.92039471954195,0.0,1.2810167782396353,9372.76422067481,291769.5050375386,10000
682,7326.61,7326.61,7351.338277173855,0.0015566303995238392,0,0,0,0,hold,False,0,0,0.0013599101229249651,0,-15.902769834774286,9385.510337618294,839.4472135057204,291.92039471954195,0.0,1.2810167782396353,9385.510337618294,291769.5050375386,10000
683,7411.49,7411.49,7351.338277173855,0.0010674572563328496,0,0,0,0,hold,False,0,0,0.01158516694624123,0,-15.891184667828044,9494.243041755275,965.0240190791519,291.92039471954195,0.0,1.2810167782396353,9494.243041755275,291769.5050375386,10000
684,7374.72,7374.72,7351.338277173855,0.0010201745256622225,0,0,0,0,hold,False,0,0,-0.004961215626007763,0,-15.896145883454052,9447.140054819403,910.6241705761477,291.92039471954195,0.0,1.2810167782396353,9447.140054819403,291769.5050375386,10000
685,7414.49,7414.49,7351.338277173855,0.0011293905224877335,0,0,0,0,hold,False,0,0,0.005392747114466767,0,-15.890753136339585,9498.086092089994,969.4624075890515,291.92039471954195,0.0,1.2810167782396353,9498.086092089994,291769.5050375386,10000
686,7428.83,7428.83,7351.338277173855,0.0019892289297856235,0,0,0,0,hold,False,0,0,0.0019340507573683407,0,-15.888819085582217,9516.45587268995,990.6779046663742,291.92039471954195,0.0,1.2810167782396353,9516.45587268995,291769.5050375386,10000
687,7489.98,7489.98,7351.338277173855,0.0018095092653075922,0,0,0,0,buy,True,0,0,0,0,-15.888819085582217,9594.790048679304,1081.147057126498,291.92039471954195,0.0,1.2810167782396353,9594.790048679304,291769.5050375386,10000
688,7462.65,7462.65,7351.338277173855,0.0018215466723978681,0,0,0,0,hold,False,0,0,-0.003648874896862238,0,-15.89246796047908,9559.779860130015,1040.7133378013095,291.92039471954195,0.0,1.2810167782396353,9559.779860130015,291769.5050375386,10000
689,7392.35,7392.35,7351.338277173855,0.0013965754621468808,0,0,0,0,buy,True,0,0,0,0,-15.89246796047908,9469.72438061977,936.7071003859928,291.92039471954195,0.0,1.2810167782396353,9469.72438061977,291769.5050375386,10000
690,7370.0,7370.0,7351.338277173855,0.001328175087548655,0,0,0,0,hold,False,0,0,-0.003023395807828406,0,-15.895491356286907,9441.093655626113,903.6411059872371,291.92039471954195,0.0,1.2810167782396353,9441.093655626113,291769.5050375386,10000
691,7421.88,7421.88,7351.338277173855,0.001925560537791393,0,0,0,0,hold,False,0,0,0.007039348710990443,0,-15.888452007575918,9507.552806081185,980.3956379517731,291.92039471954195,0.0,1.2810167782396353,9507.552806081185,291769.5050375386,10000
692,7427.0,7427.0,7351.338277173855,0.001603872002664403,0,0,0,0,hold,False,0,0,0.0006898521668365097,0,-15.887762155409082,9514.111611985772,987.9704876753349,291.92039471954195,0.0,1.2810167782396353,9514.111611985772,291769.5050375386,10000
693,7448.78,7448.78,7351.338277173855,0.0015025669097988208,0,0,0,0,buy,True,0,0,0,0,-15.887762155409082,9542.012157415831,1020.1931882572062,291.92039471954195,0.0,1.2810167782396353,9542.012157415831,291769.5050375386,10000
694,7421.84,7421.84,7351.338277173855,0.0019688388025151386,0,0,0,0,buy,True,0,0,0,0,-15.887762155409082,9507.501565410055,980.3364594383074,291.92039471954195,0.0,1.2810167782396353,9507.501565410055,291769.5050375386,10000
695,7432.89,7432.89,7351.338277173855,0.0017582067727469385,0,0,0,0,buy,True,0,0,0,0,-15.887762155409082,9521.656800809604,996.6845237831058,291.92039471954195,0.0,1.2810167782396353,9521.656800809604,291769.5050375386,10000
696,7485.95,7485.95,7351.338277173855,0.001806320296974475,0,0,0,0,buy,True,0,0,0,0,-15.887762155409082,9589.627551062998,1075.1848218948653,291.92039471954195,0.0,1.2810167782396353,9589.627551062998,291769.5050375386,10000
697,7466.21,7466.21,7351.338277173855,0.0015396790095109376,0,0,0,0,buy,True,0,0,0,0,-15.887762155409082,9564.340279860548,1045.9802254997248,291.92039471954195,0.0,1.2810167782396353,9564.340279860548,291769.5050375386,10000
698,7406.69,7406.69,7351.338277173855,0.0017990921369529253,0,0,0,0,hold,False,0,0,-0.007971916139513945,0,-15.895734071548596,9488.094161219724,957.9225974633118,291.92039471954195,0.0,1.2810167782396353,9488.094161219724,291769.5050375386,10000
699,7457.69,7457.69,7351.338277173855,0.0010007208280147315,0,0,0,0,buy,True,0,0,0,0,-15.895734071548596,9553.426016909945,1033.3752021316086,291.92039471954195,0.0,1.2810167782396353,9553.426016909945,291769.5050375386,10000
700,7458.27,7458.27,7351.338277173855,0.0017247533320323182,0,0,0,0,buy,True,0,0,0,0,-15.895734071548596,9554.169006641325,1034.233290576858,291.92039471954195,0.0,1.2810167782396353,9554.169006641325,291769.5050375386,10000
701,7461.35,7461.35,7351.338277173855,0.0010327976351622518,0,0,0,0,hold,False,0,0,0.0004129644005915642,0,-15.895321107148003,9558.114538318303,1038.790036113689,291.92039471954195,0.0,1.2810167782396353,9558.114538318303,291769.5050375386,10000
702,7452.48,7452.48,7351.338277173855,0.0011293103027934053,0,0,0,0,hold,False,0,0,-0.0011887929128107722,0,-15.896509900060813,9546.751919495317,1025.6672007527504,291.92039471954195,0.0,1.2810167782396353,9546.751919495317,291769.5050375386,10000
703,7417.31,7417.31,7351.338277173855,0.0018298414505037107,0,0,0,0,hold,False,0,0,-0.004719234402507374,0,-15.901229134463321,9501.698559404631,973.6344927883583,291.92039471954195,0.0,1.2810167782396353,9501.698559404631,291769.5050375386,10000
704,7372.57,7372.57,7351.338277173855,0.0016631514596163262,0,0,0,0,hold,False,0,0,-0.006031836339589694,0,-15.907260970802911,9444.385868746187,907.4433254773849,291.92039471954195,0.0,1.2810167782396353,9444.385868746187,291769.5050375386,10000
705,7449.99,7449.99,7351.338277173855,0.001803943373547166,0,0,0,0,hold,False,0,0,0.010501087137863763,0,-15.896759883665046,9543.5621877175,1021.983338289534,291.92039471954195,0.0,1.2810167782396353,9543.5621877175,291769.5050375386,10000
706,7465.71,7465.71,7351.338277173855,0.0011108493162940319,0,0,0,0,buy,True,0,0,0,0,-15.896759883665046,9563.699771471427,1045.2404940814085,291.92039471954195,0.0,1.2810167782396353,9563.699771471427,291769.5050375386,10000
707,7440.0,7440.0,7351.338277173855,0.0013551188189113571,0,0,0,0,buy,True,0,0,0,0,-15.896759883665046,9530.764830102888,1007.2035045515677,291.92039471954195,0.0,1.2810167782396353,9530.764830102888,291769.5050375386,10000
708,7467.99,7467.99,7351.338277173855,0.0010812726237007888,0,0,0,0,hold,False,0,0,0.0037620967741934437,0,-15.892997786890852,9566.620489725814,1048.6136693489316,291.92039471954195,0.0,1.2810167782396353,9566.620489725814,291769.5050375386,10000
709,7504.65,7504.65,7351.338277173855,0.0012956443581601167,0,0,0,0,buy,True,0,0,0,0,-15.892997786890852,9613.582564816079,1102.8507769399075,291.92039471954195,0.0,1.2810167782396353,9613.582564816079,291769.5050375386,10000
710,7462.33,7462.33,7351.338277173855,0.0019060093463582938,0,0,0,0,buy,True,0,0,0,0,-15.892997786890852,9559.369934760978,1040.2399096935878,291.92039471954195,0.0,1.2810167782396353,9559.369934760978,291769.5050375386,10000
711,7482.07,7471.677210597526,0,0.0013890259517050205,1.2810167782396353,9561.772524497781,9.571343868366148,144.5848489228174,sell,False,0,0,-1.0,0,-16.892997786890852,9561.772524497781,1069.4445060887283,301.4917385879081,9561.772524497781,0.0,0.0,301340.84890590474,10000
712,7479.27,7479.27,0,0.0018997132995545948,0,0,0,0,sell,True,0,0,0,0,-16.892997786890852,9561.772524497781,1065.302010146157,301.4917385879081,9561.772524497781,0.0,0.0,301340.84890590474,10000
713,7467.93,7467.93,0,0.0014294182527008399,0,0,0,0,sell,True,0,0,0,0,-16.892997786890852,9561.772524497781,1048.5249015787358,301.4917385879081,9561.772524497781,0.0,0.0,301340.84890590474,10000
714,7473.51,7473.51,0,0.00156707081137724,0,0,0,0,sell,True,0,0,0,0,-16.892997786890852,9561.772524497781,1056.7803042071482,301.4917385879081,9561.772524497781,0.0,0.0,301340.84890590474,10000
715,7328.66,7328.66,0,0.0014716726739795799,0,0,0,0,sell,True,0,0,0,0,-16.892997786890852,9561.772524497781,842.4801123208181,301.4917385879081,9561.772524497781,0.0,0.0,301340.84890590474,10000
716,7361.0,7361.0,0,0.0010337206857583396,0,0,0,0,sell,True,0,0,0,0,-16.892997786890852,9561.772524497781,890.3259404575383,301.4917385879081,9561.772524497781,0.0,0.0,301340.84890590474,10000
717,7350.05,7350.05,0,0.0018108510553072605,0,0,0,0,hold,False,0,0,0,0,-16.892997786890852,9561.772524497781,874.125822396405,301.4917385879081,9561.772524497781,0.0,0.0,301340.84890590474,10000
718,7348.14,7348.14,0,0.0015117545749013788,0,0,0,0,sell,True,0,0,0,0,-16.892997786890852,9561.772524497781,871.3000483784344,301.4917385879081,9561.772524497781,0.0,0.0,301340.84890590474,10000
719,7298.0,7310.400832253271,7317.718550804074,0.001699209681182615,1.306660328367935,9561.772524497781,9.561772524497782,0,buy,False,0,0,0,0,-16.892997786890852,9536.00707642919,797.1197817496413,311.0535111124059,0.0,1.306660328367935,9536.00707642919,310893.059657878,10000
720,7351.63,7351.63,7317.718550804074,0.0011212830910105407,0,0,0,0,buy,True,0,0,0,0,-16.892997786890852,9606.083269839562,876.4633736782853,311.0535111124059,0.0,1.306660328367935,9606.083269839562,310893.059657878,10000
721,7337.53,7337.53,7317.718550804074,0.0011025338192296869,0,0,0,0,hold,False,0,0,-0.0019179420074188075,0,-16.894915728898273,9587.659359209574,855.6029476817548,311.0535111124059,0.0,1.306660328367935,9587.659359209574,310893.059657878,10000
722,7235.04,7235.04,7317.718550804074,0.0012610432311579696,0,0,0,0,buy,True,0,0,0,0,-16.894915728898273,9453.739742155145,703.9728015552118,311.0535111124059,0.0,1.306660328367935,9453.739742155145,310893.059657878,10000
723,7269.23,7269.23,7317.718550804074,0.0018526007231504343,0,0,0,0,hold,False,0,0,0.004725613127225087,0,-16.89019011577105,9498.414458782043,754.5556359397015,311.0535111124059,0.0,1.306660328367935,9498.414458782043,310893.059657878,10000
724,7280.73,7280.73,7317.718550804074,0.0018197385152240557,0,0,0,0,hold,False,0,0,0.0015820107494192482,0,-16.88860810502163,9513.441052558275,771.5694585609854,311.0535111124059,0.0,1.306660328367935,9513.441052558275,310893.059657878,10000
725,7280.02,7280.02,7317.718550804074,0.001652821180995887,0,0,0,0,hold,False,0,0,-9.751769396751513e-05,0,-16.888705622715595,9512.513323725134,770.5190399469757,311.0535111124059,0.0,1.306660328367935,9512.513323725134,310893.059657878,10000
726,7305.0,7305.0,7317.718550804074,0.00115763604988461,0,0,0,0,hold,False,0,0,0.0034313092546449154,0,-16.88527431346095,9545.153698727765,807.4760216060749,311.0535111124059,0.0,1.306660328367935,9545.153698727765,310893.059657878,10000
727,7328.99,7328.99,7317.718550804074,0.0010003052486020733,0,0,0,0,hold,False,0,0,0.003284052019164986,0,-16.881990261441786,9576.500480005312,842.9683350569067,311.0535111124059,0.0,1.306660328367935,9576.500480005312,310893.059657878,10000
728,7340.0,7340.0,7317.718550804074,0.0015242722502338078,0,0,0,0,hold,False,0,0,0.001502253380070143,0,-16.880488008061715,9590.886810220643,859.2572208882393,311.0535111124059,0.0,1.306660328367935,9590.886810220643,310893.059657878,10000
729,7321.27,7321.27,7317.718550804074,0.0016070057927107238,0,0,0,0,hold,False,0,0,-0.00255177111716617,0,-16.88303977917888,9566.413062270312,831.5468819580983,311.0535111124059,0.0,1.306660328367935,9566.413062270312,310893.059657878,10000
730,7316.94,7316.94,7317.718550804074,0.00128152004962732,0,0,0,0,hold,False,0,0,-0.0005914274435993923,0,-16.88363120662248,9560.755223048478,825.1408078754757,311.0535111124059,0.0,1.306660328367935,9560.755223048478,310893.059657878,10000
731,7326.34,7326.34,7317.718550804074,0.0015712132382778646,0,0,0,0,hold,False,0,0,0.0012846900480256343,0,-16.882346516574454,9573.037830135137,839.0477585398294,311.0535111124059,0.0,1.306660328367935,9573.037830135137,310893.059657878,10000
732,7301.24,7301.24,7317.718550804074,0.0010209869457066271,0,0,0,0,hold,False,0,0,-0.0034259944255932108,0,-16.88577251100005,9540.240655893102,801.9132413403331,311.0535111124059,0.0,1.306660328367935,9540.240655893102,310893.059657878,10000
733,7314.19,7314.19,7317.718550804074,0.0012672575141009943,0,0,0,0,buy,True,0,0,0,0,-16.88577251100005,9557.161907145466,821.0722850747334,311.0535111124059,0.0,1.306660328367935,9557.161907145466,310893.059657878,10000
734,7337.05,7337.05,7317.718550804074,0.001932471299192536,0,0,0,0,buy,True,0,0,0,0,-16.88577251100005,9587.032162251957,854.8928055201723,311.0535111124059,0.0,1.306660328367935,9587.032162251957,310893.059657878,10000
735,7351.12,7351.12,7317.718550804074,0.0014627093752636988,0,0,0,0,buy,True,0,0,0,0,-16.88577251100005,9605.416873072094,875.7088476316021,311.0535111124059,0.0,1.306660328367935,9605.416873072094,310893.059657878,10000
736,7353.09,7353.09,7317.718550804074,0.0015246386866996798,0,0,0,0,buy,True,0,0,0,0,-16.88577251100005,9607.99099391898,878.6233894197703,311.0535111124059,0.0,1.306660328367935,9607.99099391898,310893.059657878,10000
737,7391.63,7391.63,7317.718550804074,0.0013009475966826753,0,0,0,0,buy,True,0,0,0,0,-16.88577251100005,9658.34968297428,935.6418871436163,311.0535111124059,0.0,1.306660328367935,9658.34968297428,310893.059657878,10000
738,7398.0,7398.0,7317.718550804074,0.0013405093526131456,0,0,0,0,buy,True,0,0,0,0,-16.88577251100005,9666.673109265983,945.0660654129697,311.0535111124059,0.0,1.306660328367935,9666.673109265983,310893.059657878,10000
739,7414.49,7400.8293766183215,0,0.0018424225242300563,1.306660328367935,9660.699773303708,9.670370143447155,98.92724880592687,sell,False,0,0,-1.0,0,-17.88577251100005,9660.699773303708,969.4624075890515,320.72388125585303,9660.699773303708,0.0,0.0,320563.42980132514,10000
740,7433.77,7433.77,0,0.0015507856394660403,0,0,0,0,sell,True,0,0,0,0,-17.88577251100005,9660.699773303708,997.9864510793432,320.72388125585303,9660.699773303708,0.0,0.0,320563.42980132514,10000
741,7422.92,7422.92,0,0.001695801364622456,0,0,0,0,sell,True,0,0,0,0,-17.88577251100005,9660.699773303708,981.9342793018714,320.72388125585303,9660.699773303708,0.0,0.0,320563.42980132514,10000
742,7417.91,7417.91,0,0.0011665834327087212,0,0,0,0,hold,False,0,0,0,0,-17.88577251100005,9660.699773303708,974.5221704903379,320.72388125585303,9660.699773303708,0.0,0.0,320563.42980132514,10000
743,7404.99,7404.99,0,0.0011434945659997311,0,0,0,0,sell,True,0,0,0,0,-17.88577251100005,9660.699773303708,955.4075106410364,320.72388125585303,9660.699773303708,0.0,0.0,320563.42980132514,10000
744,7425.02,7425.02,0,0.0011516067412115799,0,0,0,0,sell,True,0,0,0,0,-17.88577251100005,9660.699773303708,985.0411512588016,320.72388125585303,9660.699773303708,0.0,0.0,320563.42980132514,10000
745,7398.78,7398.78,0,0.0018065492606361608,0,0,0,0,sell,True,0,0,0,0,-17.88577251100005,9660.699773303708,946.2200464255438,320.72388125585303,9660.699773303708,0.0,0.0,320563.42980132514,10000
746,7443.99,7443.99,0,0.0010472689072315545,0,0,0,0,sell,True,0,0,0,0,-17.88577251100005,9660.699773303708,1013.106561269733,320.72388125585303,9660.699773303708,0.0,0.0,320563.42980132514,10000
747,7484.0,7484.0,0,0.0010665857836360732,0,0,0,0,sell,True,0,0,0,0,-17.88577251100005,9660.699773303708,1072.2998693634308,320.72388125585303,9660.699773303708,0.0,0.0,320563.42980132514,10000
748,7425.78,7425.78,0,0.00118217936729801,0,0,0,0,hold,False,0,0,0,0,-17.88577251100005,9660.699773303708,986.165543014642,320.72388125585303,9660.699773303708,0.0,0.0,320563.42980132514,10000
749,7422.93,7422.93,0,0.001363460143022386,0,0,0,0,sell,True,0,0,0,0,-17.88577251100005,9660.699773303708,981.9490739302382,320.72388125585303,9660.699773303708,0.0,0.0,320563.42980132514,10000
750,7397.21,7397.21,0,0.0018160867218013424,0,0,0,0,sell,True,0,0,0,0,-17.88577251100005,9660.699773303708,943.8972897720287,320.72388125585303,9660.699773303708,0.0,0.0,320563.42980132514,10000
751,7412.43,7412.43,0,0.0015113388878198212,0,0,0,0,sell,True,0,0,0,0,-17.88577251100005,9660.699773303708,966.4147141455887,320.72388125585303,9660.699773303708,0.0,0.0,320563.42980132514,10000
752,7399.99,7399.99,0,0.0013491851268723997,0,0,0,0,sell,True,0,0,0,0,-17.88577251100005,9660.699773303708,948.0101964578698,320.72388125585303,9660.699773303708,0.0,0.0,320563.42980132514,10000
753,7395.03,7395.03,0,0.0011894893488318796,0,0,0,0,sell,True,0,0,0,0,-17.88577251100005,9660.699773303708,940.6720607881689,320.72388125585303,9660.699773303708,0.0,0.0,320563.42980132514,10000
754,7443.58,7443.58,0,0.0012828275595832307,0,0,0,0,sell,True,0,0,0,0,-17.88577251100005,9660.699773303708,1012.4999815067149,320.72388125585303,9660.699773303708,0.0,0.0,320563.42980132514,10000
755,7436.5,7436.5,0,0.0012299676173785118,0,0,0,0,sell,True,0,0,0,0,-17.88577251100005,9660.699773303708,1002.02538462335,320.72388125585303,9660.699773303708,0.0,0.0,320563.42980132514,10000
756,7454.64,7454.64,0,0.0012183242624093998,0,0,0,0,sell,True,0,0,0,0,-17.88577251100005,9660.699773303708,1028.8628404798783,320.72388125585303,9660.699773303708,0.0,0.0,320563.42980132514,10000
757,7445.02,7445.02,0,0.0016373564677037889,0,0,0,0,sell,True,0,0,0,0,-17.88577251100005,9660.699773303708,1014.6304079914662,320.72388125585303,9660.699773303708,0.0,0.0,320563.42980132514,10000
758,7439.99,7439.99,0,0.0014538569731064824,0,0,0,0,sell,True,0,0,0,0,-17.88577251100005,9660.699773303708,1007.1887099232008,320.72388125585303,9660.699773303708,0.0,0.0,320563.42980132514,10000
759,7464.71,7464.71,0,0.0019449216802677773,0,0,0,0,sell,True,0,0,0,0,-17.88577251100005,9660.699773303708,1043.761031244776,320.72388125585303,9660.699773303708,0.0,0.0,320563.42980132514,10000
760,7500.01,7500.01,0,0.001647011309598708,0,0,0,0,sell,True,0,0,0,0,-17.88577251100005,9660.699773303708,1095.98606937793,320.72388125585303,9660.699773303708,0.0,0.0,320563.42980132514,10000
761,7527.38,7527.38,0,0.0019582605898944678,0,0,0,0,hold,False,0,0,0,0,-17.88577251100005,9660.699773303708,1136.4789672165825,320.72388125585303,9660.699773303708,0.0,0.0,320563.42980132514,10000
762,7519.51,7519.51,0,0.0014435953739357563,0,0,0,0,sell,True,0,0,0,0,-17.88577251100005,9660.699773303708,1124.8355946922784,320.72388125585303,9660.699773303708,0.0,0.0,320563.42980132514,10000
763,7502.0,7502.0,0,0.0016557577027915783,0,0,0,0,sell,True,0,0,0,0,-17.88577251100005,9660.699773303708,1098.9302004228302,320.72388125585303,9660.699773303708,0.0,0.0,320563.42980132514,10000
764,7520.29,7520.29,0,0.0013341444686806973,0,0,0,0,hold,False,0,0,0,0,-17.88577251100005,9660.699773303708,1125.9895757048525,320.72388125585303,9660.699773303708,0.0,0.0,320563.42980132514,10000
765,7528.05,7528.05,0,0.0017876375027037082,0,0,0,0,sell,True,0,0,0,0,-17.88577251100005,9660.699773303708,1137.4702073171266,320.72388125585303,9660.699773303708,0.0,0.0,320563.42980132514,10000
766,7536.02,7536.02,0,0.001913628109725024,0,0,0,0,sell,True,0,0,0,0,-17.88577251100005,9660.699773303708,1149.2615261250958,320.72388125585303,9660.699773303708,0.0,0.0,320563.42980132514,10000
767,7371.01,7371.01,0,0.0013430286072062241,0,0,0,0,sell,True,0,0,0,0,-17.88577251100005,9660.699773303708,905.1353634522384,320.72388125585303,9660.699773303708,0.0,0.0,320563.42980132514,10000
768,7407.46,7407.46,0,0.0011019157917085674,0,0,0,0,sell,True,0,0,0,0,-17.88577251100005,9660.699773303708,959.0617838475209,320.72388125585303,9660.699773303708,0.0,0.0,320563.42980132514,10000
769,7394.79,7406.669594193602,7414.083677871474,0.0016064816165979648,1.303020061958246,9660.699773303708,9.660699773303708,0,buy,False,0,0,0,0,-17.88577251100005,9635.559723968217,940.3169897073767,330.3845810291567,0.0,1.303020061958246,9635.559723968217,330214.46887485555,10000
770,7469.78,7469.78,7414.083677871474,0.001855133572416783,0,0,0,0,buy,True,0,0,0,0,-17.88577251100005,9733.273198414467,1051.2619078265052,330.3845810291567,0.0,1.303020061958246,9733.273198414467,330214.46887485555,10000
771,7514.06,7514.06,7414.083677871474,0.0013037713905305558,0,0,0,0,buy,True,0,0,0,0,-17.88577251100005,9790.970926757978,1116.772522232628,330.3845810291567,0.0,1.303020061958246,9790.970926757978,330214.46887485555,10000
772,7647.0,7633.315190251214,0,0.0017895658099629295,1.303020061958246,9936.416469315807,9.946362832147956,275.7166960120994,sell,False,0,0,-1.0,0,-18.88577251100005,9936.416469315807,1313.4523117346544,340.33094386130466,9936.416469315807,0.0,0.0,340160.8317070035,10000
773,7623.0,7623.0,0,0.0012281643744446096,0,0,0,0,hold,False,0,0,0,0,-18.88577251100005,9936.416469315807,1277.9452036554558,340.33094386130466,9936.416469315807,0.0,0.0,340160.8317070035,10000
774,7674.77,7674.77,0,0.0016454816819440215,0,0,0,0,hold,False,0,0,0,0,-18.88577251100005,9936.416469315807,1354.5369947079616,340.33094386130466,9936.416469315807,0.0,0.0,340160.8317070035,10000
775,7654.39,7654.39,0,0.0018238352455033626,0,0,0,0,sell,True,0,0,0,0,-18.88577251100005,9936.416469315807,1324.385542097376,340.33094386130466,9936.416469315807,0.0,0.0,340160.8317070035,10000
776,7690.0,7704.89463517775,7712.607242420171,0.001936883638198981,1.2883343021364353,9936.416469315807,9.936416469315807,0,buy,False,0,0,0,0,-18.88577251100005,9907.290783429187,1377.0692137098868,350.2673603306205,0.0,1.2883343021364353,9907.290783429187,350087.31175985,10000
777,7758.94,7758.94,7712.607242420171,0.001562954527671745,0,0,0,0,hold,False,0,0,0.008964889466839975,0,-18.87680762153321,9996.108550218472,1479.0633816673835,350.2673603306205,0.0,1.2883343021364353,9996.108550218472,350087.31175985,10000
778,7721.64,7721.64,7712.607242420171,0.0012607826514238081,0,0,0,0,hold,False,0,0,-0.004807357706078317,0,-18.881614979239288,9948.053680748784,1423.8794178609642,350.2673603306205,0.0,1.2883343021364353,9948.053680748784,350087.31175985,10000
779,7717.01,7717.01,7712.607242420171,0.0013750960522942973,0,0,0,0,hold,False,0,0,-0.0005996135535974571,0,-18.882214592792884,9942.088692929892,1417.0295049273518,350.2673603306205,0.0,1.2883343021364353,9942.088692929892,350087.31175985,10000
780,7692.5,7692.5,7712.607242420171,0.001938269519012075,0,0,0,0,hold,False,0,0,-0.003176100588181174,0,-18.885390693381066,9910.511619184528,1380.76787080147,350.2673603306205,0.0,1.2883343021364353,9910.511619184528,350087.31175985,10000
781,7695.0,7695.0,7712.607242420171,0.00133928217402421,0,0,0,0,buy,True,0,0,0,0,-18.885390693381066,9913.732454939869,1384.4665278930515,350.2673603306205,0.0,1.2883343021364353,9913.732454939869,350087.31175985,10000
782,7710.13,7710.13,7712.607242420171,0.0018669145675067607,0,0,0,0,hold,False,0,0,0.001966211825861008,0,-18.883424481555206,9933.224952931194,1406.8508006113134,350.2673603306205,0.0,1.2883343021364353,9933.224952931194,350087.31175985,10000
783,7719.17,7707.848178705691,0,0.001466714853320955,1.2883343021364353,9920.354919082105,9.93028520428639,-16.06155023370229,sell,False,0,0,-1.0,0,-19.883424481555206,9920.354919082105,1420.2251446544778,360.1976455349069,9920.354919082105,0.0,0.0,360017.5969641364,10000
784,7697.75,7697.75,0,0.0012029147448585275,0,0,0,0,hold,False,0,0,0,0,-19.883424481555206,9920.354919082105,1388.535050693794,360.1976455349069,9920.354919082105,0.0,0.0,360017.5969641364,10000
785,7733.74,7733.74,0,0.00149831441194481,0,0,0,0,sell,True,0,0,0,0,-19.883424481555206,9920.354919082105,1441.7809181842258,360.1976455349069,9920.354919082105,0.0,0.0,360017.5969641364,10000
786,7741.76,7741.76,0,0.0015348423203972463,0,0,0,0,sell,True,0,0,0,0,-19.883424481555206,9920.354919082105,1453.646210134024,360.1976455349069,9920.354919082105,0.0,0.0,360017.5969641364,10000
787,7734.92,7734.92,0,0.0014122247488262537,0,0,0,0,sell,True,0,0,0,0,-19.883424481555206,9920.354919082105,1443.526684331453,360.1976455349069,9920.354919082105,0.0,0.0,360017.5969641364,10000
788,7743.8,7754.571858070165,7762.334192262428,0.0013910299943392904,1.2780118290926992,9920.354919082105,9.920354919082104,0,buy,False,0,0,0,0,-19.883424481555206,9896.668002128044,1456.6643143207566,370.118000453989,0.0,1.2780118290926992,9896.668002128044,369928.03152829944,10000
789,7755.0,7755.0,7762.334192262428,0.001206418977264062,0,0,0,0,hold,False,0,0,0.0014463183449985606,0,-19.881978163210206,9910.981734613883,1473.234298091049,370.118000453989,0.0,1.2780118290926992,9910.981734613883,369928.03152829944,10000
790,7708.06,7708.06,7762.334192262428,0.0012076982691611605,0,0,0,0,buy,True,0,0,0,0,-19.881978163210206,9850.99185935627,1403.7883125394837,370.118000453989,0.0,1.2780118290926992,9850.99185935627,369928.03152829944,10000
791,7762.03,7762.03,7762.334192262428,0.001742953973246468,0,0,0,0,buy,True,0,0,0,0,-19.881978163210206,9919.966157772404,1483.6349218325795,370.118000453989,0.0,1.2780118290926992,9919.966157772404,369928.03152829944,10000
792,7730.0,7730.0,7762.334192262428,0.0010270025133730782,0,0,0,0,buy,True,0,0,0,0,-19.881978163210206,9879.031438886565,1436.2477271752177,370.118000453989,0.0,1.2780118290926992,9879.031438886565,369928.03152829944,10000
793,7721.01,7721.01,7762.334192262428,0.0018118458665296467,0,0,0,0,buy,True,0,0,0,0,-19.881978163210206,9867.542112543022,1422.947356273884,370.118000453989,0.0,1.2780118290926992,9867.542112543022,369928.03152829944,10000
794,7724.98,7724.98,7762.334192262428,0.0015663262870341734,0,0,0,0,buy,True,0,0,0,0,-19.881978163210206,9872.61581950452,1428.8208237353174,370.118000453989,0.0,1.2780118290926992,9872.61581950452,369928.03152829944,10000
795,7749.76,7749.76,7762.334192262428,0.001814289254984554,0,0,0,0,buy,True,0,0,0,0,-19.881978163210206,9904.284952629436,1465.4819128270901,370.118000453989,0.0,1.2780118290926992,9904.284952629436,369928.03152829944,10000
796,7740.31,7740.31,7762.334192262428,0.0015084117163228863,0,0,0,0,buy,True,0,0,0,0,-19.881978163210206,9892.207740844511,1451.5009890209058,370.118000453989,0.0,1.2780118290926992,9892.207740844511,369928.03152829944,10000
797,7774.0,7774.0,7762.334192262428,0.0011638545151980522,0,0,0,0,buy,True,0,0,0,0,-19.881978163210206,9935.263959366643,1501.344091987081,370.118000453989,0.0,1.2780118290926992,9935.263959366643,369928.03152829944,10000
798,7865.34,7865.34,7762.334192262428,0.0018325504442760036,0,0,0,0,buy,True,0,0,0,0,-19.881978163210206,10051.99755983597,1636.478227485164,370.118000453989,0.0,1.2780118290926992,10051.99755983597,369928.03152829944,10000
799,7985.99,7985.99,7762.334192262428,0.0012938752793627258,0,0,0,0,buy,True,0,0,0,0,-19.881978163210206,10206.189687016004,1814.9754187249691,370.118000453989,0.0,1.2780118290926992,10206.189687016004,369928.03152829944,10051.99755983597
800,7989.0,7989.0,7762.334192262428,0.0010766175205371685,0,0,0,0,hold,False,0,0,0.00037691006374920155,0,-19.881601253146457,10210.036502621573,1819.4286018632356,370.118000453989,0.0,1.2780118290926992,10210.036502621573,369928.03152829944,10206.189687016004
801,8031.0,8031.0,7762.334192262428,0.0014680583858246994,0,0,0,0,buy,True,0,0,0,0,-19.881601253146457,10263.712999443467,1881.5660410018336,370.118000453989,0.0,1.2780118290926992,10263.712999443467,369928.03152829944,10210.036502621573
802,7991.53,7991.53,7762.334192262428,0.001957692871351668,0,0,0,0,buy,True,0,0,0,0,-19.881601253146457,10213.269872549177,1823.1716428399177,370.118000453989,0.0,1.2780118290926992,10213.269872549177,369928.03152829944,10263.712999443467
803,8024.96,8024.96,7762.334192262428,0.0017902473879673044,0,0,0,0,buy,True,0,0,0,0,-19.881601253146457,10255.993807995746,1872.6300854685687,370.118000453989,0.0,1.2780118290926992,10255.993807995746,369928.03152829944,10263.712999443467
804,8144.51,8144.51,7762.334192262428,0.0016087181364766044,0,0,0,0,buy,True,0,0,0,0,-19.881601253146457,10408.78012216378,2049.499867588076,370.118000453989,0.0,1.2780118290926992,10408.78012216378,369928.03152829944,10263.712999443467
805,8257.99,8257.99,7762.334192262428,0.0017366999872073406,0,0,0,0,buy,True,0,0,0,0,-19.881601253146457,10553.808904529218,2217.38931028922,370.118000453989,0.0,1.2780118290926992,10553.808904529218,369928.03152829944,10408.78012216378
806,8219.54,8219.54,7762.334192262428,0.001182160847276774,0,0,0,0,buy,True,0,0,0,0,-19.881601253146457,10504.669349700605,2160.503964220672,370.118000453989,0.0,1.2780118290926992,10504.669349700605,369928.03152829944,10553.808904529218
807,8246.05,8246.05,7762.334192262428,0.0013477766240555778,0,0,0,0,buy,True,0,0,0,0,-19.881601253146457,10538.54944328985,2199.724524019817,370.118000453989,0.0,1.2780118290926992,10538.54944328985,369928.03152829944,10553.808904529218
808,8167.99,8167.99,7762.334192262428,0.0016194701171574851,0,0,0,0,buy,True,0,0,0,0,-19.881601253146457,10438.787839910876,2084.2376549922246,370.118000453989,0.0,1.2780118290926992,10438.787839910876,369928.03152829944,10553.808904529218
809,8180.27,8180.27,7762.334192262428,0.0017889175450697993,0,0,0,0,buy,True,0,0,0,0,-19.881601253146457,10454.481825172135,2102.4054586260827,370.118000453989,0.0,1.2780118290926992,10454.481825172135,369928.03152829944,10553.808904529218
810,8188.97,8188.97,7762.334192262428,0.0019037074765225902,0,0,0,0,hold,False,0,0,0.0010635345777094104,0,-19.880537718568746,10465.60052808524,2115.2767853047917,370.118000453989,0.0,1.2780118290926992,10465.60052808524,369928.03152829944,10553.808904529218
811,8242.86,8242.86,7762.334192262428,0.0010911901792593638,0,0,0,0,buy,True,0,0,0,0,-19.880537718568746,10534.472585555048,2195.0050375709598,370.118000453989,0.0,1.2780118290926992,10534.472585555048,369928.03152829944,10553.808904529218
812,8258.35,8258.35,7762.334192262428,0.001852847479148905,0,0,0,0,buy,True,0,0,0,0,-19.880537718568746,10554.268988787693,2217.921916910409,370.118000453989,0.0,1.2780118290926992,10554.268988787693,369928.03152829944,10553.808904529218
813,8266.24,8266.24,7762.334192262428,0.0012223227827890247,0,0,0,0,buy,True,0,0,0,0,-19.880537718568746,10564.352502119233,2229.5948786914432,370.118000453989,0.0,1.2780118290926992,10564.352502119233,369928.03152829944,10554.268988787693
814,8235.07,8235.07,7762.334192262428,0.0015474547502564973,0,0,0,0,buy,True,0,0,0,0,-19.880537718568746,10524.516873406414,2183.480022073585,370.118000453989,0.0,1.2780118290926992,10524.516873406414,369928.03152829944,10564.352502119233
815,8259.63,8259.63,7762.334192262428,0.0010301979937785862,0,0,0,0,hold,False,0,0,0.0029823668772698936,0,-19.877555351691477,10555.904843928929,2219.8156293412976,370.118000453989,0.0,1.2780118290926992,10555.904843928929,369928.03152829944,10564.352502119233
816,8320.0,8320.0,7762.334192262428,0.0017930982869660936,0,0,0,0,buy,True,0,0,0,0,-19.877555351691477,10633.058418051258,2309.1308007888492,370.118000453989,0.0,1.2780118290926992,10633.058418051258,369928.03152829944,10564.352502119233
817,8397.24,8397.24,7762.334192262428,0.0011463871030107475,0,0,0,0,buy,True,0,0,0,0,-19.877555351691477,10731.772051730377,2423.404510290404,370.118000453989,0.0,1.2780118290926992,10731.772051730377,369928.03152829944,10633.058418051258
818,8419.0,8419.0,7762.334192262428,0.0013215934074616211,0,0,0,0,buy,True,0,0,0,0,-19.877555351691477,10759.581589131434,2455.597621615543,370.118000453989,0.0,1.2780118290926992,10759.581589131434,369928.03152829944,10731.772051730377
819,8409.67,8409.67,7762.334192262428,0.0018214817086558564,0,0,0,0,buy,True,0,0,0,0,-19.877555351691477,10747.657738766,2441.794233349756,370.118000453989,0.0,1.2780118290926992,10747.657738766,369928.03152829944,10759.581589131434
820,8341.77,8341.77,7762.334192262428,0.0018091001492949697,0,0,0,0,buy,True,0,0,0,0,-19.877555351691477,10660.880735570605,2341.3387067423555,370.118000453989,0.0,1.2780118290926992,10660.880735570605,369928.03152829944,10759.581589131434
821,8374.31,8374.31,7762.334192262428,0.0019218239235289517,0,0,0,0,buy,True,0,0,0,0,-19.877555351691477,10702.46724048928,2389.4804274464022,370.118000453989,0.0,1.2780118290926992,10702.46724048928,369928.03152829944,10759.581589131434
822,8413.67,8413.67,7762.334192262428,0.0014038226844343416,0,0,0,0,buy,True,0,0,0,0,-19.877555351691477,10752.76978608237,2447.712084696288,370.118000453989,0.0,1.2780118290926992,10752.76978608237,369928.03152829944,10759.581589131434
823,8434.5,8434.5,7762.334192262428,0.0016271928436026942,0,0,0,0,buy,True,0,0,0,0,-19.877555351691477,10779.390772482371,2478.5292955833593,370.118000453989,0.0,1.2780118290926992,10779.390772482371,369928.03152829944,10759.581589131434
824,8336.79,8336.79,7762.334192262428,0.0013095277033344636,0,0,0,0,buy,True,0,0,0,0,-19.877555351691477,10654.516236661724,2333.9709818159226,370.118000453989,0.0,1.2780118290926992,10654.516236661724,369928.03152829944,10779.390772482371
825,8335.0,8335.0,7762.334192262428,0.0019079748360135138,0,0,0,0,buy,True,0,0,0,0,-19.877555351691477,10652.228595487648,2331.322743338349,370.118000453989,0.0,1.2780118290926992,10652.228595487648,369928.03152829944,10779.390772482371
826,8292.0,8292.0,7762.334192262428,0.0013480119421899492,0,0,0,0,buy,True,0,0,0,0,-19.877555351691477,10597.274086836662,2267.7058413631185,370.118000453989,0.0,1.2780118290926992,10597.274086836662,369928.03152829944,10779.390772482371
827,8224.31,8224.31,7762.334192262428,0.0015851199674265788,0,0,0,0,buy,True,0,0,0,0,-19.877555351691477,10510.765466125376,2167.5610019514097,370.118000453989,0.0,1.2780118290926992,10510.765466125376,369928.03152829944,10779.390772482371
828,8224.35,8224.35,7762.334192262428,0.0014458588720218447,0,0,0,0,buy,True,0,0,0,0,-19.877555351691477,10510.816586598541,2167.620180464877,370.118000453989,0.0,1.2780118290926992,10510.816586598541,369928.03152829944,10779.390772482371
829,8179.1,8179.1,7762.334192262428,0.0015124191986762194,0,0,0,0,buy,True,0,0,0,0,-19.877555351691477,10452.986551332096,2100.6744871072206,370.118000453989,0.0,1.2780118290926992,10452.986551332096,369928.03152829944,10779.390772482371
830,8201.02,8201.02,7762.334192262428,0.0010154015316337032,0,0,0,0,buy,True,0,0,0,0,-19.877555351691477,10481.000570625809,2133.1043124862226,370.118000453989,0.0,1.2780118290926992,10481.000570625809,369928.03152829944,10779.390772482371
831,8195.0,8195.0,7762.334192262428,0.001180430549188279,0,0,0,0,buy,True,0,0,0,0,-19.877555351691477,10473.30693941467,2124.1979462096897,370.118000453989,0.0,1.2780118290926992,10473.30693941467,369928.03152829944,10779.390772482371
832,8190.78,8190.78,7762.334192262428,0.0014292803992813827,0,0,0,0,buy,True,0,0,0,0,-19.877555351691477,10467.913729495898,2117.9546130390972,370.118000453989,0.0,1.2780118290926992,10467.913729495898,369928.03152829944,10779.390772482371
833,8114.96,8114.96,7762.334192262428,0.001895102950105173,0,0,0,0,buy,True,0,0,0,0,-19.877555351691477,10371.01487261409,2005.781740765562,370.118000453989,0.0,1.2780118290926992,10371.01487261409,369928.03152829944,10779.390772482371
834,8170.02,8170.02,7762.334192262428,0.001778775349803952,0,0,0,0,hold,False,0,0,0.00678499955637492,0,-19.870770352135104,10441.382203923935,2087.2409645505923,370.118000453989,0.0,1.2780118290926992,10441.382203923935,369928.03152829944,10779.390772482371
835,8126.49,8126.49,7762.334192262428,0.0011411327966825565,0,0,0,0,buy,True,0,0,0,0,-19.870770352135104,10385.750349003529,2022.8399472719448,370.118000453989,0.0,1.2780118290926992,10385.750349003529,369928.03152829944,10779.390772482371
836,8076.17,8076.17,7762.334192262428,0.00108608599930817,0,0,0,0,buy,True,0,0,0,0,-19.870770352135104,10321.440793763584,1948.393377332557,370.118000453989,0.0,1.2780118290926992,10321.440793763584,369928.03152829944,10779.390772482371
837,8166.98,8166.98,7762.334192262428,0.001639289817954284,0,0,0,0,buy,True,0,0,0,0,-19.870770352135104,10437.497047963492,2082.743397527225,370.118000453989,0.0,1.2780118290926992,10437.497047963492,369928.03152829944,10779.390772482371
838,8191.06,8191.06,7762.334192262428,0.0015605801552496857,0,0,0,0,buy,True,0,0,0,0,-19.870770352135104,10468.271572808046,2118.368862633355,370.118000453989,0.0,1.2780118290926992,10468.271572808046,369928.03152829944,10779.390772482371
839,8290.0,8290.0,7762.334192262428,0.0014669580023188925,0,0,0,0,buy,True,0,0,0,0,-19.870770352135104,10594.718063178476,2264.7469156898514,370.118000453989,0.0,1.2780118290926992,10594.718063178476,369928.03152829944,10779.390772482371
840,8270.86,8270.86,7762.334192262428,0.0018803481153142633,0,0,0,0,buy,True,0,0,0,0,-19.870770352135104,10570.256916769642,2236.4299969966905,370.118000453989,0.0,1.2780118290926992,10570.256916769642,369928.03152829944,10779.390772482371
841,8175.64,8175.64,7762.334192262428,0.001553896090681465,0,0,0,0,buy,True,0,0,0,0,-19.870770352135104,10448.564630403436,2095.5555456924703,370.118000453989,0.0,1.2780118290926992,10448.564630403436,369928.03152829944,10779.390772482371
842,8242.69,8242.69,7762.334192262428,0.0010083095341384396,0,0,0,0,hold,False,0,0,0.008201192811816495,0,-19.862569159323286,10534.255323544101,2194.753528888732,370.118000453989,0.0,1.2780118290926992,10534.255323544101,369928.03152829944,10779.390772482371
843,8218.53,8218.53,7762.334192262428,0.0017147068234750287,0,0,0,0,buy,True,0,0,0,0,-19.862569159323286,10503.378557753222,2159.0097067556726,370.118000453989,0.0,1.2780118290926992,10503.378557753222,369928.03152829944,10779.390772482371
844,8202.99,8202.99,7762.334192262428,0.0014720956538333404,0,0,0,0,buy,True,0,0,0,0,-19.862569159323286,10483.51825392912,2136.018854274389,370.118000453989,0.0,1.2780118290926992,10483.51825392912,369928.03152829944,10779.390772482371
845,8228.23,8228.23,7762.334192262428,0.0014520638640689778,0,0,0,0,buy,True,0,0,0,0,-19.862569159323286,10515.775272495419,2173.3604962710124,370.118000453989,0.0,1.2780118290926992,10515.775272495419,369928.03152829944,10779.390772482371
846,8226.43,8226.43,7762.334192262428,0.001869582004000154,0,0,0,0,buy,True,0,0,0,0,-19.862569159323286,10513.474851203053,2170.6974631650737,370.118000453989,0.0,1.2780118290926992,10513.474851203053,369928.03152829944,10779.390772482371
847,8196.36,8196.36,7762.334192262428,0.00192991631732152,0,0,0,0,buy,True,0,0,0,0,-19.862569159323286,10475.045035502237,2126.2100156675115,370.118000453989,0.0,1.2780118290926992,10475.045035502237,369928.03152829944,10779.390772482371
848,8269.01,8269.01,7762.334192262428,0.0012572108462445791,0,0,0,0,buy,True,0,0,0,0,-19.862569159323286,10567.892594885821,2233.6929907489193,370.118000453989,0.0,1.2780118290926992,10567.892594885821,369928.03152829944,10779.390772482371
849,8245.87,8245.87,7762.334192262428,0.0012108478077608152,0,0,0,0,buy,True,0,0,0,0,-19.862569159323286,10538.319401160616,2199.458220709226,370.118000453989,0.0,1.2780118290926992,10538.319401160616,369928.03152829944,10779.390772482371
850,8253.27,8253.27,7762.334192262428,0.0017760382504990735,0,0,0,0,buy,True,0,0,0,0,-19.862569159323286,10547.776688695902,2210.406245700311,370.118000453989,0.0,1.2780118290926992,10547.776688695902,369928.03152829944,10779.390772482371
851,8271.11,8271.11,7762.334192262428,0.0017862226672883347,0,0,0,0,buy,True,0,0,0,0,-19.862569159323286,10570.576419726916,2236.7998627058496,370.118000453989,0.0,1.2780118290926992,10570.576419726916,369928.03152829944,10779.390772482371
852,8290.47,8290.47,7762.334192262428,0.0010028317943487628,0,0,0,0,buy,True,0,0,0,0,-19.862569159323286,10595.31872873815,2265.442263223067,370.118000453989,0.0,1.2780118290926992,10595.31872873815,369928.03152829944,10779.390772482371
853,8251.9,8251.9,7762.334192262428,0.0018247501479868337,0,0,0,0,buy,True,0,0,0,0,-19.862569159323286,10546.025812490045,2208.3793816141224,370.118000453989,0.0,1.2780118290926992,10546.025812490045,369928.03152829944,10779.390772482371
854,8236.42,8236.42,7762.334192262428,0.001064808171329621,0,0,0,0,buy,True,0,0,0,0,-19.862569159323286,10526.24218937569,2185.47729690304,370.118000453989,0.0,1.2780118290926992,10526.24218937569,369928.03152829944,10779.390772482371
855,8219.03,8219.03,7762.334192262428,0.0012489407955620557,0,0,0,0,buy,True,0,0,0,0,-19.862569159323286,10504.017563667769,2159.749438173989,370.118000453989,0.0,1.2780118290926992,10504.017563667769,369928.03152829944,10779.390772482371
856,8229.99,8229.99,7762.334192262428,0.001259078530087399,0,0,0,0,buy,True,0,0,0,0,-19.862569159323286,10518.024573314622,2175.964350863487,370.118000453989,0.0,1.2780118290926992,10518.024573314622,369928.03152829944,10779.390772482371
857,8205.63,8205.63,7762.334192262428,0.0017184389172428182,0,0,0,0,hold,False,0,0,-0.0029599063911377008,0,-19.865529065714423,10486.892205157925,2139.9246361631012,370.118000453989,0.0,1.2780118290926992,10486.892205157925,369928.03152829944,10779.390772482371
858,8211.0,8211.0,7762.334192262428,0.0011679422449517006,0,0,0,0,buy,True,0,0,0,0,-19.865529065714423,10493.755128680154,2147.869351595822,370.118000453989,0.0,1.2780118290926992,10493.755128680154,369928.03152829944,10779.390772482371
859,8219.31,8219.31,7762.334192262428,0.0012810223839725093,0,0,0,0,buy,True,0,0,0,0,-19.865529065714423,10504.375406979912,2160.163687768245,370.118000453989,0.0,1.2780118290926992,10504.375406979912,369928.03152829944,10779.390772482371
860,8245.29,8245.29,7762.334192262428,0.0017029850331568143,0,0,0,0,buy,True,0,0,0,0,-19.865529065714423,10537.578154299743,2198.6001322639786,370.118000453989,0.0,1.2780118290926992,10537.578154299743,369928.03152829944,10779.390772482371
861,8264.27,8264.27,7762.334192262428,0.001220687441800633,0,0,0,0,buy,True,0,0,0,0,-19.865529065714423,10561.834818815922,2226.680336903277,370.118000453989,0.0,1.2780118290926992,10561.834818815922,369928.03152829944,10779.390772482371
862,8145.72,8145.72,7762.334192262428,0.0012696493674552406,0,0,0,0,buy,True,0,0,0,0,-19.865529065714423,10410.326516476982,2051.290017620402,370.118000453989,0.0,1.2780118290926992,10410.326516476982,369928.03152829944,10779.390772482371
863,7972.3,7972.3,7762.334192262428,0.001524471936119402,0,0,0,0,buy,True,0,0,0,0,-19.865529065714423,10188.693705075726,1794.7215724914604,370.118000453989,0.0,1.2780118290926992,10188.693705075726,369928.03152829944,10779.390772482371
864,7915.0,7915.0,7762.334192262428,0.0012607320134871605,0,0,0,0,buy,True,0,0,0,0,-19.865529065714423,10115.463627268713,1709.9483519523728,370.118000453989,0.0,1.2780118290926992,10115.463627268713,369928.03152829944,10779.390772482371
865,7920.0,7920.0,7762.334192262428,0.0017960893905787775,0,0,0,0,buy,True,0,0,0,0,-19.865529065714423,10121.853686414177,1717.3456661355394,370.118000453989,0.0,1.2780118290926992,10121.853686414177,369928.03152829944,10779.390772482371
866,7908.77,7908.77,7762.334192262428,0.0015853510528579958,0,0,0,0,buy,True,0,0,0,0,-19.865529065714423,10107.501613573468,1700.7312984801483,370.118000453989,0.0,1.2780118290926992,10107.501613573468,369928.03152829944,10779.390772482371
867,7895.05,7895.05,7762.334192262428,0.0014766376521073272,0,0,0,0,buy,True,0,0,0,0,-19.865529065714423,10089.967291278315,1680.433068361539,370.118000453989,0.0,1.2780118290926992,10089.967291278315,369928.03152829944,10779.390772482371
868,7876.48,7876.48,7762.334192262428,0.0018850064354723613,0,0,0,0,buy,True,0,0,0,0,-19.865529065714423,10066.234611612063,1652.9594434852588,370.118000453989,0.0,1.2780118290926992,10066.234611612063,369928.03152829944,10779.390772482371
869,7886.35,7886.35,7762.334192262428,0.0010356410894253214,0,0,0,0,buy,True,0,0,0,0,-19.865529065714423,10078.848588365208,1667.56174168283,370.118000453989,0.0,1.2780118290926992,10078.848588365208,369928.03152829944,10779.390772482371
870,7941.15,7941.15,7762.334192262428,0.0010409956649963853,0,0,0,0,buy,True,0,0,0,0,-19.865529065714423,10148.883636599488,1748.6363051303324,370.118000453989,0.0,1.2780118290926992,10148.883636599488,369928.03152829944,10779.390772482371
871,7927.84,7927.84,7762.334192262428,0.0011109226806830306,0,0,0,0,buy,True,0,0,0,0,-19.865529065714423,10131.873299154264,1728.9446547747448,370.118000453989,0.0,1.2780118290926992,10131.873299154264,369928.03152829944,10779.390772482371
872,7920.19,7910.3579416586745,0,0.001241391726880941,1.2780118290926992,10099.421490775365,10.109531021797162,179.0665716932599,sell,False,0,0,-1.0,0,-20.865529065714423,10099.421490775365,1717.626764074499,380.2275314757862,10099.421490775365,0.0,0.0,380037.5625500966,10779.390772482371
873,7916.99,7916.99,0,0.0012781972988983627,0,0,0,0,hold,False,0,0,0,0,-20.865529065714423,10099.421490775365,1712.892482997273,380.2275314757862,10099.421490775365,0.0,0.0,380037.5625500966,10779.390772482371
874,7974.99,7974.99,0,0.0017941217725290551,0,0,0,0,sell,True,0,0,0,0,-20.865529065714423,10099.421490775365,1798.7013275220033,380.2275314757862,10099.421490775365,0.0,0.0,380037.5625500966,10779.390772482371
875,7961.32,7961.32,0,0.0018408912718263896,0,0,0,0,sell,True,0,0,0,0,-20.865529065714423,10099.421490775365,1778.4770705452265,380.2275314757862,10099.421490775365,0.0,0.0,380037.5625500966,10779.390772482371
876,7955.16,7955.16,0,0.0013113855619745992,0,0,0,0,hold,False,0,0,0,0,-20.865529065714423,10099.421490775365,1769.3635794715647,380.2275314757862,10099.421490775365,0.0,0.0,380037.5625500966,10779.390772482371
877,7938.07,7938.07,0,0.0014963008075793427,0,0,0,0,hold,False,0,0,0,0,-20.865529065714423,10099.421490775365,1744.0795595935015,380.2275314757862,10099.421490775365,0.0,0.0,380037.5625500966,10779.390772482371
878,7841.57,7841.57,0,0.0010164908038439687,0,0,0,0,hold,False,0,0,0,0,-20.865529065714423,10099.421490775365,1601.3113958583908,380.2275314757862,10099.421490775365,0.0,0.0,380037.5625500966,10779.390772482371
879,7894.98,7905.627093327398,7913.540633961359,0.0013485902848896778,1.2762203364993399,10099.421490775365,10.099421490775365,0,buy,False,0,0,0,0,-20.865529065714423,10075.734032255557,1680.3295059629745,390.3269529665615,0.0,1.2762203364993399,10075.734032255557,390126.88461938116,10779.390772482371
880,7833.56,7833.56,7913.540633961359,0.0011758789823757198,0,0,0,0,buy,True,0,0,0,0,-20.865529065714423,9997.34857918777,1589.4608985369596,390.3269529665615,0.0,1.2762203364993399,9997.34857918777,390126.88461938116,10779.390772482371
881,8152.56,8152.56,7913.540633961359,0.001987971992204067,0,0,0,0,buy,True,0,0,0,0,-20.865529065714423,10404.46286653106,2061.409543422975,390.3269529665615,0.0,1.2762203364993399,10404.46286653106,390126.88461938116,10779.390772482371
882,8191.73,8191.73,7913.540633961359,0.0014615951804055514,0,0,0,0,buy,True,0,0,0,0,-20.865529065714423,10454.452417111737,2119.360102733899,390.3269529665615,0.0,1.2762203364993399,10454.452417111737,390126.88461938116,10779.390772482371
883,8177.86,8177.86,7913.540633961359,0.0010659311680923614,0,0,0,0,buy,True,0,0,0,0,-20.865529065714423,10436.75124104449,2098.839953189796,390.3269529665615,0.0,1.2762203364993399,10436.75124104449,390126.88461938116,10779.390772482371
884,8269.22,8269.22,7913.540633961359,0.0017089710910338644,0,0,0,0,buy,True,0,0,0,0,-20.865529065714423,10553.34673098707,2234.003677944611,390.3269529665615,0.0,1.2762203364993399,10553.34673098707,390126.88461938116,10779.390772482371
885,8221.63,8221.63,7913.540633961359,0.0011144876796378984,0,0,0,0,buy,True,0,0,0,0,-20.865529065714423,10492.611405173067,2163.5960415492336,390.3269529665615,0.0,1.2762203364993399,10492.611405173067,390126.88461938116,10779.390772482371
886,8230.41,8230.41,7913.540633961359,0.0017577374350614833,0,0,0,0,hold,False,0,0,0.0010679147565628485,0,-20.86446115095786,10503.816619727531,2176.585725254874,390.3269529665615,0.0,1.2762203364993399,10503.816619727531,390126.88461938116,10779.390772482371
887,8257.05,8257.05,7913.540633961359,0.0011768288893709478,0,0,0,0,hold,False,0,0,0.0032367767826875873,0,-20.861224374175173,10537.815129491873,2215.998615222783,390.3269529665615,0.0,1.2762203364993399,10537.815129491873,390126.88461938116,10779.390772482371
888,8258.0,8258.0,7913.540633961359,0.0019159186861415546,0,0,0,0,buy,True,0,0,0,0,-20.861224374175173,10539.027538811548,2217.4041049175867,390.3269529665615,0.0,1.2762203364993399,10539.027538811548,390126.88461938116,10779.390772482371
889,8188.57,8188.57,7913.540633961359,0.0012895929299033232,0,0,0,0,hold,False,0,0,-0.00840760474691208,0,-20.869631978922083,10450.419560848399,2114.685000170137,390.3269529665615,0.0,1.2762203364993399,10450.419560848399,390126.88461938116,10779.390772482371
890,8165.0,8165.0,7913.540633961359,0.0014187855667020905,0,0,0,0,hold,False,0,0,-0.002878402456106524,0,-20.872510381378188,10420.339047517109,2079.814061110692,390.3269529665615,0.0,1.2762203364993399,10420.339047517109,390126.88461938116,10779.390772482371
891,8173.0,8173.0,7913.540633961359,0.0013203307669081416,0,0,0,0,hold,False,0,0,0.0009797917942437418,0,-20.871530589583944,10430.548810209104,2091.649763803758,390.3269529665615,0.0,1.2762203364993399,10430.548810209104,390126.88461938116,10779.390772482371
892,8170.09,8170.09,7913.540633961359,0.001180644636179915,0,0,0,0,hold,False,0,0,-0.0003560504098861235,0,-20.871886639993832,10426.835009029892,2087.344526949155,390.3269529665615,0.0,1.2762203364993399,10426.835009029892,390126.88461938116,10779.390772482371
893,8164.99,8164.99,7913.540633961359,0.0018618242638790599,0,0,0,0,hold,False,0,0,-0.0006242281296780047,0,-20.87251086812351,10420.326285313744,2079.799266482325,390.3269529665615,0.0,1.2762203364993399,10420.326285313744,390126.88461938116,10779.390772482371
894,8217.84,8217.84,7913.540633961359,0.0010582677202222366,0,0,0,0,buy,True,0,0,0,0,-20.87251086812351,10487.774530097735,2157.988877398395,390.3269529665615,0.0,1.2762203364993399,10487.774530097735,390126.88461938116,10779.390772482371
895,8180.01,8180.01,7913.540633961359,0.001588938791163562,0,0,0,0,buy,True,0,0,0,0,-20.87251086812351,10439.495114767966,2102.0207982885568,390.3269529665615,0.0,1.2762203364993399,10439.495114767966,390126.88461938116,10779.390772482371
896,8200.0,8200.0,7913.540633961359,0.0019177637277852937,0,0,0,0,buy,True,0,0,0,0,-20.87251086812351,10465.006759294587,2131.5952603928563,390.3269529665615,0.0,1.2762203364993399,10465.006759294587,390126.88461938116,10779.390772482371
897,8196.72,8196.72,7913.540633961359,0.0011900097721959852,0,0,0,0,buy,True,0,0,0,0,-20.87251086812351,10460.820756590869,2126.742622288699,390.3269529665615,0.0,1.2762203364993399,10460.820756590869,390126.88461938116,10779.390772482371
898,8212.28,8212.28,7913.540633961359,0.00132150204534863,0,0,0,0,buy,True,0,0,0,0,-20.87251086812351,10480.6787450268,2149.7630640267143,390.3269529665615,0.0,1.2762203364993399,10480.6787450268,390126.88461938116,10779.390772482371
899,8195.24,8195.24,7913.540633961359,0.0013547936412957253,0,0,0,0,buy,True,0,0,0,0,-20.87251086812351,10458.93195049285,2124.553017290482,390.3269529665615,0.0,1.2762203364993399,10458.93195049285,390126.88461938116,10779.390772482371
900,8179.68,8179.68,7913.540633961359,0.0017478471426585784,0,0,0,0,buy,True,0,0,0,0,-20.87251086812351,10439.07396205692,2101.532575552468,390.3269529665615,0.0,1.2762203364993399,10439.07396205692,390126.88461938116,10779.390772482371
901,8184.73,8184.73,7913.540633961359,0.0015681105396024486,0,0,0,0,buy,True,0,0,0,0,-20.87251086812351,10445.51887475624,2109.0038628774655,390.3269529665615,0.0,1.2762203364993399,10445.51887475624,390126.88461938116,10779.390772482371
902,8177.01,8177.01,7913.540633961359,0.001528587408570893,0,0,0,0,buy,True,0,0,0,0,-20.87251086812351,10435.666453758467,2097.582409778657,390.3269529665615,0.0,1.2762203364993399,10435.666453758467,390126.88461938116,10779.390772482371
903,8150.01,8150.01,7913.540633961359,0.0017714884542497354,0,0,0,0,buy,True,0,0,0,0,-20.87251086812351,10401.208504672984,2057.636913189559,390.3269529665615,0.0,1.2762203364993399,10401.208504672984,390126.88461938116,10779.390772482371
904,8141.42,8141.42,7913.540633961359,0.001529210980154777,0,0,0,0,buy,True,0,0,0,0,-20.87251086812351,10390.245771982456,2044.9283274228783,390.3269529665615,0.0,1.2762203364993399,10390.245771982456,390126.88461938116,10779.390772482371
905,8116.11,8116.11,7913.540633961359,0.0015284519359451013,0,0,0,0,buy,True,0,0,0,0,-20.87251086812351,10357.944635265656,2007.4831230276905,390.3269529665615,0.0,1.2762203364993399,10357.944635265656,390126.88461938116,10779.390772482371
906,8175.1,8175.1,7913.540633961359,0.0015741619477640152,0,0,0,0,buy,True,0,0,0,0,-20.87251086812351,10433.228872915754,2094.7566357606884,390.3269529665615,0.0,1.2762203364993399,10433.228872915754,390126.88461938116,10779.390772482371
907,8183.07,8183.07,7913.540633961359,0.0019018247747485289,0,0,0,0,buy,True,0,0,0,0,-20.87251086812351,10443.400348997653,2106.547954568654,390.3269529665615,0.0,1.2762203364993399,10443.400348997653,390126.88461938116,10779.390772482371
908,8193.65,8180.004224611958,0,0.0016654086259531976,1.2762203364993399,10429.048256356195,10.439487744100296,329.62676558082967,sell,False,0,0,-1.0,0,-21.87251086812351,10429.048256356195,2122.200671380235,400.7664407106618,10429.048256356195,0.0,0.0,400566.37236348144,10779.390772482371
909,8187.64,8187.64,0,0.0019761566842302985,0,0,0,0,sell,True,0,0,0,0,-21.87251086812351,10429.048256356195,2113.3090997320687,400.7664407106618,10429.048256356195,0.0,0.0,400566.37236348144,10779.390772482371
910,8165.0,8165.0,0,0.0010073035416956464,0,0,0,0,sell,True,0,0,0,0,-21.87251086812351,10429.048256356195,2079.814061110692,400.7664407106618,10429.048256356195,0.0,0.0,400566.37236348144,10779.390772482371
911,8169.4,8169.4,0,0.0015777025294068164,0,0,0,0,sell,True,0,0,0,0,-21.87251086812351,10429.048256356195,2086.323697591877,400.7664407106618,10429.048256356195,0.0,0.0,400566.37236348144,10779.390772482371
912,8181.76,8181.76,0,0.0014658063942965924,0,0,0,0,hold,False,0,0,0,0,-21.87251086812351,10429.048256356195,2104.6098582526665,400.7664407106618,10429.048256356195,0.0,0.0,400566.37236348144,10779.390772482371
913,8225.04,8225.04,0,0.0010347133153385526,0,0,0,0,sell,True,0,0,0,0,-21.87251086812351,10429.048256356195,2168.641009822155,400.7664407106618,10429.048256356195,0.0,0.0,400566.37236348144,10779.390772482371
914,8243.25,8243.25,0,0.0016309098744130232,0,0,0,0,hold,False,0,0,0,0,-21.87251086812351,10429.048256356195,2195.582028077246,400.7664407106618,10429.048256356195,0.0,0.0,400566.37236348144,10779.390772482371
915,8266.21,8266.21,0,0.001497307822504017,0,0,0,0,sell,True,0,0,0,0,-21.87251086812351,10429.048256356195,2229.5504948063444,400.7664407106618,10429.048256356195,0.0,0.0,400566.37236348144,10779.390772482371
916,8241.89,8241.89,0,0.001360013712343138,0,0,0,0,hold,False,0,0,0,0,-21.87251086812351,10429.048256356195,2193.569958619424,400.7664407106618,10429.048256356195,0.0,0.0,400566.37236348144,10779.390772482371
917,8240.44,8240.44,0,0.0018048834285495229,0,0,0,0,hold,False,0,0,0,0,-21.87251086812351,10429.048256356195,2191.424737506306,400.7664407106618,10429.048256356195,0.0,0.0,400566.37236348144,10779.390772482371
918,8200.0,8200.0,0,0.0016254630175822973,0,0,0,0,hold,False,0,0,0,0,-21.87251086812351,10429.048256356195,2131.5952603928563,400.7664407106618,10429.048256356195,0.0,0.0,400566.37236348144,10779.390772482371
919,8210.07,8210.07,0,0.0012254803833416739,0,0,0,0,hold,False,0,0,0,0,-21.87251086812351,10429.048256356195,2146.493451157752,400.7664407106618,10429.048256356195,0.0,0.0,400566.37236348144,10779.390772482371
920,8200.2,8200.2,0,0.001126292534726451,0,0,0,0,hold,False,0,0,0,0,-21.87251086812351,10429.048256356195,2131.8911529601846,400.7664407106618,10429.048256356195,0.0,0.0,400566.37236348144,10779.390772482371
921,8172.78,8172.78,0,0.0013281989662880266,0,0,0,0,hold,False,0,0,0,0,-21.87251086812351,10429.048256356195,2091.324281979698,400.7664407106618,10429.048256356195,0.0,0.0,400566.37236348144,10779.390772482371
922,8152.13,8152.13,0,0.0011467358956000287,0,0,0,0,hold,False,0,0,0,0,-21.87251086812351,10429.048256356195,2060.773374403221,400.7664407106618,10429.048256356195,0.0,0.0,400566.37236348144,10779.390772482371
923,8157.98,8157.98,0,0.0011115382568525074,0,0,0,0,sell,True,0,0,0,0,-21.87251086812351,10429.048256356195,2069.4282319975246,400.7664407106618,10429.048256356195,0.0,0.0,400566.37236348144,10779.390772482371
924,8149.69,8149.69,0,0.0012037043205500725,0,0,0,0,sell,True,0,0,0,0,-21.87251086812351,10429.048256356195,2057.1634850818355,400.7664407106618,10429.048256356195,0.0,0.0,400566.37236348144,10779.390772482371
925,8167.88,8167.88,0,0.0011128220947690573,0,0,0,0,sell,True,0,0,0,0,-21.87251086812351,10429.048256356195,2084.0749140801963,400.7664407106618,10429.048256356195,0.0,0.0,400566.37236348144,10779.390772482371
926,8212.12,8212.12,0,0.0011147609706983975,0,0,0,0,sell,True,0,0,0,0,-21.87251086812351,10429.048256356195,2149.5263499728535,400.7664407106618,10429.048256356195,0.0,0.0,400566.37236348144,10779.390772482371
927,8203.0,8203.0,0,0.0014404152171007838,0,0,0,0,sell,True,0,0,0,0,-21.87251086812351,10429.048256356195,2136.033648902756,400.7664407106618,10429.048256356195,0.0,0.0,400566.37236348144,10779.390772482371
928,8215.97,8215.97,0,0.001023981965363524,0,0,0,0,sell,True,0,0,0,0,-21.87251086812351,10429.048256356195,2155.222281893888,400.7664407106618,10429.048256356195,0.0,0.0,400566.37236348144,10779.390772482371
929,8227.12,8227.12,0,0.0011832885704189547,0,0,0,0,sell,True,0,0,0,0,-21.87251086812351,10429.048256356195,2171.7182925223515,400.7664407106618,10429.048256356195,0.0,0.0,400566.37236348144,10779.390772482371
930,8184.46,8184.46,0,0.0012503348157511677,0,0,0,0,sell,True,0,0,0,0,-21.87251086812351,10429.048256356195,2108.6044079115745,400.7664407106618,10429.048256356195,0.0,0.0,400566.37236348144,10779.390772482371
931,8196.9,8196.9,0,0.0015013147490278319,0,0,0,0,hold,False,0,0,0,0,-21.87251086812351,10429.048256356195,2127.0089255992934,400.7664407106618,10429.048256356195,0.0,0.0,400566.37236348144,10779.390772482371
932,8212.98,8212.98,0,0.0016359191202920775,0,0,0,0,sell,True,0,0,0,0,-21.87251086812351,10429.048256356195,2150.7986880123553,400.7664407106618,10429.048256356195,0.0,0.0,400566.37236348144,10779.390772482371
933,8221.01,8221.01,0,0.0010337570231070859,0,0,0,0,hold,False,0,0,0,0,-21.87251086812351,10429.048256356195,2162.678774590522,400.7664407106618,10429.048256356195,0.0,0.0,400566.37236348144,10779.390772482371
934,8201.0,8201.0,0,0.0014094455416596913,0,0,0,0,sell,True,0,0,0,0,-21.87251086812351,10429.048256356195,2133.074723229489,400.7664407106618,10429.048256356195,0.0,0.0,400566.37236348144,10779.390772482371
935,8195.0,8195.0,0,0.0013527021301020003,0,0,0,0,hold,False,0,0,0,0,-21.87251086812351,10429.048256356195,2124.1979462096897,400.7664407106618,10429.048256356195,0.0,0.0,400566.37236348144,10779.390772482371
936,8200.46,8200.46,0,0.0010806718522320515,0,0,0,0,sell,True,0,0,0,0,-21.87251086812351,10429.048256356195,2132.275813297707,400.7664407106618,10429.048256356195,0.0,0.0,400566.37236348144,10779.390772482371
937,8211.0,8211.0,0,0.0017404077369132015,0,0,0,0,hold,False,0,0,0,0,-21.87251086812351,10429.048256356195,2147.869351595822,400.7664407106618,10429.048256356195,0.0,0.0,400566.37236348144,10779.390772482371
938,8159.21,8159.21,0,0.0019051986781943306,0,0,0,0,hold,False,0,0,0,0,-21.87251086812351,10429.048256356195,2071.2479712865843,400.7664407106618,10429.048256356195,0.0,0.0,400566.37236348144,10779.390772482371
939,8214.39,8214.39,0,0.0018126862078496823,0,0,0,0,hold,False,0,0,0,0,-21.87251086812351,10429.048256356195,2152.884730612008,400.7664407106618,10429.048256356195,0.0,0.0,400566.37236348144,10779.390772482371
940,8200.02,8200.02,0,0.0018451145864440887,0,0,0,0,sell,True,0,0,0,0,-21.87251086812351,10429.048256356195,2131.62484964959,400.7664407106618,10429.048256356195,0.0,0.0,400566.37236348144,10779.390772482371
941,8192.11,8192.11,0,0.0014917585795519626,0,0,0,0,sell,True,0,0,0,0,-21.87251086812351,10429.048256356195,2119.92229861182,400.7664407106618,10429.048256356195,0.0,0.0,400566.37236348144,10779.390772482371
942,8186.62,8186.62,0,0.0015845587334139943,0,0,0,0,sell,True,0,0,0,0,-21.87251086812351,10429.048256356195,2111.8000476387024,400.7664407106618,10429.048256356195,0.0,0.0,400566.37236348144,10779.390772482371
943,8188.78,8188.78,0,0.001984534476145915,0,0,0,0,hold,False,0,0,0,0,-21.87251086812351,10429.048256356195,2114.9956873658302,400.7664407106618,10429.048256356195,0.0,0.0,400566.37236348144,10779.390772482371
944,8148.96,8148.96,0,0.0017163207786858833,0,0,0,0,hold,False,0,0,0,0,-21.87251086812351,10429.048256356195,2056.083477211094,400.7664407106618,10429.048256356195,0.0,0.0,400566.37236348144,10779.390772482371
945,8162.1,8162.1,0,0.0016077511779841094,0,0,0,0,hold,False,0,0,0,0,-21.87251086812351,10429.048256356195,2075.5236188844556,400.7664407106618,10429.048256356195,0.0,0.0,400566.37236348144,10779.390772482371
946,8166.12,8166.12,0,0.0010097607515339815,0,0,0,0,hold,False,0,0,0,0,-21.87251086812351,10429.048256356195,2081.4710594877215,400.7664407106618,10429.048256356195,0.0,0.0,400566.37236348144,10779.390772482371
947,8178.92,8178.92,0,0.0011770442165148045,0,0,0,0,hold,False,0,0,0,0,-21.87251086812351,10429.048256356195,2100.408183796628,400.7664407106618,10429.048256356195,0.0,0.0,400566.37236348144,10779.390772482371
948,8154.99,8154.99,0,0.0011961293216141496,0,0,0,0,hold,False,0,0,0,0,-21.87251086812351,10429.048256356195,2065.004638115992,400.7664407106618,10429.048256356195,0.0,0.0,400566.37236348144,10779.390772482371
949,8155.0,8155.0,0,0.0011815795081538468,0,0,0,0,hold,False,0,0,0,0,-21.87251086812351,10429.048256356195,2065.0194327443587,400.7664407106618,10429.048256356195,0.0,0.0,400566.37236348144,10779.390772482371
950,8138.93,8138.93,0,0.001487782875614476,0,0,0,0,hold,False,0,0,0,0,-21.87251086812351,10429.048256356195,2041.2444649596619,400.7664407106618,10429.048256356195,0.0,0.0,400566.37236348144,10779.390772482371
951,8118.09,8118.09,0,0.0013192153195470083,0,0,0,0,hold,False,0,0,0,0,-21.87251086812351,10429.048256356195,2010.4124594442255,400.7664407106618,10429.048256356195,0.0,0.0,400566.37236348144,10779.390772482371
952,8181.99,8181.99,0,0.0010879321137048977,0,0,0,0,hold,False,0,0,0,0,-21.87251086812351,10429.048256356195,2104.95013470509,400.7664407106618,10429.048256356195,0.0,0.0,400566.37236348144,10779.390772482371
953,8122.9,8122.9,0,0.0017600919607226343,0,0,0,0,hold,False,0,0,0,0,-21.87251086812351,10429.048256356195,2017.5286756884307,400.7664407106618,10429.048256356195,0.0,0.0,400566.37236348144,10779.390772482371
954,8122.01,8122.01,0,0.0016039421089695004,0,0,0,0,hold,False,0,0,0,0,-21.87251086812351,10429.048256356195,2016.2119537638282,400.7664407106618,10429.048256356195,0.0,0.0,400566.37236348144,10779.390772482371
955,7910.56,7910.56,0,0.0010675903311006332,0,0,0,0,hold,False,0,0,0,0,-21.87251086812351,10429.048256356195,1703.379536957722,400.7664407106618,10429.048256356195,0.0,0.0,400566.37236348144,10779.390772482371
956,7963.34,7963.34,0,0.0014112637672529468,0,0,0,0,hold,False,0,0,0,0,-21.87251086812351,10429.048256356195,1781.4655854752255,400.7664407106618,10429.048256356195,0.0,0.0,400566.37236348144,10779.390772482371
957,8120.0,8120.0,0,0.0012015230666995245,0,0,0,0,hold,False,0,0,0,0,-21.87251086812351,10429.048256356195,2013.2382334621943,400.7664407106618,10429.048256356195,0.0,0.0,400566.37236348144,10779.390772482371
958,8168.94,8168.94,0,0.0010001840425273233,0,0,0,0,hold,False,0,0,0,0,-21.87251086812351,10429.048256356195,2085.6431446870265,400.7664407106618,10429.048256356195,0.0,0.0,400566.37236348144,10779.390772482371
959,8134.99,8134.99,0,0.0014556039016084686,0,0,0,0,hold,False,0,0,0,0,-21.87251086812351,10429.048256356195,2035.4153813833273,400.7664407106618,10429.048256356195,0.0,0.0,400566.37236348144,10779.390772482371
960,8166.5,8166.5,0,0.0017620098243740037,0,0,0,0,hold,False,0,0,0,0,-21.87251086812351,10429.048256356195,2082.033255365641,400.7664407106618,10429.048256356195,0.0,0.0,400566.37236348144,10779.390772482371
961,8173.92,8173.92,0,0.0017309804928110897,0,0,0,0,hold,False,0,0,0,0,-21.87251086812351,10429.048256356195,2093.010869613461,400.7664407106618,10429.048256356195,0.0,0.0,400566.37236348144,10779.390772482371
962,8125.01,8125.01,0,0.0011512979709199984,0,0,0,0,hold,False,0,0,0,0,-21.87251086812351,10429.048256356195,2020.6503422737278,400.7664407106618,10429.048256356195,0.0,0.0,400566.37236348144,10779.390772482371
963,8126.29,8126.29,0,0.001707977151146789,0,0,0,0,hold,False,0,0,0,0,-21.87251086812351,10429.048256356195,2022.5440547046182,400.7664407106618,10429.048256356195,0.0,0.0,400566.37236348144,10779.390772482371
964,8131.81,8146.877372011836,8155.032404416253,0.0018528927768646864,1.2788481687342503,10429.048256356195,10.429048256356195,0,buy,False,0,0,0,0,-21.87251086812351,10399.350326994865,2030.710689562833,411.195488967018,0.0,1.2788481687342503,10399.350326994865,410984.9915715813,10779.390772482371
965,8129.97,8129.97,8155.032404416253,0.0011003292945698814,0,0,0,0,buy,True,0,0,0,0,-21.87251086812351,10396.997246364394,2027.9884779434287,411.195488967018,0.0,1.2788481687342503,10396.997246364394,410984.9915715813,10779.390772482371
966,8121.81,8121.81,8155.032404416253,0.001860267173341242,0,0,0,0,hold,False,0,0,-0.0010036937405672947,0,-21.873514561864077,10386.561845307522,2015.9160611965017,411.195488967018,0.0,1.2788481687342503,10386.561845307522,410984.9915715813,10779.390772482371
967,8138.86,8138.86,8155.032404416253,0.001997150627927068,0,0,0,0,hold,False,0,0,0.0020992857503437257,0,-21.871415276113733,10408.36620658444,2041.1409025610974,411.195488967018,0.0,1.2788481687342503,10408.36620658444,410984.9915715813,10779.390772482371
968,8133.01,8133.01,8155.032404416253,0.0018542658831800242,0,0,0,0,buy,True,0,0,0,0,-21.871415276113733,10400.884944797346,2032.486044966794,411.195488967018,0.0,1.2788481687342503,10400.884944797346,410984.9915715813,10779.390772482371
969,8126.77,8126.77,8155.032404416253,0.0010791438545817264,0,0,0,0,buy,True,0,0,0,0,-21.871415276113733,10392.904932224445,2023.2541968662026,411.195488967018,0.0,1.2788481687342503,10392.904932224445,410984.9915715813,10779.390772482371
970,8033.14,8033.14,8155.032404416253,0.0012140912664273518,0,0,0,0,buy,True,0,0,0,0,-21.871415276113733,10273.166378185857,1884.7320914722277,411.195488967018,0.0,1.2788481687342503,10273.166378185857,410984.9915715813,10779.390772482371
971,8019.92,8006.884734740393,0,0.0016253610085396376,1.2788481687342503,10229.350290408685,10.239589880288975,-199.69796594750915,sell,False,0,0,-1.0,0,-22.871415276113733,10229.350290408685,1865.1735927719365,421.43507884730695,10229.350290408685,0.0,0.0,421224.58145187027,10779.390772482371
972,7945.0,7945.0,0,0.0012319879578504543,0,0,0,0,hold,False,0,0,0,0,-22.871415276113733,10229.350290408685,1754.3322370513706,421.43507884730695,10229.350290408685,0.0,0.0,421224.58145187027,10779.390772482371
973,7980.0,7980.0,0,0.0010008491175169721,0,0,0,0,hold,False,0,0,0,0,-22.871415276113733,10229.350290408685,1806.113436333535,421.43507884730695,10229.350290408685,0.0,0.0,421224.58145187027,10779.390772482371
974,7800.01,7800.01,0,0.0015338020890466432,0,0,0,0,hold,False,0,0,0,0,-22.871415276113733,10229.350290408685,1539.8249203679134,421.43507884730695,10229.350290408685,0.0,0.0,421224.58145187027,10779.390772482371
975,7730.0,7730.0,0,0.0011690890547943528,0,0,0,0,hold,False,0,0,0,0,-22.871415276113733,10229.350290408685,1436.2477271752177,421.43507884730695,10229.350290408685,0.0,0.0,421224.58145187027,10779.390772482371
976,7740.0,7740.0,0,0.0017733116721743833,0,0,0,0,hold,False,0,0,0,0,-22.871415276113733,10229.350290408685,1451.0423555415491,421.43507884730695,10229.350290408685,0.0,0.0,421224.58145187027,10779.390772482371
977,7758.44,7758.44,0,0.0019055062982437643,0,0,0,0,hold,False,0,0,0,0,-22.871415276113733,10229.350290408685,1478.3236502490672,421.43507884730695,10229.350290408685,0.0,0.0,421224.58145187027,10779.390772482371
978,7808.41,7808.41,0,0.0013110236999776643,0,0,0,0,hold,False,0,0,0,0,-22.871415276113733,10229.350290408685,1552.2524081956326,421.43507884730695,10229.350290408685,0.0,0.0,421224.58145187027,10779.390772482371
979,7727.25,7727.25,0,0.0011279716920645601,0,0,0,0,hold,False,0,0,0,0,-22.871415276113733,10229.350290408685,1432.1792043744754,421.43507884730695,10229.350290408685,0.0,0.0,421224.58145187027,10779.390772482371
980,7745.23,7745.23,0,0.001518356111458727,0,0,0,0,hold,False,0,0,0,0,-22.871415276113733,10229.350290408685,1458.779946177141,421.43507884730695,10229.350290408685,0.0,0.0,421224.58145187027,10779.390772482371
981,7750.65,7750.65,0,0.0013774603457022035,0,0,0,0,hold,False,0,0,0,0,-22.871415276113733,10229.350290408685,1466.7986347516944,421.43507884730695,10229.350290408685,0.0,0.0,421224.58145187027,10779.390772482371
982,7695.0,7695.0,0,0.0019131604511503988,0,0,0,0,hold,False,0,0,0,0,-22.871415276113733,10229.350290408685,1384.4665278930515,421.43507884730695,10229.350290408685,0.0,0.0,421224.58145187027,10779.390772482371
983,7712.02,7720.047894917984,7727.775670588573,0.0010409587783724048,1.3237121167143797,10229.350290408685,10.229350290408686,0,buy,False,0,0,0,0,-22.871415276113733,10208.494318343632,1409.646985372552,431.6644291377156,0.0,1.3237121167143797,10208.494318343632,431443.70239198854,10779.390772482371
984,7698.97,7698.97,7727.775670588573,0.0019734827866502874,0,0,0,0,buy,True,0,0,0,0,-22.871415276113733,10191.219875220508,1390.3399953544867,431.6644291377156,0.0,1.3237121167143797,10191.219875220508,431443.70239198854,10779.390772482371
985,7730.93,7730.93,7727.775670588573,0.0017383519000328397,0,0,0,0,hold,False,0,0,0.0041512046416598645,0,-22.867264071472075,10233.5257144707,1437.6236276132859,431.6644291377156,0.0,1.3237121167143797,10233.5257144707,431443.70239198854,10779.390772482371
986,7672.98,7672.98,7727.775670588573,0.0018346031239710055,0,0,0,0,hold,False,0,0,-0.007495864016360269,0,-22.874759935488434,10156.8165973071,1351.8887562303862,431.6644291377156,0.0,1.3237121167143797,10156.8165973071,431443.70239198854,10779.390772482371
987,7553.16,7553.16,7727.775670588573,0.0018328574327824447,0,0,0,0,hold,False,0,0,-0.015615836350413954,0,-22.890375771838848,9998.209411482385,1174.6195191449879,431.6644291377156,0.0,1.3237121167143797,9998.209411482385,431443.70239198854,10779.390772482371
988,7550.01,7550.01,7727.775670588573,0.001296277296182132,0,0,0,0,hold,False,0,0,-0.0004170439921834365,0,-22.89079281583103,9994.039718314734,1169.9592112095943,431.6644291377156,0.0,1.3237121167143797,9994.039718314734,431443.70239198854,10779.390772482371
989,7539.99,7539.99,7727.775670588573,0.0017928342253618642,0,0,0,0,hold,False,0,0,-0.001327150560065526,0,-22.892119966391096,9980.776122905256,1155.1349935865273,431.6644291377156,0.0,1.3237121167143797,9980.776122905256,431443.70239198854,10779.390772482371
990,7534.66,7534.66,7727.775670588573,0.0014498600814343682,0,0,0,0,hold,False,0,0,-0.0007068974892539184,0,-22.89282686388035,9973.720737323169,1147.2494566672722,431.6644291377156,0.0,1.3237121167143797,9973.720737323169,431443.70239198854,10779.390772482371
991,7528.94,7528.94,7727.775670588573,0.0014684418472959487,0,0,0,0,hold,False,0,0,-0.000759158342911372,0,-22.893586022223264,9966.149104015562,1138.7869292417308,431.6644291377156,0.0,1.3237121167143797,9966.149104015562,431443.70239198854,10779.390772482371
992,7565.32,7565.32,7727.775670588573,0.0012543554669683606,0,0,0,0,hold,False,0,0,0.0048320215063476,0,-22.888754000716915,10014.305750821632,1192.609787238449,431.6644291377156,0.0,1.3237121167143797,10014.305750821632,431443.70239198854,10779.390772482371
993,7556.93,7556.93,7727.775670588573,0.001832591136200727,0,0,0,0,hold,False,0,0,-0.0011090079467887533,0,-22.889863008663703,10003.199806162398,1180.1970940390966,431.6644291377156,0.0,1.3237121167143797,10003.199806162398,431443.70239198854,10779.390772482371
994,7629.99,7629.99,7727.775670588573,0.0014839568125760386,0,0,0,0,hold,False,0,0,0.009667947169022285,0,-22.880195061494682,10099.91021340955,1288.2866488835225,431.6644291377156,0.0,1.3237121167143797,10099.91021340955,431443.70239198854,10779.390772482371
995,7594.39,7594.39,7727.775670588573,0.0013853932369873594,0,0,0,0,hold,False,0,0,-0.004665799037744503,0,-22.884860860532427,10052.786062054518,1235.6177718993786,431.6644291377156,0.0,1.3237121167143797,10052.786062054518,431443.70239198854,10779.390772482371
996,7569.9,7569.9,7727.775670588573,0.001956067277748181,0,0,0,0,hold,False,0,0,-0.003224748794834192,0,-22.888085609327263,10020.368352316182,1199.3857270302287,431.6644291377156,0.0,1.3237121167143797,10020.368352316182,431443.70239198854,10779.390772482371
997,7566.17,7566.17,7727.775670588573,0.0019509211516970009,0,0,0,0,hold,False,0,0,-0.0004927409873312414,0,-22.888578350314592,10015.430906120839,1193.8673306495875,431.6644291377156,0.0,1.3237121167143797,10015.430906120839,431443.70239198854,10779.390772482371
998,7574.94,7574.94,7727.775670588573,0.0013048435500601268,0,0,0,0,hold,False,0,0,0.0011591069193527448,0,-22.88741924339524,10027.039861384423,1206.842219726861,431.6644291377156,0.0,1.3237121167143797,10027.039861384423,431443.70239198854,10779.390772482371
999,7620.39,7620.39,7727.775670588573,0.0019104924240585992,0,0,0,0,buy,True,0,0,0,0,-22.88741924339524,10087.202577089092,1274.0838056518442,431.6644291377156,0.0,1.3237121167143797,10087.202577089092,431443.70239198854,10779.390772482371
1000,7575.0,7575.0,7727.775670588573,0.0010460969382689773,0,0,0,0,buy,True,0,0,0,0,-22.88741924339524,10027.119284111426,1206.9309874970586,431.6644291377156,0.0,1.3237121167143797,10027.119284111426,431443.70239198854,10779.390772482371
1001,7601.79,7601.79,7727.775670588573,0.0014758513551915377,0,0,0,0,buy,True,0,0,0,0,-22.88741924339524,10062.581531718204,1246.5657968904652,431.6644291377156,0.0,1.3237121167143797,10062.581531718204,431443.70239198854,10779.390772482371
1002,7558.01,7558.01,7727.775670588573,0.0016895032308722009,0,0,0,0,buy,True,0,0,0,0,-22.88741924339524,10004.62941524845,1181.7949139026605,431.6644291377156,0.0,1.3237121167143797,10004.62941524845,431443.70239198854,10779.390772482371
1003,7539.37,7539.37,7727.775670588573,0.0018544704891790605,0,0,0,0,hold,False,0,0,-0.0024662576524773563,0,-22.88988550104772,9979.955421392893,1154.2177266278159,431.6644291377156,0.0,1.3237121167143797,9979.955421392893,431443.70239198854,10779.390772482371
1004,7542.5,7542.5,7727.775670588573,0.001975631491161231,0,0,0,0,hold,False,0,0,0.00041515405133315294,0,-22.889470346996386,9984.098640318209,1158.8484453064775,431.6644291377156,0.0,1.3237121167143797,9984.098640318209,431443.70239198854,10779.390772482371
1005,7564.84,7564.84,7727.775670588573,0.0010480993785297204,0,0,0,0,buy,True,0,0,0,0,-22.889470346996386,10013.67036900561,1191.8996450768664,431.6644291377156,0.0,1.3237121167143797,10013.67036900561,431443.70239198854,10779.390772482371
1006,7482.09,7482.09,7727.775670588573,0.0016511650686465659,0,0,0,0,buy,True,0,0,0,0,-22.889470346996386,9904.133191347493,1069.474095345462,431.6644291377156,0.0,1.3237121167143797,9904.133191347493,431443.70239198854,10779.390772482371
1007,7475.03,7475.03,7727.775670588573,0.0013624423945441482,0,0,0,0,hold,False,0,0,-0.0009435866181775945,0,-22.890413933614564,9894.78778380349,1059.0290877188309,431.6644291377156,0.0,1.3237121167143797,9894.78778380349,431443.70239198854,10779.390772482371
1008,7590.0,7590.0,7727.775670588573,0.0014368214998734209,0,0,0,0,buy,True,0,0,0,0,-22.890413933614564,10046.974965862142,1229.1229300465584,431.6644291377156,0.0,1.3237121167143797,10046.974965862142,431443.70239198854,10779.390772482371
1009,7604.58,7604.58,7727.775670588573,0.0019699232794296137,0,0,0,0,buy,True,0,0,0,0,-22.890413933614564,10066.274688523838,1250.6934982046714,431.6644291377156,0.0,1.3237121167143797,10066.274688523838,431443.70239198854,10779.390772482371
1010,7673.7,7673.7,7727.775670588573,0.0018723824520905392,0,0,0,0,hold,False,0,0,0.009089259367381222,0,-22.881324674247182,10157.769670031135,1352.9539694727628,431.6644291377156,0.0,1.3237121167143797,10157.769670031135,431443.70239198854,10779.390772482371
1011,7673.01,7673.01,7727.775670588573,0.0017299168963755903,0,0,0,0,hold,False,0,0,-8.991751045768505e-05,0,-22.88141459175764,10156.856308670604,1351.9331401154868,431.6644291377156,0.0,1.3237121167143797,10156.856308670604,431443.70239198854,10779.390772482371
1012,7668.88,7668.88,7727.775670588573,0.0016561346907617712,0,0,0,0,buy,True,0,0,0,0,-22.88141459175764,10151.389377628573,1345.8229586001908,431.6644291377156,0.0,1.3237121167143797,10151.389377628573,431443.70239198854,10779.390772482371
1013,7642.33,7642.33,7727.775670588573,0.0017803751516853698,0,0,0,0,buy,True,0,0,0,0,-22.88141459175764,10116.244820929805,1306.5432202875782,431.6644291377156,0.0,1.3237121167143797,10116.244820929805,431443.70239198854,10779.390772482371
1014,7627.09,7627.09,7727.775670588573,0.0014791679342175416,0,0,0,0,hold,False,0,0,-0.0019941562324578177,0,-22.883408747990096,10096.07144827108,1283.9962066572862,431.6644291377156,0.0,1.3237121167143797,10096.07144827108,431443.70239198854,10779.390772482371
1015,7656.96,7656.96,7727.775670588573,0.0019311924596108966,0,0,0,0,hold,False,0,0,0.003916303596784523,0,-22.87949244439331,10135.610729197337,1328.187761587522,431.6644291377156,0.0,1.3237121167143797,10135.610729197337,431443.70239198854,10779.390772482371
1016,7645.05,7645.05,7727.775670588573,0.001826110604671384,0,0,0,0,hold,False,0,0,-0.0015554475927782169,0,-22.88104789198609,10119.84531788727,1310.56735920322,431.6644291377156,0.0,1.3237121167143797,10119.84531788727,431443.70239198854,10779.390772482371
1017,7659.0,7659.0,7727.775670588573,0.0018740522813695329,0,0,0,0,hold,False,0,0,0.0018247101065394877,0,-22.87922318187955,10138.311101915435,1331.2058657742546,431.6644291377156,0.0,1.3237121167143797,10138.311101915435,431443.70239198854,10779.390772482371
1018,7611.22,7611.22,7727.775670588573,0.0011599067650607511,0,0,0,0,buy,True,0,0,0,0,-22.87922318187955,10075.06413697882,1260.5171314399176,431.6644291377156,0.0,1.3237121167143797,10075.06413697882,431443.70239198854,10779.390772482371
1019,7614.03,7614.03,7727.775670588573,0.0012923147600460115,0,0,0,0,buy,True,0,0,0,0,-22.87922318187955,10078.783768026788,1264.6744220108558,431.6644291377156,0.0,1.3237121167143797,10078.783768026788,431443.70239198854,10779.390772482371
1020,7573.17,7573.17,7727.775670588573,0.0014300710216313141,0,0,0,0,buy,True,0,0,0,0,-22.87922318187955,10024.69689093784,1204.2235705060211,431.6644291377156,0.0,1.3237121167143797,10024.69689093784,431443.70239198854,10779.390772482371
1021,7560.05,7560.05,7727.775670588573,0.0012567206537566263,0,0,0,0,buy,True,0,0,0,0,-22.87922318187955,10007.329787966546,1184.8130180893913,431.6644291377156,0.0,1.3237121167143797,10007.329787966546,431443.70239198854,10779.390772482371
1022,7510.0,7510.0,7727.775670588573,0.0015838942186990174,0,0,0,0,buy,True,0,0,0,0,-22.87922318187955,9941.077996524991,1110.7659031158964,431.6644291377156,0.0,1.3237121167143797,9941.077996524991,431443.70239198854,10779.390772482371
1023,7500.32,7500.32,7727.775670588573,0.0015941494903433822,0,0,0,0,buy,True,0,0,0,0,-22.87922318187955,9928.264463235197,1096.4447028572868,431.6644291377156,0.0,1.3237121167143797,9928.264463235197,431443.70239198854,10779.390772482371
1024,7541.59,7541.59,7727.775670588573,0.0011774385993331754,0,0,0,0,buy,True,0,0,0,0,-22.87922318187955,9982.894062292,1157.5021341251413,431.6644291377156,0.0,1.3237121167143797,9982.894062292,431443.70239198854,10779.390772482371
1025,7524.79,7524.79,7727.775670588573,0.0017471277615066366,0,0,0,0,buy,True,0,0,0,0,-22.87922318187955,9960.655698731198,1132.6471584697028,431.6644291377156,0.0,1.3237121167143797,9960.655698731198,431443.70239198854,10779.390772482371
1026,7567.02,7567.02,7727.775670588573,0.0014596391710603185,0,0,0,0,buy,True,0,0,0,0,-22.87922318187955,10016.556061420046,1195.1248740607261,431.6644291377156,0.0,1.3237121167143797,10016.556061420046,431443.70239198854,10779.390772482371
1027,7506.04,7506.04,7727.775670588573,0.0013858499257619447,0,0,0,0,buy,True,0,0,0,0,-22.87922318187955,9935.836096542802,1104.907230282828,431.6644291377156,0.0,1.3237121167143797,9935.836096542802,431443.70239198854,10779.390772482371
1028,7507.63,7507.63,7727.775670588573,0.00142285916666929,0,0,0,0,hold,False,0,0,0.0002118294067178675,0,-22.87901135247283,9937.940798808379,1107.2595761930752,431.6644291377156,0.0,1.3237121167143797,9937.940798808379,431443.70239198854,10779.390772482371
1029,7537.43,7537.43,7727.775670588573,0.0015036367532594859,0,0,0,0,buy,True,0,0,0,0,-22.87901135247283,9977.387419886467,1151.3475687247483,431.6644291377156,0.0,1.3237121167143797,9977.387419886467,431443.70239198854,10779.390772482371
1030,7533.73,7533.73,7727.775670588573,0.0016300670618406665,0,0,0,0,buy,True,0,0,0,0,-22.87901135247283,9972.489685054623,1145.873556229204,431.6644291377156,0.0,1.3237121167143797,9972.489685054623,431443.70239198854,10779.390772482371
1031,7529.1,7529.1,7727.775670588573,0.001308384600032142,0,0,0,0,buy,True,0,0,0,0,-22.87901135247283,9966.360897954237,1139.0236432955917,431.6644291377156,0.0,1.3237121167143797,9966.360897954237,431443.70239198854,10779.390772482371
1032,7546.48,7546.48,7727.775670588573,0.0010949275934018284,0,0,0,0,buy,True,0,0,0,0,-22.87901135247283,9989.367014542731,1164.7367073962778,431.6644291377156,0.0,1.3237121167143797,9989.367014542731,431443.70239198854,10779.390772482371
1033,7525.71,7525.71,7727.775670588573,0.0010012403474427521,0,0,0,0,hold,False,0,0,-0.00275227655807736,0,-22.881763629030907,9961.873513878574,1134.008264279406,431.6644291377156,0.0,1.3237121167143797,9961.873513878574,431443.70239198854,10779.390772482371
1034,7385.16,7385.16,7727.775670588573,0.0019431894814990964,0,0,0,0,buy,True,0,0,0,0,-22.881763629030907,9775.825775874368,926.0697625905977,431.6644291377156,0.0,1.3237121167143797,9775.825775874368,431443.70239198854,10779.390772482371
1035,7340.0,7340.0,7727.775670588573,0.0018667325692799267,0,0,0,0,hold,False,0,0,-0.006114965687947017,0,-22.887878594718853,9716.046936683548,859.2572208882393,431.6644291377156,0.0,1.3237121167143797,9716.046936683548,431443.70239198854,10779.390772482371
1036,7340.0,7340.0,7727.775670588573,0.0014034968720912483,0,0,0,0,buy,True,0,0,0,0,-22.887878594718853,9716.046936683548,859.2572208882393,431.6644291377156,0.0,1.3237121167143797,9716.046936683548,431443.70239198854,10779.390772482371
1037,7325.91,7325.91,7727.775670588573,0.001094247536005082,0,0,0,0,buy,True,0,0,0,0,-22.887878594718853,9697.39583295904,838.4115895200757,431.6644291377156,0.0,1.3237121167143797,9697.39583295904,431443.70239198854,10779.390772482371
1038,7363.39,7363.39,7727.775670588573,0.001467899067294927,0,0,0,0,buy,True,0,0,0,0,-22.887878594718853,9747.008563093497,893.8618566370933,431.6644291377156,0.0,1.3237121167143797,9747.008563093497,431443.70239198854,10779.390772482371
1039,7325.0,7325.0,7727.775670588573,0.001386640526793152,0,0,0,0,buy,True,0,0,0,0,-22.887878594718853,9696.191254932832,837.0652783387413,431.6644291377156,0.0,1.3237121167143797,9696.191254932832,431443.70239198854,10779.390772482371
1040,7358.0,7358.0,7727.775670588573,0.0015065673000648435,0,0,0,0,buy,True,0,0,0,0,-22.887878594718853,9739.873754784407,885.8875519476387,431.6644291377156,0.0,1.3237121167143797,9739.873754784407,431443.70239198854,10779.390772482371
1041,7398.68,7398.68,7727.775670588573,0.0017916638498983945,0,0,0,0,buy,True,0,0,0,0,-22.887878594718853,9793.722363692348,946.0721001418806,431.6644291377156,0.0,1.3237121167143797,9793.722363692348,431443.70239198854,10779.390772482371
1042,7376.02,7376.02,7727.775670588573,0.0016797103454153075,0,0,0,0,buy,True,0,0,0,0,-22.887878594718853,9763.727047127599,912.54747226377,431.6644291377156,0.0,1.3237121167143797,9763.727047127599,431443.70239198854,10779.390772482371
1043,7359.89,7359.89,7727.775670588573,0.0019995862241288615,0,0,0,0,buy,True,0,0,0,0,-22.887878594718853,9742.375570684997,888.6837367088756,431.6644291377156,0.0,1.3237121167143797,9742.375570684997,431443.70239198854,10779.390772482371
1044,7353.0,7353.0,7727.775670588573,0.0010732458525409664,0,0,0,0,buy,True,0,0,0,0,-22.887878594718853,9733.255194200834,878.4902377644721,431.6644291377156,0.0,1.3237121167143797,9733.255194200834,431443.70239198854,10779.390772482371
1045,7359.94,7359.94,7727.775670588573,0.001324488427300364,0,0,0,0,hold,False,0,0,0.0009438324493403335,0,-22.88693476226951,9742.441756290831,888.7577098507063,431.6644291377156,0.0,1.3237121167143797,9742.441756290831,431443.70239198854,10779.390772482371
1046,7394.0,7394.0,7727.775670588573,0.0018454467304438258,0,0,0,0,hold,False,0,0,0.004627755117569046,0,-22.882307007151944,9787.527390986124,939.1482140664357,431.6644291377156,0.0,1.3237121167143797,9787.527390986124,431443.70239198854,10779.390772482371
1047,7439.96,7439.96,7727.775670588573,0.0015169625441079147,0,0,0,0,hold,False,0,0,0.006215850689748433,0,-22.876091156462195,9848.365199870317,1007.144326038102,431.6644291377156,0.0,1.3237121167143797,9848.365199870317,431443.70239198854,10779.390772482371
1048,7470.22,7470.22,7727.775670588573,0.0013937561376544054,0,0,0,0,buy,True,0,0,0,0,-22.876091156462195,9888.420728522095,1051.9128714746257,431.6644291377156,0.0,1.3237121167143797,9888.420728522095,431443.70239198854,10779.390772482371
1049,7480.0,7480.0,7727.775670588573,0.0016422360995649427,0,0,0,0,buy,True,0,0,0,0,-22.876091156462195,9901.366633023561,1066.3820180168987,431.6644291377156,0.0,1.3237121167143797,9901.366633023561,431443.70239198854,10779.390772482371
1050,7472.48,7472.48,7727.775670588573,0.0017646515522970153,0,0,0,0,buy,True,0,0,0,0,-22.876091156462195,9891.412317905868,1055.256457485415,431.6644291377156,0.0,1.3237121167143797,9891.412317905868,431443.70239198854,10779.390772482371
1051,7528.0,7528.0,7727.775670588573,0.001960425830456764,0,0,0,0,buy,True,0,0,0,0,-22.876091156462195,9964.90481462585,1137.3962341752958,431.6644291377156,0.0,1.3237121167143797,9964.90481462585,431443.70239198854,10779.390772482371
1052,7470.54,7470.54,7727.775670588573,0.0018769528909131838,0,0,0,0,buy,True,0,0,0,0,-22.876091156462195,9888.844316399442,1052.3862995823474,431.6644291377156,0.0,1.3237121167143797,9888.844316399442,431443.70239198854,10779.390772482371
1053,7375.85,7375.85,7727.775670588573,0.0017129324482809856,0,0,0,0,buy,True,0,0,0,0,-22.876091156462195,9763.502016067758,912.2959635815423,431.6644291377156,0.0,1.3237121167143797,9763.502016067758,431443.70239198854,10779.390772482371
1054,7389.99,7379.964605162776,0,0.0013566181871996316,1.3237121167143797,9759.179620208442,9.768948568777219,-470.17067020024297,sell,False,0,0,-1.0,0,-23.876091156462195,9759.179620208442,933.2155680915366,441.4333777064928,9759.179620208442,0.0,0.0,441212.6509607658,10779.390772482371
1055,7410.69,7410.69,0,0.001535710111617088,0,0,0,0,sell,True,0,0,0,0,-23.876091156462195,9759.179620208442,963.8404488098458,441.4333777064928,9759.179620208442,0.0,0.0,441212.6509607658,10779.390772482371
1056,7423.12,7423.12,0,0.0015094530856083173,0,0,0,0,sell,True,0,0,0,0,-23.876091156462195,9759.179620208442,982.2301718691979,441.4333777064928,9759.179620208442,0.0,0.0,441212.6509607658,10779.390772482371
1057,7418.78,7418.78,0,0.001184747271828343,0,0,0,0,sell,True,0,0,0,0,-23.876091156462195,9759.179620208442,975.8093031582084,441.4333777064928,9759.179620208442,0.0,0.0,441212.6509607658,10779.390772482371
1058,7456.25,7456.25,0,0.0014095143633943144,0,0,0,0,sell,True,0,0,0,0,-23.876091156462195,9759.179620208442,1031.2447756468573,441.4333777064928,9759.179620208442,0.0,0.0,441212.6509607658,10779.390772482371
1059,7487.37,7487.37,0,0.0016161727226206594,0,0,0,0,sell,True,0,0,0,0,-23.876091156462195,9759.179620208442,1077.2856591228847,441.4333777064928,9759.179620208442,0.0,0.0,441212.6509607658,10779.390772482371
1060,7470.0,7470.0,0,0.0012806477177697648,0,0,0,0,sell,True,0,0,0,0,-23.876091156462195,9759.179620208442,1051.5873896505655,441.4333777064928,9759.179620208442,0.0,0.0,441212.6509607658,10779.390772482371
1061,7456.05,7456.05,0,0.0015724447584882944,0,0,0,0,sell,True,0,0,0,0,-23.876091156462195,9759.179620208442,1030.9488830795308,441.4333777064928,9759.179620208442,0.0,0.0,441212.6509607658,10779.390772482371
1062,7464.3,7464.3,0,0.001749680947410798,0,0,0,0,sell,True,0,0,0,0,-23.876091156462195,9759.179620208442,1043.154451481756,441.4333777064928,9759.179620208442,0.0,0.0,441212.6509607658,10779.390772482371
1063,7440.0,7440.0,0,0.0012571205940034476,0,0,0,0,hold,False,0,0,0,0,-23.876091156462195,9759.179620208442,1007.2035045515677,441.4333777064928,9759.179620208442,0.0,0.0,441212.6509607658,10779.390772482371
1064,7420.01,7420.01,0,0.0016031635341073997,0,0,0,0,sell,True,0,0,0,0,-23.876091156462195,9759.179620208442,977.6290424472681,441.4333777064928,9759.179620208442,0.0,0.0,441212.6509607658,10779.390772482371
1065,7448.66,7448.66,0,0.001685949365635969,0,0,0,0,hold,False,0,0,0,0,-23.876091156462195,9759.179620208442,1020.015652716811,441.4333777064928,9759.179620208442,0.0,0.0,441212.6509607658,10779.390772482371
1066,7464.56,7464.56,0,0.001439165725199901,0,0,0,0,hold,False,0,0,0,0,-23.876091156462195,9759.179620208442,1043.5391118192802,441.4333777064928,9759.179620208442,0.0,0.0,441212.6509607658,10779.390772482371
1067,7459.35,7459.35,0,0.0014944368768866412,0,0,0,0,hold,False,0,0,0,0,-23.876091156462195,9759.179620208442,1035.831110440422,441.4333777064928,9759.179620208442,0.0,0.0,441212.6509607658,10779.390772482371
1068,7405.14,7405.14,0,0.0014275960187879076,0,0,0,0,hold,False,0,0,0,0,-23.876091156462195,9759.179620208442,955.6294300665322,441.4333777064928,9759.179620208442,0.0,0.0,441212.6509607658,10779.390772482371
1069,7398.57,7398.57,0,0.0014662942784173121,0,0,0,0,sell,True,0,0,0,0,-23.876091156462195,9759.179620208442,945.9093592298505,441.4333777064928,9759.179620208442,0.0,0.0,441212.6509607658,10779.390772482371
1070,7255.0,7255.0,0,0.001545114201639009,0,0,0,0,sell,True,0,0,0,0,-23.876091156462195,9759.179620208442,733.5028797744108,441.4333777064928,9759.179620208442,0.0,0.0,441212.6509607658,10779.390772482371
1071,7260.1,7260.1,0,0.0015831671114571225,0,0,0,0,hold,False,0,0,0,0,-23.876091156462195,9759.179620208442,741.0481402412406,441.4333777064928,9759.179620208442,0.0,0.0,441212.6509607658,10779.390772482371
1072,7070.0,7070.0,0,0.001675509526482107,0,0,0,0,hold,False,0,0,0,0,-23.876091156462195,9759.179620208442,459.80225499725566,441.4333777064928,9759.179620208442,0.0,0.0,441212.6509607658,10779.390772482371
1073,6981.44,6981.44,0,0.0010598984753981868,0,0,0,0,sell,True,0,0,0,0,-23.876091156462195,9759.179620208442,328.7810261850118,441.4333777064928,9759.179620208442,0.0,0.0,441212.6509607658,10779.390772482371
1074,6990.8,6990.8,0,0.0019006259428050642,0,0,0,0,hold,False,0,0,0,0,-23.876091156462195,9759.179620208442,342.6287983358998,441.4333777064928,9759.179620208442,0.0,0.0,441212.6509607658,10779.390772482371
1075,6987.0,6987.0,0,0.0017313188147923435,0,0,0,0,sell,True,0,0,0,0,-23.876091156462195,9759.179620208442,337.0068395566941,441.4333777064928,9759.179620208442,0.0,0.0,441212.6509607658,10779.390772482371
1076,6985.77,6985.77,0,0.001533849641775276,0,0,0,0,hold,False,0,0,0,0,-23.876091156462195,9759.179620208442,335.1871002676344,441.4333777064928,9759.179620208442,0.0,0.0,441212.6509607658,10779.390772482371
1077,6995.0,6995.0,0,0.001665931485420946,0,0,0,0,hold,False,0,0,0,0,-23.876091156462195,9759.179620208442,348.8425422497603,441.4333777064928,9759.179620208442,0.0,0.0,441212.6509607658,10779.390772482371
1078,6983.82,6983.82,0,0.0018622886950850795,0,0,0,0,hold,False,0,0,0,0,-23.876091156462195,9759.179620208442,332.3021477361999,441.4333777064928,9759.179620208442,0.0,0.0,441212.6509607658,10779.390772482371
1079,6990.0,6990.0,0,0.0018856021993076963,0,0,0,0,hold,False,0,0,0,0,-23.876091156462195,9759.179620208442,341.4452280665937,441.4333777064928,9759.179620208442,0.0,0.0,441212.6509607658,10779.390772482371
1080,7008.26,7008.26,0,0.0010447092786208829,0,0,0,0,hold,False,0,0,0,0,-23.876091156462195,9759.179620208442,368.4602194635172,441.4333777064928,9759.179620208442,0.0,0.0,441212.6509607658,10779.390772482371
1081,7009.84,7009.84,0,0.0014526843155841678,0,0,0,0,sell,True,0,0,0,0,-23.876091156462195,9759.179620208442,370.79777074539743,441.4333777064928,9759.179620208442,0.0,0.0,441212.6509607658,10779.390772482371
1082,6910.03,6910.03,0,0.0011351699834353073,0,0,0,0,sell,True,0,0,0,0,-23.876091156462195,9759.179620208442,223.13258502103054,441.4333777064928,9759.179620208442,0.0,0.0,441212.6509607658,10779.390772482371
1083,6934.05,6934.05,0,0.0018988721625962652,0,0,0,0,hold,False,0,0,0,0,-23.876091156462195,9759.179620208442,258.66928235696105,441.4333777064928,9759.179620208442,0.0,0.0,441212.6509607658,10779.390772482371
1084,6944.88,6944.88,0,0.0013657636884384827,0,0,0,0,sell,True,0,0,0,0,-23.876091156462195,9759.179620208442,274.69186487770094,441.4333777064928,9759.179620208442,0.0,0.0,441212.6509607658,10779.390772482371
1085,7011.14,7011.14,0,0.0011412175439764385,0,0,0,0,hold,False,0,0,0,0,-23.876091156462195,9759.179620208442,372.7210724330216,441.4333777064928,9759.179620208442,0.0,0.0,441212.6509607658,10779.390772482371
1086,6981.5,6981.5,0,0.0016888441781543044,0,0,0,0,sell,True,0,0,0,0,-23.876091156462195,9759.179620208442,328.8697939552112,441.4333777064928,9759.179620208442,0.0,0.0,441212.6509607658,10779.390772482371
1087,6986.02,6986.02,0,0.001102889144941787,0,0,0,0,sell,True,0,0,0,0,-23.876091156462195,9759.179620208442,335.55696597679344,441.4333777064928,9759.179620208442,0.0,0.0,441212.6509607658,10779.390772482371
1088,6966.26,6966.26,0,0.001852776053958461,0,0,0,0,sell,True,0,0,0,0,-23.876091156462195,9759.179620208442,306.3227803249192,441.4333777064928,9759.179620208442,0.0,0.0,441212.6509607658,10779.390772482371
1089,6942.0,6942.0,0,0.001991398308831464,0,0,0,0,sell,True,0,0,0,0,-23.876091156462195,9759.179620208442,270.4310119081965,441.4333777064928,9759.179620208442,0.0,0.0,441212.6509607658,10779.390772482371
1090,6994.23,6994.23,0,0.0013168166254282762,0,0,0,0,sell,True,0,0,0,0,-23.876091156462195,9759.179620208442,347.7033558655512,441.4333777064928,9759.179620208442,0.0,0.0,441212.6509607658,10779.390772482371
1091,7067.58,7067.58,0,0.0016994860967195354,0,0,0,0,sell,True,0,0,0,0,-23.876091156462195,9759.179620208442,456.2219549326019,441.4333777064928,9759.179620208442,0.0,0.0,441212.6509607658,10779.390772482371
1092,7047.55,7047.55,0,0.0015075912544015295,0,0,0,0,sell,True,0,0,0,0,-23.876091156462195,9759.179620208442,426.5883143148385,441.4333777064928,9759.179620208442,0.0,0.0,441212.6509607658,10779.390772482371
1093,7025.24,7025.24,0,0.0013465106859630689,0,0,0,0,sell,True,0,0,0,0,-23.876091156462195,9759.179620208442,393.58149842955027,441.4333777064928,9759.179620208442,0.0,0.0,441212.6509607658,10779.390772482371
1094,7041.78,7041.78,0,0.0013504055678912085,0,0,0,0,sell,True,0,0,0,0,-23.876091156462195,9759.179620208442,418.0518137474646,441.4333777064928,9759.179620208442,0.0,0.0,441212.6509607658,10779.390772482371
1095,6969.93,6969.93,0,0.0014015920673607794,0,0,0,0,sell,True,0,0,0,0,-23.876091156462195,9759.179620208442,311.75240893536466,441.4333777064928,9759.179620208442,0.0,0.0,441212.6509607658,10779.390772482371
1096,6920.0,6920.0,0,0.001071765934120669,0,0,0,0,sell,True,0,0,0,0,-23.876091156462195,9759.179620208442,237.88282950226494,441.4333777064928,9759.179620208442,0.0,0.0,441212.6509607658,10779.390772482371
1097,6999.44,6999.44,0,0.0010366285081288493,0,0,0,0,sell,True,0,0,0,0,-23.876091156462195,9759.179620208442,355.4113572444112,441.4333777064928,9759.179620208442,0.0,0.0,441212.6509607658,10779.390772482371
1098,7010.01,7010.01,0,0.0018651928328255222,0,0,0,0,sell,True,0,0,0,0,-23.876091156462195,9759.179620208442,371.04927942762515,441.4333777064928,9759.179620208442,0.0,0.0,441212.6509607658,10779.390772482371
1099,6983.04,6983.04,0,0.001457724559583237,0,0,0,0,sell,True,0,0,0,0,-23.876091156462195,9759.179620208442,331.14816672362576,441.4333777064928,9759.179620208442,0.0,0.0,441212.6509607658,10779.390772482371
1100,7014.7,7014.7,0,0.001909015269341493,0,0,0,0,hold,False,0,0,0,0,-23.876091156462195,9759.179620208442,377.9879601314351,441.4333777064928,9759.179620208442,0.0,0.0,441212.6509607658,10779.390772482371
1101,7017.18,7017.18,0,0.0017971268192147488,0,0,0,0,sell,True,0,0,0,0,-23.876091156462195,9759.179620208442,381.6570279662865,441.4333777064928,9759.179620208442,0.0,0.0,441212.6509607658,10779.390772482371
1102,7063.09,7063.09,0,0.001934897518055003,0,0,0,0,sell,True,0,0,0,0,-23.876091156462195,9759.179620208442,449.57916679612026,441.4333777064928,9759.179620208442,0.0,0.0,441212.6509607658,10779.390772482371
1103,7050.0,7050.0,0,0.0019209221992755017,0,0,0,0,sell,True,0,0,0,0,-23.876091156462195,9759.179620208442,430.21299826458926,441.4333777064928,9759.179620208442,0.0,0.0,441212.6509607658,10779.390772482371
1104,7027.45,7027.45,0,0.0017207560402383163,0,0,0,0,hold,False,0,0,0,0,-23.876091156462195,9759.179620208442,396.85111129850884,441.4333777064928,9759.179620208442,0.0,0.0,441212.6509607658,10779.390772482371
1105,7024.19,7024.19,0,0.0015794329024220108,0,0,0,0,sell,True,0,0,0,0,-23.876091156462195,9759.179620208442,392.02806245108513,441.4333777064928,9759.179620208442,0.0,0.0,441212.6509607658,10779.390772482371
1106,7043.02,7043.02,0,0.0017289556012826503,0,0,0,0,sell,True,0,0,0,0,-23.876091156462195,9759.179620208442,419.8863476648894,441.4333777064928,9759.179620208442,0.0,0.0,441212.6509607658,10779.390772482371
1107,7122.18,7131.888492411338,7139.027519931269,0.001363134940613426,1.3670180697527832,9759.179620208442,9.759179620208442,0,buy,False,0,0,0,0,-23.876091156462195,9736.148756031878,537.0006258127796,451.19255732670126,0.0,1.3670180697527832,9736.148756031878,450962.07140135404,10779.390772482371
1108,7136.82,7136.82,7139.027519931269,0.0017651522556614955,0,0,0,0,buy,True,0,0,0,0,-23.876091156462195,9756.161900573057,558.6599617410902,451.19255732670126,0.0,1.3670180697527832,9756.161900573057,450962.07140135404,10779.390772482371
1109,7087.99,7087.99,7139.027519931269,0.001290692246117307,0,0,0,0,buy,True,0,0,0,0,-23.876091156462195,9689.41040822703,486.4177914282882,451.19255732670126,0.0,1.3670180697527832,9689.41040822703,450962.07140135404,10779.390772482371
1110,7078.87,7078.87,7139.027519931269,0.001608255143920529,0,0,0,0,buy,True,0,0,0,0,-23.876091156462195,9676.943203430885,472.9250903581924,451.19255732670126,0.0,1.3670180697527832,9676.943203430885,450962.07140135404,10779.390772482371
1111,7088.16,7088.16,7139.027519931269,0.001514291297834973,0,0,0,0,buy,True,0,0,0,0,-23.876091156462195,9689.642801298887,486.6693001105159,451.19255732670126,0.0,1.3670180697527832,9689.642801298887,450962.07140135404,10779.390772482371
1112,7076.94,7064.6802315895675,0,0.001732354437148297,1.3670180697527832,9647.887988074608,9.657545533608216,-111.29163213383436,sell,False,0,0,-1.0,0,-24.876091156462195,9647.887988074608,470.06972708348985,460.8501028603095,9647.887988074608,0.0,0.0,460619.6169349623,10779.390772482371
1113,7015.0,7015.0,0,0.0012820569221378237,0,0,0,0,hold,False,0,0,0,0,-24.876091156462195,9647.887988074608,378.4317989824249,460.8501028603095,9647.887988074608,0.0,0.0,460619.6169349623,10779.390772482371
1114,6971.58,6971.58,0,0.0011515739038189753,0,0,0,0,hold,False,0,0,0,0,-24.876091156462195,9647.887988074608,314.1935226158075,460.8501028603095,9647.887988074608,0.0,0.0,460619.6169349623,10779.390772482371
1115,6963.47,6963.47,0,0.0013526506081851233,0,0,0,0,hold,False,0,0,0,0,-24.876091156462195,9647.887988074608,302.195079010713,460.8501028603095,9647.887988074608,0.0,0.0,460619.6169349623,10779.390772482371
1116,6979.63,6979.63,0,0.0014029000766030287,0,0,0,0,hold,False,0,0,0,0,-24.876091156462195,9647.887988074608,326.10319845070626,460.8501028603095,9647.887988074608,0.0,0.0,460619.6169349623,10779.390772482371
1117,6980.0,6980.0,0,0.0017295688660394926,0,0,0,0,hold,False,0,0,0,0,-24.876091156462195,9647.887988074608,326.6505997002605,460.8501028603095,9647.887988074608,0.0,0.0,460619.6169349623,10779.390772482371
1118,6965.27,6965.27,0,0.0018971345033513252,0,0,0,0,sell,True,0,0,0,0,-24.876091156462195,9647.887988074608,304.8581121166535,460.8501028603095,9647.887988074608,0.0,0.0,460619.6169349623,10779.390772482371
1119,6928.36,6928.36,0,0.001776421837038595,0,0,0,0,hold,False,0,0,0,0,-24.876091156462195,9647.887988074608,250.2511388165185,460.8501028603095,9647.887988074608,0.0,0.0,460619.6169349623,10779.390772482371
1120,6945.35,6945.35,0,0.0012208296848694596,0,0,0,0,sell,True,0,0,0,0,-24.876091156462195,9647.887988074608,275.38721241091844,460.8501028603095,9647.887988074608,0.0,0.0,460619.6169349623,10779.390772482371
1121,6972.94,6972.94,0,0.0012361559822741115,0,0,0,0,sell,True,0,0,0,0,-24.876091156462195,9647.887988074608,316.2055920736293,460.8501028603095,9647.887988074608,0.0,0.0,460619.6169349623,10779.390772482371
1122,6917.8,6917.8,0,0.0012503607608383707,0,0,0,0,sell,True,0,0,0,0,-24.876091156462195,9647.887988074608,234.62801126167142,460.8501028603095,9647.887988074608,0.0,0.0,460619.6169349623,10779.390772482371
1123,6925.42,6925.42,0,0.0013889967481667724,0,0,0,0,sell,True,0,0,0,0,-24.876091156462195,9647.887988074608,245.9015180768165,460.8501028603095,9647.887988074608,0.0,0.0,460619.6169349623,10779.390772482371
1124,6923.88,6923.88,0,0.0015490035409938497,0,0,0,0,sell,True,0,0,0,0,-24.876091156462195,9647.887988074608,243.62314530840194,460.8501028603095,9647.887988074608,0.0,0.0,460619.6169349623,10779.390772482371
1125,6942.89,6942.89,0,0.0010466101376193687,0,0,0,0,sell,True,0,0,0,0,-24.876091156462195,9647.887988074608,271.7477338328008,460.8501028603095,9647.887988074608,0.0,0.0,460619.6169349623,10779.390772482371
1126,6923.0,6923.0,0,0.0012978656883615586,0,0,0,0,sell,True,0,0,0,0,-24.876091156462195,9647.887988074608,242.32121801216454,460.8501028603095,9647.887988074608,0.0,0.0,460619.6169349623,10779.390772482371
1127,6864.95,6864.95,0,0.0017965688108322233,0,0,0,0,sell,True,0,0,0,0,-24.876091156462195,9647.887988074608,156.43840034560162,460.8501028603095,9647.887988074608,0.0,0.0,460619.6169349623,10779.390772482371
1128,6875.99,6875.99,0,0.001314095820779126,0,0,0,0,sell,True,0,0,0,0,-24.876091156462195,9647.887988074608,172.77167006203308,460.8501028603095,9647.887988074608,0.0,0.0,460619.6169349623,10779.390772482371
1129,6934.82,6934.82,0,0.0016702375217239492,0,0,0,0,sell,True,0,0,0,0,-24.876091156462195,9647.887988074608,259.8084687411683,460.8501028603095,9647.887988074608,0.0,0.0,460619.6169349623,10779.390772482371
1130,6960.42,6960.42,0,0.0014618851974511782,0,0,0,0,hold,False,0,0,0,0,-24.876091156462195,9647.887988074608,297.6827173589809,460.8501028603095,9647.887988074608,0.0,0.0,460619.6169349623,10779.390772482371
1131,6918.25,6918.25,0,0.0011118174664844804,0,0,0,0,hold,False,0,0,0,0,-24.876091156462195,9647.887988074608,235.29376953815517,460.8501028603095,9647.887988074608,0.0,0.0,460619.6169349623,10779.390772482371
1132,6944.12,6944.12,0,0.0014227557169833832,0,0,0,0,hold,False,0,0,0,0,-24.876091156462195,9647.887988074608,273.5674731218587,460.8501028603095,9647.887988074608,0.0,0.0,460619.6169349623,10779.390772482371
1133,6935.99,6935.99,0,0.0017194680765732042,0,0,0,0,sell,True,0,0,0,0,-24.876091156462195,9647.887988074608,261.53944026003046,460.8501028603095,9647.887988074608,0.0,0.0,460619.6169349623,10779.390772482371
1134,6963.73,6973.676777560683,6980.657434995679,0.0014283692160212153,1.3820887327470726,9647.887988074608,9.647887988074608,0,buy,False,0,0,0,0,-24.876091156462195,9624.492770892772,302.5797393482371,470.4979908483841,0.0,1.3820887327470726,9624.492770892772,470257.85703504883,10779.390772482371
1135,6935.09,6935.09,6980.657434995679,0.0012400154779245104,0,0,0,0,buy,True,0,0,0,0,-24.876091156462195,9584.909749586895,260.2079237070611,470.4979908483841,0.0,1.3820887327470726,9584.909749586895,470257.85703504883,10779.390772482371
1136,6946.99,6946.99,6980.657434995679,0.0015528986177559992,0,0,0,0,hold,False,0,0,0.0017159114012940111,0,-24.8743752450609,9601.356605506586,277.81353146299625,470.4979908483841,0.0,1.3820887327470726,9601.356605506586,470257.85703504883,10779.390772482371
1137,7028.0,7014.614118271882,0,0.0019046502174327933,1.3820887327470726,9685.124318294676,9.694819137432109,37.23633022006834,sell,False,0,0,-1.0,0,-25.8743752450609,9685.124318294676,397.6648158586577,480.1928099858162,9685.124318294676,0.0,0.0,479952.6761724809,10779.390772482371
1138,7044.0,7044.0,0,0.0012711042174551692,0,0,0,0,sell,True,0,0,0,0,-25.8743752450609,9685.124318294676,421.33622124479007,480.1928099858162,9685.124318294676,0.0,0.0,479952.6761724809,10779.390772482371
1139,7062.96,7062.96,0,0.0011960560224766614,0,0,0,0,hold,False,0,0,0,0,-25.8743752450609,9685.124318294676,449.3868366273564,480.1928099858162,9685.124318294676,0.0,0.0,479952.6761724809,10779.390772482371
1140,7054.17,7054.17,0,0.0019051685344574421,0,0,0,0,hold,False,0,0,0,0,-25.8743752450609,9685.124318294676,436.382358293351,480.1928099858162,9685.124318294676,0.0,0.0,479952.6761724809,10779.390772482371
1141,7087.99,7087.99,0,0.0018314659807124373,0,0,0,0,sell,True,0,0,0,0,-25.8743752450609,9685.124318294676,486.4177914282882,480.1928099858162,9685.124318294676,0.0,0.0,479952.6761724809,10779.390772482371
1142,7123.66,7123.66,0,0.0011409952629237085,0,0,0,0,hold,False,0,0,0,0,-25.8743752450609,9685.124318294676,539.1902308109966,480.1928099858162,9685.124318294676,0.0,0.0,479952.6761724809,10779.390772482371
1143,7058.57,7058.57,0,0.0015694359039636696,0,0,0,0,sell,True,0,0,0,0,-25.8743752450609,9685.124318294676,442.8919947745362,480.1928099858162,9685.124318294676,0.0,0.0,479952.6761724809,10779.390772482371
1144,7093.86,7093.86,0,0.0017601682156610024,0,0,0,0,hold,False,0,0,0,0,-25.8743752450609,9685.124318294676,495.1022382793253,480.1928099858162,9685.124318294676,0.0,0.0,479952.6761724809,10779.390772482371
1145,7115.06,7122.315983579564,7129.445429008574,0.0010198063796459207,1.358468118556242,9685.124318294676,9.685124318294676,0,buy,False,0,0,0,0,-25.8743752450609,9665.582171614775,526.4668504159508,489.8779343041109,0.0,1.358468118556242,9665.582171614775,489628.1153664573,10779.390772482371
1146,7123.6,7123.6,7129.445429008574,0.0016509215314075426,0,0,0,0,buy,True,0,0,0,0,-25.8743752450609,9677.183489347246,539.101463040799,489.8779343041109,0.0,1.358468118556242,9677.183489347246,489628.1153664573,10779.390772482371
1147,7116.41,7116.41,7129.445429008574,0.0014196536814609063,0,0,0,0,hold,False,0,0,-0.001009321129765945,0,-25.875384566190665,9667.416103574826,528.4641252454057,489.8779343041109,0.0,1.358468118556242,9667.416103574826,489628.1153664573,10779.390772482371
1148,7104.89,7104.89,7129.445429008574,0.0012012768997246262,0,0,0,0,buy,True,0,0,0,0,-25.875384566190665,9651.766550849059,511.4207133673917,489.8779343041109,0.0,1.358468118556242,9651.766550849059,489628.1153664573,10779.390772482371
1149,7002.06,7002.06,7129.445429008574,0.0012567612888288772,0,0,0,0,buy,True,0,0,0,0,-25.875384566190665,9512.07527421792,359.2875498763915,489.8779343041109,0.0,1.358468118556242,9512.07527421792,489628.1153664573,10779.390772482371
1150,6875.01,6875.01,7129.445429008574,0.0010955913751438191,0,0,0,0,buy,True,0,0,0,0,-25.875384566190665,9339.481899755348,171.32179648213423,489.8779343041109,0.0,1.358468118556242,9339.481899755348,489628.1153664573,10779.390772482371
1151,6755.41,6755.41,7129.445429008574,0.001802075704483396,0,0,0,0,buy,True,0,0,0,0,-25.875384566190665,9177.009112776022,-5.621958779207489,489.8779343041109,0.0,1.358468118556242,9177.009112776022,489628.1153664573,10779.390772482371
1152,6753.14,6753.14,7129.445429008574,0.001443451582199671,0,0,0,0,hold,False,0,0,-0.0003360269768970002,0,-25.87572059316756,9173.9253901469,-8.980339418363656,489.8779343041109,0.0,1.358468118556242,9173.9253901469,489628.1153664573,10779.390772482371
1153,6720.06,6720.06,7129.445429008574,0.0019938422743237096,0,0,0,0,buy,True,0,0,0,0,-25.87572059316756,9128.98726478506,-57.92097005419237,489.8779343041109,0.0,1.358468118556242,9128.98726478506,489628.1153664573,10779.390772482371
1154,6602.09,6602.09,7129.445429008574,0.001317492748453377,0,0,0,0,buy,True,0,0,0,0,-25.87572059316756,8968.72878083898,-232.4532008918195,489.8779343041109,0.0,1.358468118556242,8968.72878083898,489628.1153664573,10779.390772482371
1155,6579.9,6579.9,7129.445429008574,0.0012482677843099928,0,0,0,0,hold,False,0,0,-0.0033610568774432963,0,-25.879081650045006,8938.584373288217,-265.28248123671256,489.8779343041109,0.0,1.358468118556242,8938.584373288217,489628.1153664573,10779.390772482371
1156,6631.88,6631.88,7129.445429008574,0.0014420743703773553,0,0,0,0,hold,False,0,0,0.007899816106627808,0,-25.871181833938376,9009.19754609077,-188.38000298851512,489.8779343041109,0.0,1.358468118556242,9009.19754609077,489628.1153664573,10779.390772482371
1157,6588.57,6588.57,7129.445429008574,0.0014371007511740938,0,0,0,0,hold,False,0,0,-0.006530576548429756,0,-25.877712410486804,8950.3622918761,-252.45553844310234,489.8779343041109,0.0,1.358468118556242,8950.3622918761,489628.1153664573,10779.390772482371
1158,6504.41,6504.41,7129.445429008574,0.0011487506600511045,0,0,0,0,hold,False,0,0,-0.012773636767917906,0,-25.890486047254722,8836.033615018405,-376.96713077415916,489.8779343041109,0.0,1.358468118556242,8836.033615018405,489628.1153664573,10779.390772482371
1159,6536.32,6536.32,7129.445429008574,0.0013319469476151483,0,0,0,0,buy,True,0,0,0,0,-25.890486047254722,8879.382332681535,-329.75747165719076,489.8779343041109,0.0,1.358468118556242,8879.382332681535,489628.1153664573,10779.390772482371
1160,6546.82,6546.82,7129.445429008574,0.001570828374598884,0,0,0,0,buy,True,0,0,0,0,-25.890486047254722,8893.646247926376,-314.22311187254127,489.8779343041109,0.0,1.358468118556242,8893.646247926376,489628.1153664573,10779.390772482371
1161,6457.98,6457.98,7129.445429008574,0.0010025118312382822,0,0,0,0,buy,True,0,0,0,0,-25.890486047254722,8772.959940273839,-445.658590279043,489.8779343041109,0.0,1.358468118556242,8772.959940273839,489628.1153664573,10779.390772482371
1162,6515.0,6515.0,7129.445429008574,0.0014914942159238221,0,0,0,0,hold,False,0,0,0.008829386278681569,0,-25.88165666097604,8850.419792393915,-361.29961933421146,489.8779343041109,0.0,1.358468118556242,8850.419792393915,489628.1153664573,10779.390772482371
1163,6494.0,6494.0,7129.445429008574,0.0013534573705351832,0,0,0,0,buy,True,0,0,0,0,-25.88165666097604,8821.891961904235,-392.36833890351045,489.8779343041109,0.0,1.358468118556242,8821.891961904235,489628.1153664573,10779.390772482371
1164,6475.96,6475.96,7129.445429008574,0.0016501710913674225,0,0,0,0,buy,True,0,0,0,0,-25.88165666097604,8797.38519704548,-419.0578484763755,489.8779343041109,0.0,1.358468118556242,8797.38519704548,489628.1153664573,10779.390772482371
1165,6512.69,6512.69,7129.445429008574,0.001113026790997831,0,0,0,0,hold,False,0,0,0.005671745965077094,0,-25.875984915010964,8847.281731040051,-364.7171784868351,489.8779343041109,0.0,1.358468118556242,8847.281731040051,489628.1153664573,10779.390772482371
1166,6494.83,6494.83,7129.445429008574,0.0016588309537257646,0,0,0,0,buy,True,0,0,0,0,-25.875984915010964,8823.019490442637,-391.1403847491056,489.8779343041109,0.0,1.358468118556242,8823.019490442637,489628.1153664573,10779.390772482371
1167,6464.97,6464.97,7129.445429008574,0.0018513442515027386,0,0,0,0,buy,True,0,0,0,0,-25.875984915010964,8782.455632422549,-435.31714505097443,489.8779343041109,0.0,1.358468118556242,8782.455632422549,489628.1153664573,10779.390772482371
1168,6489.04,6489.04,7129.445429008574,0.0018793287748597098,0,0,0,0,buy,True,0,0,0,0,-25.875984915010964,8815.153960036196,-399.7064745732114,489.8779343041109,0.0,1.358468118556242,8815.153960036196,489628.1153664573,10779.390772482371
1169,6473.77,6473.77,7129.445429008574,0.0019451709264955341,0,0,0,0,buy,True,0,0,0,0,-25.875984915010964,8794.410151865843,-422.29787208860216,489.8779343041109,0.0,1.358468118556242,8794.410151865843,489628.1153664573,10779.390772482371
1170,6249.0,6249.0,7129.445429008574,0.001156102519278853,0,0,0,0,buy,True,0,0,0,0,-25.875984915010964,8489.067272857956,-754.8367338786629,489.8779343041109,0.0,1.358468118556242,8489.067272857956,489628.1153664573,10779.390772482371
1171,6235.48,6235.48,7129.445429008574,0.0018167181338023734,0,0,0,0,buy,True,0,0,0,0,-25.875984915010964,8470.700783895076,-774.8390714299458,489.8779343041109,0.0,1.358468118556242,8470.700783895076,489628.1153664573,10779.390772482371
1172,6264.78,6255.841649695014,0,0.001426762041921025,1.358468118556242,8489.863074411116,8.498361435846963,-1195.2612438835604,sell,False,0,0,-1.0,0,-26.875984915010964,8489.863074411116,-731.4908103165908,498.37629573995787,8489.863074411116,0.0,0.0,498126.47680230427,10779.390772482371
1173,6335.0,6335.0,0,0.0017071598100319029,0,0,0,0,sell,True,0,0,0,0,-26.875984915010964,8489.863074411116,-627.6029299282018,498.37629573995787,8489.863074411116,0.0,0.0,498126.47680230427,10779.390772482371
1174,6320.11,6320.11,0,0.0011106135002442116,0,0,0,0,sell,True,0,0,0,0,-26.875984915010964,8489.863074411116,-649.6321315656714,498.37629573995787,8489.863074411116,0.0,0.0,498126.47680230427,10779.390772482371
1175,6303.4,6303.4,0,0.0016386066846755675,0,0,0,0,sell,True,0,0,0,0,-26.875984915010964,8489.863074411116,-674.3539555658135,498.37629573995787,8489.863074411116,0.0,0.0,498126.47680230427,10779.390772482371
1176,6261.42,6261.42,0,0.0015253027019152107,0,0,0,0,hold,False,0,0,0,0,-26.875984915010964,8489.863074411116,-736.4618054476778,498.37629573995787,8489.863074411116,0.0,0.0,498126.47680230427,10779.390772482371
1177,6285.0,6285.0,0,0.001177935961654049,0,0,0,0,sell,True,0,0,0,0,-26.875984915010964,8489.863074411116,-701.576071759866,498.37629573995787,8489.863074411116,0.0,0.0,498126.47680230427,10779.390772482371
1178,6278.05,6278.05,0,0.0013225822953073787,0,0,0,0,sell,True,0,0,0,0,-26.875984915010964,8489.863074411116,-711.858338474467,498.37629573995787,8489.863074411116,0.0,0.0,498126.47680230427,10779.390772482371
1179,6326.99,6326.99,0,0.001531222207849622,0,0,0,0,sell,True,0,0,0,0,-26.875984915010964,8489.863074411116,-639.4534272496348,498.37629573995787,8489.863074411116,0.0,0.0,498126.47680230427,10779.390772482371
1180,6306.47,6306.47,0,0.0014303553332691067,0,0,0,0,sell,True,0,0,0,0,-26.875984915010964,8489.863074411116,-669.8120046573495,498.37629573995787,8489.863074411116,0.0,0.0,498126.47680230427,10779.390772482371
1181,6310.52,6310.52,0,0.0019032886233722982,0,0,0,0,sell,True,0,0,0,0,-26.875984915010964,8489.863074411116,-663.8201801689829,498.37629573995787,8489.863074411116,0.0,0.0,498126.47680230427,10779.390772482371
1182,6337.59,6337.59,0,0.001623060852895521,0,0,0,0,sell,True,0,0,0,0,-26.875984915010964,8489.863074411116,-623.7711211813221,498.37629573995787,8489.863074411116,0.0,0.0,498126.47680230427,10779.390772482371
1183,6344.73,6344.73,0,0.0012148117843612145,0,0,0,0,sell,True,0,0,0,0,-26.875984915010964,8489.863074411116,-613.2077565277614,498.37629573995787,8489.863074411116,0.0,0.0,498126.47680230427,10779.390772482371
1184,6348.32,6348.32,0,0.0013375247499794784,0,0,0,0,sell,True,0,0,0,0,-26.875984915010964,8489.863074411116,-607.8964849442473,498.37629573995787,8489.863074411116,0.0,0.0,498126.47680230427,10779.390772482371
1185,6311.99,6311.99,0,0.0010423925360734322,0,0,0,0,hold,False,0,0,0,0,-26.875984915010964,8489.863074411116,-661.6453697991346,498.37629573995787,8489.863074411116,0.0,0.0,498126.47680230427,10779.390772482371
1186,6303.97,6303.97,0,0.0017566234544686551,0,0,0,0,hold,False,0,0,0,0,-26.875984915010964,8489.863074411116,-673.5106617489328,498.37629573995787,8489.863074411116,0.0,0.0,498126.47680230427,10779.390772482371
1187,6332.15,6332.15,0,0.0012653781230593793,0,0,0,0,hold,False,0,0,0,0,-26.875984915010964,8489.863074411116,-631.8193990126074,498.37629573995787,8489.863074411116,0.0,0.0,498126.47680230427,10779.390772482371
1188,6334.99,6334.99,0,0.0016808533852750531,0,0,0,0,hold,False,0,0,0,0,-26.875984915010964,8489.863074411116,-627.6177245565686,498.37629573995787,8489.863074411116,0.0,0.0,498126.47680230427,10779.390772482371
1189,6310.83,6310.83,0,0.0019894485913155057,0,0,0,0,hold,False,0,0,0,0,-26.875984915010964,8489.863074411116,-663.3615466896281,498.37629573995787,8489.863074411116,0.0,0.0,498126.47680230427,10779.390772482371
1190,6254.13,6254.13,0,0.0015292631289341942,0,0,0,0,sell,True,0,0,0,0,-26.875984915010964,8489.863074411116,-747.2470895267343,498.37629573995787,8489.863074411116,0.0,0.0,498126.47680230427,10779.390772482371
1191,6416.21,6416.21,0,0.001488024654117777,0,0,0,0,hold,False,0,0,0,0,-26.875984915010964,8489.863074411116,-507.45575296521383,498.37629573995787,8489.863074411116,0.0,0.0,498126.47680230427,10779.390772482371
1192,6504.66,6504.66,0,0.0018498656015600516,0,0,0,0,hold,False,0,0,0,0,-26.875984915010964,8489.863074411116,-376.5972650650001,498.37629573995787,8489.863074411116,0.0,0.0,498126.47680230427,10779.390772482371
1193,6446.0,6446.0,0,0.0012795454244775395,0,0,0,0,hold,False,0,0,0,0,-26.875984915010964,8489.863074411116,-463.3825550619076,498.37629573995787,8489.863074411116,0.0,0.0,498126.47680230427,10779.390772482371
1194,6449.01,6449.01,0,0.0014409655772736822,0,0,0,0,sell,True,0,0,0,0,-26.875984915010964,8489.863074411116,-458.92937192364116,498.37629573995787,8489.863074411116,0.0,0.0,498126.47680230427,10779.390772482371
1195,6470.87,6470.87,0,0.0018485401561754524,0,0,0,0,sell,True,0,0,0,0,-26.875984915010964,8489.863074411116,-426.5883143148385,498.37629573995787,8489.863074411116,0.0,0.0,498126.47680230427,10779.390772482371
1196,6469.65,6469.65,0,0.0016189246643933382,0,0,0,0,sell,True,0,0,0,0,-26.875984915010964,8489.863074411116,-428.39325897553135,498.37629573995787,8489.863074411116,0.0,0.0,498126.47680230427,10779.390772482371
1197,6466.21,6466.21,0,0.0019442713019712761,0,0,0,0,sell,True,0,0,0,0,-26.875984915010964,8489.863074411116,-433.48261113354965,498.37629573995787,8489.863074411116,0.0,0.0,498126.47680230427,10779.390772482371
1198,6510.0,6510.0,0,0.0014389203243325966,0,0,0,0,sell,True,0,0,0,0,-26.875984915010964,8489.863074411116,-368.69693351737806,498.37629573995787,8489.863074411116,0.0,0.0,498126.47680230427,10779.390772482371
1199,6579.98,6579.98,0,0.0012216656118267217,0,0,0,0,hold,False,0,0,0,0,-26.875984915010964,8489.863074411116,-265.16412420978304,498.37629573995787,8489.863074411116,0.0,0.0,498126.47680230427,10779.390772482371
1200,6596.29,6604.240617777912,6610.85146924716,0.0012053165912826946,1.2842314055768578,8489.863074411116,8.489863074411117,0,buy,False,0,0,0,0,-26.875984915010964,8471.162778292572,-241.034085344294,506.866158814369,0.0,1.2842314055768578,8471.162778292572,506607.850013641,10779.390772482371
1201,6529.79,6529.79,6610.85146924716,0.00107275050916111,0,0,0,0,hold,False,0,0,-0.010081424558350337,0,-26.886066339569314,8385.76138982171,-339.41836398040687,506.866158814369,0.0,1.2842314055768578,8385.76138982171,506607.850013641,10779.390772482371
1202,6552.84,6552.84,6610.85146924716,0.0017921563627368243,0,0,0,0,hold,False,0,0,0.003529975696002542,0,-26.882536363873314,8415.362923720257,-305.31674559600833,506.866158814369,0.0,1.2842314055768578,8415.362923720257,506607.850013641,10779.390772482371
1203,6522.49,6522.49,6610.85146924716,0.0016403829288408542,0,0,0,0,hold,False,0,0,-0.004631579589918313,0,-26.887167943463233,8376.386500560999,-350.21844268783025,506.866158814369,0.0,1.2842314055768578,8376.386500560999,506607.850013641,10779.390772482371
1204,6469.37,6469.37,6610.85146924716,0.0010324675922032639,0,0,0,0,hold,False,0,0,-0.00814412900594705,0,-26.89531207246918,8308.168128296757,-428.8075085697892,506.866158814369,0.0,1.2842314055768578,8308.168128296757,506607.850013641,10779.390772482371
1205,6457.69,6457.69,6610.85146924716,0.0019830423010386766,0,0,0,0,hold,False,0,0,-0.0018054308224759058,0,-26.897117503291657,8293.168305479618,-446.0876345016659,506.866158814369,0.0,1.2842314055768578,8293.168305479618,506607.850013641,10779.390772482371
1206,6428.01,6428.01,6610.85146924716,0.0012275970325153693,0,0,0,0,hold,False,0,0,-0.004596070731174514,0,-26.901713574022832,8255.052317362099,-489.99809149294015,506.866158814369,0.0,1.2842314055768578,8255.052317362099,506607.850013641,10779.390772482371
1207,6427.78,6427.78,6610.85146924716,0.0015254514695929415,0,0,0,0,hold,False,0,0,-3.578090264338762e-05,0,-26.901749354925474,8254.756944138815,-490.3383679453673,506.866158814369,0.0,1.2842314055768578,8254.756944138815,506607.850013641,10779.390772482371
1208,6451.93,6451.93,6610.85146924716,0.001293426271590119,0,0,0,0,hold,False,0,0,0.0037571292110185396,0,-26.897992225714457,8285.771132583497,-454.6093404406729,506.866158814369,0.0,1.2842314055768578,8285.771132583497,506607.850013641,10779.390772482371
1209,6457.33,6457.33,6610.85146924716,0.0011157039642492054,0,0,0,0,hold,False,0,0,0.0008369588634717389,0,-26.897155266850987,8292.705982173611,-446.62024112285326,506.866158814369,0.0,1.2842314055768578,8292.705982173611,506607.850013641,10779.390772482371
1210,6404.06,6404.06,6610.85146924716,0.001729200653590762,0,0,0,0,hold,False,0,0,-0.008249539670420986,0,-26.905404806521407,8224.294975198532,-525.431226430308,506.866158814369,0.0,1.2842314055768578,8224.294975198532,506607.850013641,10779.390772482371
1211,6340.01,6340.01,6610.85146924716,0.0012040319581952967,0,0,0,0,hold,False,0,0,-0.010001467818852514,0,-26.91540627434026,8142.039953671334,-620.1908211166683,506.866158814369,0.0,1.2842314055768578,8142.039953671334,506607.850013641,10779.390772482371
1212,6336.93,6336.93,6610.85146924716,0.0011755967269092618,0,0,0,0,hold,False,0,0,-0.0004858036501519084,0,-26.91589207799041,8138.084520942158,-624.7475666534992,506.866158814369,0.0,1.2842314055768578,8138.084520942158,506607.850013641,10779.390772482371
1213,6328.51,6328.51,6610.85146924716,0.001665174918737541,0,0,0,0,hold,False,0,0,-0.0013287191116203563,0,-26.91722079710203,8127.2712925072,-637.2046437379522,506.866158814369,0.0,1.2842314055768578,8127.2712925072,506607.850013641,10779.390772482371
1214,6503.0,6503.0,6610.85146924716,0.0016495823904058298,0,0,0,0,hold,False,0,0,0.027572050925099255,0,-26.88964874617693,8351.356830466306,-379.05317337381166,506.866158814369,0.0,1.2842314055768578,8351.356830466306,506607.850013641,10779.390772482371
1215,6483.72,6483.72,6610.85146924716,0.0012391409910547776,0,0,0,0,hold,False,0,0,-0.0029647854836228477,0,-26.892613531660555,8326.596848966785,-407.5772168641015,506.866158814369,0.0,1.2842314055768578,8326.596848966785,506607.850013641,10779.390772482371
1216,6417.14,6417.14,6610.85146924716,0.001990059873539923,0,0,0,0,hold,False,0,0,-0.010268796308292165,0,-26.902882327968847,8241.092721983478,-506.0798525271439,506.866158814369,0.0,1.2842314055768578,8241.092721983478,506607.850013641,10779.390772482371
1217,6452.02,6452.02,6610.85146924716,0.0010582839657758895,0,0,0,0,hold,False,0,0,0.005435443203670162,0,-26.897446884765177,8285.886713409998,-454.4761887853747,506.866158814369,0.0,1.2842314055768578,8285.886713409998,506607.850013641,10779.390772482371
1218,6365.01,6365.01,6610.85146924716,0.001102192412812914,0,0,0,0,hold,False,0,0,-0.013485699052389829,0,-26.910932583817566,8174.145738810756,-583.2042502008371,506.866158814369,0.0,1.2842314055768578,8174.145738810756,506607.850013641,10779.390772482371
1219,6418.35,6418.35,6610.85146924716,0.0013789340548830615,0,0,0,0,hold,False,0,0,0.008380191075897792,0,-26.90255239274167,8242.646641984225,-504.2897024948179,506.866158814369,0.0,1.2842314055768578,8242.646641984225,506607.850013641,10779.390772482371
1220,6396.35,6396.35,6610.85146924716,0.0011315766973989847,0,0,0,0,hold,False,0,0,-0.003427672221053789,0,-26.905980064962723,8214.393551061534,-536.8378849007495,506.866158814369,0.0,1.2842314055768578,8214.393551061534,506607.850013641,10779.390772482371
1221,6399.0,6399.0,6610.85146924716,0.0011973210446442374,0,0,0,0,hold,False,0,0,0.0004142987797729268,0,-26.90556576618295,8217.796764286313,-532.9173083836722,506.866158814369,0.0,1.2842314055768578,8217.796764286313,506607.850013641,10779.390772482371
1222,6190.02,6190.02,6610.85146924716,0.0019542505605056855,0,0,0,0,buy,True,0,0,0,0,-26.90556576618295,7949.418085148862,-842.095451983294,506.866158814369,0.0,1.2842314055768578,7949.418085148862,506607.850013641,10779.390772482371
1223,6072.77,6072.77,6610.85146924716,0.0010903801557243093,0,0,0,0,buy,True,0,0,0,0,-26.90556576618295,7798.841952844975,-1015.5624695785446,506.866158814369,0.0,1.2842314055768578,7798.841952844975,506607.850013641,10779.390772482371
1224,6092.5,6092.5,6610.85146924716,0.0017696282447374418,0,0,0,0,hold,False,0,0,0.003248929236575734,0,-26.902316836946373,7824.179838477006,-986.372667811771,506.866158814369,0.0,1.2842314055768578,7824.179838477006,506607.850013641,10779.390772482371
1225,6144.01,6144.01,6610.85146924716,0.0012809434969802186,0,0,0,0,hold,False,0,0,0.008454657365613488,0,-26.893862179580758,7890.3305981782705,-910.165537096791,506.866158814369,0.0,1.2842314055768578,7890.3305981782705,506607.850013641,10779.390772482371
1226,6088.3,6088.3,6610.85146924716,0.001062756623867541,0,0,0,0,hold,False,0,0,-0.00906736805441402,0,-26.90292954763517,7818.786066573583,-992.5864117256315,506.866158814369,0.0,1.2842314055768578,7818.786066573583,506607.850013641,10779.390772482371
1227,6102.7,6102.7,6610.85146924716,0.0011565415840406727,0,0,0,0,hold,False,0,0,0.002365192253995258,0,-26.900564355381174,7837.278998813889,-971.2821468781112,506.866158814369,0.0,1.2842314055768578,7837.278998813889,506607.850013641,10779.390772482371
1228,6136.81,6136.81,6610.85146924716,0.0013094008486105074,0,0,0,0,hold,False,0,0,0.005589329313254884,0,-26.894975026067918,7881.084132058117,-920.8176695205493,506.866158814369,0.0,1.2842314055768578,7881.084132058117,506607.850013641,10779.390772482371
1229,6114.77,6114.77,6610.85146924716,0.001701494385116979,0,0,0,0,hold,False,0,0,-0.003591442459518796,0,-26.898566468527438,7852.779671879203,-953.4250304399466,506.866158814369,0.0,1.2842314055768578,7852.779671879203,506607.850013641,10779.390772482371
1230,6098.92,6098.92,6610.85146924716,0.0013871950988114112,0,0,0,0,hold,False,0,0,-0.0025920844120058107,0,-26.901158552939442,7832.424604100809,-976.874516400585,506.866158814369,0.0,1.2842314055768578,7832.424604100809,506607.850013641,10779.390772482371
1231,6096.14,6096.14,6610.85146924716,0.0018069988865721275,0,0,0,0,hold,False,0,0,-0.0004558184071933464,0,-26.901614371346636,7828.854440793306,-980.9874230864261,506.866158814369,0.0,1.2842314055768578,7828.854440793306,506607.850013641,10779.390772482371
1232,6071.48,6071.48,6610.85146924716,0.001975783148882746,0,0,0,0,hold,False,0,0,-0.004045182689374019,0,-26.90565955403601,7797.18529433178,-1017.4709766378037,506.866158814369,0.0,1.2842314055768578,7797.18529433178,506607.850013641,10779.390772482371
1233,6100.8,6100.8,6610.85146924716,0.0012701299481406407,0,0,0,0,buy,True,0,0,0,0,-26.90565955403601,7834.838959143294,-974.093126267715,506.866158814369,0.0,1.2842314055768578,7834.838959143294,506607.850013641,10779.390772482371
1234,6096.0,6096.0,6610.85146924716,0.0019254707382216963,0,0,0,0,hold,False,0,0,-0.0007867820613690028,0,-26.90644633609738,7828.674648396525,-981.1945478835551,506.866158814369,0.0,1.2842314055768578,7828.674648396525,506607.850013641,10779.390772482371
1235,6108.99,6108.99,6610.85146924716,0.0017119485850605907,0,0,0,0,buy,True,0,0,0,0,-26.90644633609738,7845.356814354968,-961.9763256356891,506.866158814369,0.0,1.2842314055768578,7845.356814354968,506607.850013641,10779.390772482371
1236,6109.99,6109.99,6610.85146924716,0.0011863091500117454,0,0,0,0,hold,False,0,0,0.00016369318005105446,0,-26.906282642917326,7846.641045760545,-960.4968627990547,506.866158814369,0.0,1.2842314055768578,7846.641045760545,506607.850013641,10779.390772482371
1237,6103.66,6096.287361220304,0,0.0012079045654076986,1.2842314055768578,7821.2146430136845,7.829043686700385,-668.6484313974315,sell,False,0,0,-1.0,0,-27.906282642917326,7821.2146430136845,-969.8618625549443,514.6952025010694,7821.2146430136845,0.0,0.0,514436.8937003414,10779.390772482371
1238,6111.85,6111.85,0,0.0013972132752670036,0,0,0,0,sell,True,0,0,0,0,-27.906282642917326,7821.2146430136845,-957.7450619229166,514.6952025010694,7821.2146430136845,0.0,0.0,514436.8937003414,10779.390772482371
1239,6106.99,6106.99,0,0.001292938786577717,0,0,0,0,sell,True,0,0,0,0,-27.906282642917326,7821.2146430136845,-964.9352513089561,514.6952025010694,7821.2146430136845,0.0,0.0,514436.8937003414,10779.390772482371
1240,6117.25,6117.25,0,0.001837158326765256,0,0,0,0,sell,True,0,0,0,0,-27.906282642917326,7821.2146430136845,-949.755962605097,514.6952025010694,7821.2146430136845,0.0,0.0,514436.8937003414,10779.390772482371
1241,6107.57,6113.9574077066145,6120.077485191806,0.0010458181742681284,1.2779600686327852,7821.214643013684,7.821214643013685,0,buy,False,0,0,0,0,-27.906282642917326,7805.23057637954,-964.0771628637085,522.5164171440831,9.094947017729282e-13,1.2779600686327852,7805.230576379539,522250.28712871205,10779.390772482371
1242,6110.05,6110.05,6120.077485191806,0.001561644051066565,0,0,0,0,buy,True,0,0,0,0,-27.906282642917326,7808.3999173497505,-960.4080950288571,522.5164171440831,9.094947017729282e-13,1.2779600686327852,7808.39991734975,522250.28712871205,10779.390772482371
1243,6439.0,6439.0,6120.077485191806,0.00110977372627666,0,0,0,0,buy,True,0,0,0,0,-27.906282642917326,8228.784881926505,-473.7387949183412,522.5164171440831,9.094947017729282e-13,1.2779600686327852,8228.784881926504,522250.28712871205,10779.390772482371
1244,6387.89,6387.89,6120.077485191806,0.0017939387089385061,0,0,0,0,hold,False,0,0,-0.007937567945333044,0,-27.91422021086266,8163.468342818684,-549.3541404986681,522.5164171440831,9.094947017729282e-13,1.2779600686327852,8163.468342818683,522250.28712871205,10779.390772482371
1245,6387.85,6387.85,6120.077485191806,0.0015317477445517898,0,0,0,0,hold,False,0,0,-6.261848591653537e-06,0,-27.914226472711253,8163.417224415938,-549.413319012132,522.5164171440831,9.094947017729282e-13,1.2779600686327852,8163.417224415937,522250.28712871205,10779.390772482371
1246,6408.32,6408.32,6120.077485191806,0.001755144988271696,0,0,0,0,hold,False,0,0,0.003204521082993387,0,-27.91102195162826,8189.57706702085,-519.1287147462499,522.5164171440831,9.094947017729282e-13,1.2779600686327852,8189.577067020849,522250.28712871205,10779.390772482371
1247,6382.09,6382.09,6120.077485191806,0.0013492886834386647,0,0,0,0,buy,True,0,0,0,0,-27.91102195162826,8156.056174420613,-557.9350249511408,522.5164171440831,9.094947017729282e-13,1.2779600686327852,8156.0561744206125,522250.28712871205,10779.390772482371
1248,6393.0,6393.0,6120.077485191806,0.001980792733034531,0,0,0,0,hold,False,0,0,0.0017094713487274297,0,-27.90931248027953,8169.998718769397,-541.7940854034714,522.5164171440831,9.094947017729282e-13,1.2779600686327852,8169.998718769396,522250.28712871205,10779.390772482371
1249,6232.35,6232.35,6120.077485191806,0.0014208857977380026,0,0,0,0,hold,False,0,0,-0.025129047395588834,0,-27.93444152767512,7964.694433743541,-779.4697901086074,522.5164171440831,9.094947017729282e-13,1.2779600686327852,7964.69443374354,522250.28712871205,10779.390772482371
1250,6264.77,6264.77,6120.077485191806,0.0019668951458906786,0,0,0,0,hold,False,0,0,0.005201890137748984,0,-27.92923963753737,8006.125899168615,-731.5056049449558,522.5164171440831,9.094947017729282e-13,1.2779600686327852,8006.1258991686145,522250.28712871205,10779.390772482371
1251,6260.32,6260.32,6120.077485191806,0.0011540389270945483,0,0,0,0,hold,False,0,0,-0.0007103213685420353,0,-27.92994995890591,8000.438976863198,-738.0892145679754,522.5164171440831,9.094947017729282e-13,1.2779600686327852,8000.438976863197,522250.28712871205,10779.390772482371
1252,6278.22,6278.22,6120.077485191806,0.0017750419142860763,0,0,0,0,hold,False,0,0,0.002859278758913464,0,-27.927090680147,8023.314462091726,-711.6068297922393,522.5164171440831,9.094947017729282e-13,1.2779600686327852,8023.3144620917255,522250.28712871205,10779.390772482371
1253,6272.99,6272.99,6120.077485191806,0.001038271961719752,0,0,0,0,buy,True,0,0,0,0,-27.927090680147,8016.630730932776,-719.3444204278312,522.5164171440831,9.094947017729282e-13,1.2779600686327852,8016.630730932775,522250.28712871205,10779.390772482371
1254,6257.81,6257.81,6120.077485191806,0.001780713558858476,0,0,0,0,hold,False,0,0,-0.0024198986448248122,0,-27.929510578791824,7997.231297090931,-741.8026662879238,522.5164171440831,9.094947017729282e-13,1.2779600686327852,7997.23129709093,522250.28712871205,10779.390772482371
1255,6340.38,6340.38,6120.077485191806,0.0011025170927065665,0,0,0,0,hold,False,0,0,0.013194711888024775,0,-27.916315866903798,8102.75245995794,-619.6434198671141,522.5164171440831,9.094947017729282e-13,1.2779600686327852,8102.752459957939,522250.28712871205,10779.390772482371
1256,6339.81,6339.81,6120.077485191806,0.0010200651722385942,0,0,0,0,hold,False,0,0,-8.989997444945372e-05,0,-27.916405766878245,8102.02402271882,-620.4867136839948,522.5164171440831,9.094947017729282e-13,1.2779600686327852,8102.024022718819,522250.28712871205,10779.390772482371
1257,6319.99,6319.99,6120.077485191806,0.0018491701982248207,0,0,0,0,hold,False,0,0,-0.003126276654978718,0,-27.919532043533223,8076.694854158517,-649.8096671060684,522.5164171440831,9.094947017729282e-13,1.2779600686327852,8076.694854158516,522250.28712871205,10779.390772482371
1258,6304.32,6304.32,6120.077485191806,0.0019537039727305903,0,0,0,0,hold,False,0,0,-0.0024794343029023564,0,-27.922011477836126,8056.6692198830415,-672.9928497561104,522.5164171440831,9.094947017729282e-13,1.2779600686327852,8056.669219883041,522250.28712871205,10779.390772482371
1259,6328.99,6328.99,6120.077485191806,0.0014863207402162767,0,0,0,0,hold,False,0,0,0.003913189685802677,0,-27.918098288150322,8088.196494776212,-636.4945015763678,522.5164171440831,9.094947017729282e-13,1.2779600686327852,8088.196494776211,522250.28712871205,10779.390772482371
1260,6331.22,6331.22,6120.077485191806,0.0014063216236013555,0,0,0,0,hold,False,0,0,0.00035234689895237013,0,-27.91774594125137,8091.0463457292635,-633.1952994506755,522.5164171440831,9.094947017729282e-13,1.2779600686327852,8091.046345729263,522250.28712871205,10779.390772482371
1261,6349.21,6349.21,6120.077485191806,0.0015535031538927123,0,0,0,0,hold,False,0,0,0.002841474470955048,0,-27.914904466780413,8114.036847363967,-606.579763019643,522.5164171440831,9.094947017729282e-13,1.2779600686327852,8114.036847363966,522250.28712871205,10779.390772482371
1262,6260.02,6260.02,6120.077485191806,0.0016654762042226329,0,0,0,0,hold,False,0,0,-0.01404741692273521,0,-27.92895188370315,8000.05558884261,-738.5330534189634,522.5164171440831,9.094947017729282e-13,1.2779600686327852,8000.055588842609,522250.28712871205,10779.390772482371
1263,6270.2,6270.2,6120.077485191806,0.001501069060123126,0,0,0,0,hold,False,0,0,0.0016261928875625738,0,-27.927325690815586,8013.065222341291,-723.4721217420392,522.5164171440831,9.094947017729282e-13,1.2779600686327852,8013.06522234129,522250.28712871205,10779.390772482371
1264,6300.77,6300.77,6120.077485191806,0.0017555150125896169,0,0,0,0,hold,False,0,0,0.004875442569615105,0,-27.92245024824597,8052.132461639396,-678.2449428261589,522.5164171440831,9.094947017729282e-13,1.2779600686327852,8052.132461639395,522250.28712871205,10779.390772482371
1265,6318.86,6318.86,6120.077485191806,0.0016230448697855926,0,0,0,0,hold,False,0,0,0.0028710776619363886,0,-27.919579170584033,8075.250759280962,-651.4814601114631,522.5164171440831,9.094947017729282e-13,1.2779600686327852,8075.250759280961,522250.28712871205,10779.390772482371
1266,6314.97,6314.97,6120.077485191806,0.0012225459357298287,0,0,0,0,hold,False,0,0,-0.0006156173740198643,0,-27.920194787958053,8070.279494613981,-657.2365705459652,522.5164171440831,9.094947017729282e-13,1.2779600686327852,8070.27949461398,522250.28712871205,10779.390772482371
1267,6295.94,6295.94,6120.077485191806,0.0013670376956230353,0,0,0,0,hold,False,0,0,-0.0030134743316279815,0,-27.92320826228968,8045.959914507898,-685.3907483270978,522.5164171440831,9.094947017729282e-13,1.2779600686327852,8045.959914507897,522250.28712871205,10779.390772482371
1268,6303.08,6303.08,6120.077485191806,0.0014343754072753173,0,0,0,0,buy,True,0,0,0,0,-27.92320826228968,8055.084549397937,-674.8273836735352,522.5164171440831,9.094947017729282e-13,1.2779600686327852,8055.084549397936,522250.28712871205,10779.390772482371
1269,6324.95,6324.95,6120.077485191806,0.001665693700250524,0,0,0,0,buy,True,0,0,0,0,-27.92320826228968,8083.033536098936,-642.4715314363657,522.5164171440831,9.094947017729282e-13,1.2779600686327852,8083.033536098935,522250.28712871205,10779.390772482371
1270,6340.03,6340.03,6120.077485191806,0.0018693475986796054,0,0,0,0,hold,False,0,0,0.002384208570818736,0,-27.92082405371886,8102.305173933918,-620.1612318599364,522.5164171440831,9.094947017729282e-13,1.2779600686327852,8102.305173933917,522250.28712871205,10779.390772482371
1271,6365.21,6365.21,6120.077485191806,0.0013113005851259564,0,0,0,0,hold,False,0,0,0.0039715900397947436,0,-27.916852463679067,8134.484208462091,-582.9083576335106,522.5164171440831,9.094947017729282e-13,1.2779600686327852,8134.4842084620905,522250.28712871205,10779.390772482371
1272,6336.61,6336.61,6120.077485191806,0.001365948308740511,0,0,0,0,hold,False,0,0,-0.004493174616391329,0,-27.92134563829546,8097.934550499193,-625.2209947612228,522.5164171440831,9.094947017729282e-13,1.2779600686327852,8097.9345504991925,522250.28712871205,10779.390772482371
1273,6308.33,6308.33,6120.077485191806,0.0018931939042447726,0,0,0,0,buy,True,0,0,0,0,-27.92134563829546,8061.793839758258,-667.0602037812114,522.5164171440831,9.094947017729282e-13,1.2779600686327852,8061.7938397582575,522250.28712871205,10779.390772482371
1274,6322.01,6322.01,6120.077485191806,0.0016984453866586671,0,0,0,0,hold,False,0,0,0.002168561251551653,0,-27.91917707704391,8079.276333497156,-646.8211521760677,522.5164171440831,9.094947017729282e-13,1.2779600686327852,8079.276333497155,522250.28712871205,10779.390772482371
1275,6323.6,6323.6,6120.077485191806,0.0018052206232712466,0,0,0,0,hold,False,0,0,0.0002515022912016559,0,-27.918925574752706,8081.308290006282,-644.4688062658206,522.5164171440831,9.094947017729282e-13,1.2779600686327852,8081.308290006281,522250.28712871205,10779.390772482371
1276,6326.25,6326.25,6120.077485191806,0.0016201010862122666,0,0,0,0,buy,True,0,0,0,0,-27.918925574752706,8084.6948841881585,-640.5482297487433,522.5164171440831,9.094947017729282e-13,1.2779600686327852,8084.694884188158,522250.28712871205,10779.390772482371
1277,6349.99,6349.99,6120.077485191806,0.00102427287045068,0,0,0,0,hold,False,0,0,0.003752618059671984,0,-27.915172956693034,8115.033656217501,-605.4257820070688,522.5164171440831,9.094947017729282e-13,1.2779600686327852,8115.0336562175,522250.28712871205,10779.390772482371
1278,6341.0,6341.0,6120.077485191806,0.0011378385052945618,0,0,0,0,hold,False,0,0,-0.001415750261024088,0,-27.91658870695406,8103.5447952004915,-618.7261529084026,522.5164171440831,9.094947017729282e-13,1.2779600686327852,8103.544795200491,522250.28712871205,10779.390772482371
1279,6328.47,6328.47,6120.077485191806,0.0017133474615121937,0,0,0,0,hold,False,0,0,-0.0019760290175050823,0,-27.918564735971565,8087.531955540523,-637.2638222514161,522.5164171440831,9.094947017729282e-13,1.2779600686327852,8087.531955540522,522250.28712871205,10779.390772482371
1280,6411.08,6411.08,6120.077485191806,0.001240603296175545,0,0,0,0,hold,False,0,0,0.013053708084260564,0,-27.905511027887304,8193.104236810279,-515.0453973171425,522.5164171440831,9.094947017729282e-13,1.2779600686327852,8193.104236810277,522250.28712871205,10779.390772482371
1281,6441.49,6441.49,6120.077485191806,0.0012932861166448087,0,0,0,0,hold,False,0,0,0.0047433505743182235,0,-27.900767677312984,8231.9670024974,-470.0549324551248,522.5164171440831,9.094947017729282e-13,1.2779600686327852,8231.9670024974,522250.28712871205,10779.390772482371
1282,6475.02,6475.02,6120.077485191806,0.001387642782523315,0,0,0,0,hold,False,0,0,0.005205317403271515,0,-27.895562359909714,8274.817003598659,-420.4485435428105,522.5164171440831,9.094947017729282e-13,1.2779600686327852,8274.817003598657,522250.28712871205,10779.390772482371
1283,6451.4,6451.4,6120.077485191806,0.0011300409283000758,0,0,0,0,hold,False,0,0,-0.0036478651803392406,0,-27.899210225090055,8244.631586777552,-455.3934557440898,522.5164171440831,9.094947017729282e-13,1.2779600686327852,8244.63158677755,522250.28712871205,10779.390772482371
1284,6456.13,6456.13,6120.077485191806,0.0010463460840196824,0,0,0,0,hold,False,0,0,0.0007331741947484137,0,-27.898477050895305,8250.676337902183,-448.39559652681237,522.5164171440831,9.094947017729282e-13,1.2779600686327852,8250.676337902183,522250.28712871205,10779.390772482371
1285,6441.34,6441.34,6120.077485191806,0.0010234895205107992,0,0,0,0,hold,False,0,0,-0.002290846064128041,0,-27.900767896959433,8231.775308487107,-470.2768518806188,522.5164171440831,9.094947017729282e-13,1.2779600686327852,8231.775308487106,522250.28712871205,10779.390772482371
1286,6443.96,6443.96,6120.077485191806,0.0010205004307043163,0,0,0,0,hold,False,0,0,0.0004067476643057278,0,-27.900361149295126,8235.123563866924,-466.4006592486403,522.5164171440831,9.094947017729282e-13,1.2779600686327852,8235.123563866922,522250.28712871205,10779.390772482371
1287,6416.13,6416.13,6120.077485191806,0.0014364103917154857,0,0,0,0,hold,False,0,0,-0.004318772928447684,0,-27.904679922223572,8199.557935156874,-507.57410999214335,522.5164171440831,9.094947017729282e-13,1.2779600686327852,8199.557935156872,522250.28712871205,10779.390772482371
1288,6372.7,6372.7,6120.077485191806,0.0018704145403914472,0,0,0,0,hold,False,0,0,-0.006768877812637847,0,-27.91144880003621,8144.056129376151,-571.8271809871276,522.5164171440831,9.094947017729282e-13,1.2779600686327852,8144.05612937615,522250.28712871205,10779.390772482371
1289,6288.56,6288.56,6120.077485191806,0.001341258307232071,0,0,0,0,hold,False,0,0,-0.013203194878152011,0,-27.924651994914363,8036.5285692013895,-696.3091840614507,522.5164171440831,9.094947017729282e-13,1.2779600686327852,8036.528569201389,522250.28712871205,10779.390772482371
1290,6279.95,6279.95,6120.077485191806,0.001306192555915384,0,0,0,0,hold,False,0,0,-0.0013691528744260153,0,-27.926021147788788,8025.525333010461,-709.0473590848633,522.5164171440831,9.094947017729282e-13,1.2779600686327852,8025.52533301046,522250.28712871205,10779.390772482371
1291,6226.02,6226.02,6120.077485191806,0.0015344466095028658,0,0,0,0,buy,True,0,0,0,0,-27.926021147788788,7956.604946509095,-788.8347898644952,522.5164171440831,9.094947017729282e-13,1.2779600686327852,7956.604946509094,522250.28712871205,10779.390772482371
1292,6240.0,6240.0,6120.077485191806,0.0011735864973100919,0,0,0,0,hold,False,0,0,0.0022454152090741336,0,-27.923775732579713,7974.470828268581,-768.1518994083635,522.5164171440831,9.094947017729282e-13,1.2779600686327852,7974.47082826858,522250.28712871205,10779.390772482371
1293,6234.76,6234.76,6120.077485191806,0.0015960354464251941,0,0,0,0,buy,True,0,0,0,0,-27.923775732579713,7967.774317508945,-775.9042846723205,522.5164171440831,9.094947017729282e-13,1.2779600686327852,7967.7743175089445,522250.28712871205,10779.390772482371
1294,6271.21,6271.21,6120.077485191806,0.0011893564386159568,0,0,0,0,hold,False,0,0,0.0058462555094341275,0,-27.917929477070277,8014.35596201061,-721.977864277038,522.5164171440831,9.094947017729282e-13,1.2779600686327852,8014.355962010609,522250.28712871205,10779.390772482371
1295,6241.95,6241.95,6120.077485191806,0.0018111806564179334,0,0,0,0,hold,False,0,0,-0.00466576625563494,0,-27.92259524332591,7976.962850402414,-765.2669468769291,522.5164171440831,9.094947017729282e-13,1.2779600686327852,7976.962850402413,522250.28712871205,10779.390772482371
1296,6259.45,6259.45,6120.077485191806,0.0014138698162647176,0,0,0,0,hold,False,0,0,0.0028036110510338066,0,-27.91979163227488,7999.327151603488,-739.376347235846,522.5164171440831,9.094947017729282e-13,1.2779600686327852,7999.327151603487,522250.28712871205,10779.390772482371
1297,6246.35,6246.35,6120.077485191806,0.0014403875151226602,0,0,0,0,hold,False,0,0,-0.002092835632523553,0,-27.921884467907404,7982.585874704399,-758.757310395742,522.5164171440831,9.094947017729282e-13,1.2779600686327852,7982.5858747043985,522250.28712871205,10779.390772482371
1298,6217.99,6217.99,6120.077485191806,0.0017790733364459084,0,0,0,0,hold,False,0,0,-0.004540251506880154,0,-27.926424719414285,7946.342927157973,-800.714876442662,522.5164171440831,9.094947017729282e-13,1.2779600686327852,7946.342927157972,522250.28712871205,10779.390772482371
1299,6021.0,6021.0,6120.077485191806,0.001774495271983222,0,0,0,0,hold,False,0,0,-0.031680655645956214,0,-27.958105375060242,7694.597573238001,-1092.1542606310504,522.5164171440831,9.094947017729282e-13,1.2779600686327852,7694.597573238,522250.28712871205,10779.390772482371
1300,5928.75,5928.75,6120.077485191806,0.0012357074489772323,0,0,0,0,hold,False,0,0,-0.01532137518684607,0,-27.97342675024709,7576.705756906626,-1228.6347073104698,522.5164171440831,9.094947017729282e-13,1.2779600686327852,7576.7057569066255,522250.28712871205,10779.390772482371
1301,5974.95,5974.95,6120.077485191806,0.0019916475120272553,0,0,0,0,hold,False,0,0,0.007792536369386404,0,-27.965634213877703,7635.747512077461,-1160.2835242580131,522.5164171440831,9.094947017729282e-13,1.2779600686327852,7635.74751207746,522250.28712871205,10779.390772482371
1302,5982.15,5982.15,6120.077485191806,0.0010270016172790977,0,0,0,0,hold,False,0,0,0.0012050310044435318,0,-27.96442918287326,7644.948824571617,-1149.631391834253,522.5164171440831,9.094947017729282e-13,1.2779600686327852,7644.948824571616,522250.28712871205,10779.390772482371
1303,5962.72,5962.72,6120.077485191806,0.0013012233536735796,0,0,0,0,buy,True,0,0,0,0,-27.96442918287326,7620.1180604380825,-1178.3773547500368,522.5164171440831,9.094947017729282e-13,1.2779600686327852,7620.118060438082,522250.28712871205,10779.390772482371
1304,5961.01,5961.01,6120.077485191806,0.0015760018253372894,0,0,0,0,hold,False,0,0,-0.0002867818713607538,0,-27.96471596474462,7617.93274872072,-1180.907236200681,522.5164171440831,9.094947017729282e-13,1.2779600686327852,7617.932748720719,522250.28712871205,10779.390772482371
1305,6025.03,6025.03,6120.077485191806,0.0010714389321954086,0,0,0,0,hold,False,0,0,0.01073979074015977,0,-27.95397617400446,7699.747752314591,-1086.1920253994194,522.5164171440831,9.094947017729282e-13,1.2779600686327852,7699.74775231459,522250.28712871205,10779.390772482371
1306,6019.09,6019.09,6120.077485191806,0.001662257618455485,0,0,0,0,buy,True,0,0,0,0,-27.95397617400446,7692.156669506912,-1094.9800346490192,522.5164171440831,9.094947017729282e-13,1.2779600686327852,7692.156669506911,522250.28712871205,10779.390772482371
1307,6040.0,6040.0,6120.077485191806,0.0019959868788568804,0,0,0,0,hold,False,0,0,0.0034739470584424074,0,-27.950502226946018,7718.878814542024,-1064.0444667350184,522.5164171440831,9.094947017729282e-13,1.2779600686327852,7718.878814542023,522250.28712871205,10779.390772482371
1308,6020.02,6020.02,6120.077485191806,0.0016015910313193105,0,0,0,0,buy,True,0,0,0,0,-27.950502226946018,7693.345172370741,-1093.604134210951,522.5164171440831,9.094947017729282e-13,1.2779600686327852,7693.34517237074,522250.28712871205,10779.390772482371
1309,6002.0,6002.0,6120.077485191806,0.0019940283894334544,0,0,0,0,buy,True,0,0,0,0,-27.950502226946018,7670.316331933977,-1120.2640545270824,522.5164171440831,9.094947017729282e-13,1.2779600686327852,7670.3163319339765,522250.28712871205,10779.390772482371
1310,6095.84,6095.84,6120.077485191806,0.001110021982574135,0,0,0,0,buy,True,0,0,0,0,-27.950502226946018,7790.240104774479,-981.4312619374159,522.5164171440831,9.094947017729282e-13,1.2779600686327852,7790.240104774478,522250.28712871205,10779.390772482371
1311,6118.08,6118.08,6120.077485191806,0.0011527497567012986,0,0,0,0,buy,True,0,0,0,0,-27.950502226946018,7818.661936700872,-948.5280084506921,522.5164171440831,9.094947017729282e-13,1.2779600686327852,7818.661936700871,522250.28712871205,10779.390772482371
1312,6022.73,6022.73,6120.077485191806,0.001804364190420262,0,0,0,0,buy,True,0,0,0,0,-27.950502226946018,7696.808444156735,-1089.5947899236762,522.5164171440831,9.094947017729282e-13,1.2779600686327852,7696.808444156734,522250.28712871205,10779.390772482371
1313,6025.03,6025.03,6120.077485191806,0.001045538102291086,0,0,0,0,buy,True,0,0,0,0,-27.950502226946018,7699.747752314591,-1086.1920253994194,522.5164171440831,9.094947017729282e-13,1.2779600686327852,7699.74775231459,522250.28712871205,10779.390772482371
1314,6020.23,6020.23,6120.077485191806,0.0019432436588796196,0,0,0,0,buy,True,0,0,0,0,-27.950502226946018,7693.613543985153,-1093.2934470152577,522.5164171440831,9.094947017729282e-13,1.2779600686327852,7693.613543985152,522250.28712871205,10779.390772482371
1315,6022.83,6022.83,6120.077485191806,0.0017970103290295394,0,0,0,0,hold,False,0,0,0.00043187718741649595,0,-27.9500703497586,7696.936240163599,-1089.4468436400111,522.5164171440831,9.094947017729282e-13,1.2779600686327852,7696.936240163598,522250.28712871205,10779.390772482371
1316,6040.0,6040.0,6120.077485191806,0.0014333483396460208,0,0,0,0,buy,True,0,0,0,0,-27.9500703497586,7718.878814542024,-1064.0444667350184,522.5164171440831,9.094947017729282e-13,1.2779600686327852,7718.878814542023,522250.28712871205,10779.390772482371
1317,6073.56,6073.56,6120.077485191806,0.0013632137172498197,0,0,0,0,buy,True,0,0,0,0,-27.9500703497586,7761.767154445341,-1014.3936939376053,522.5164171440831,9.094947017729282e-13,1.2779600686327852,7761.76715444534,522250.28712871205,10779.390772482371
1318,6064.96,6064.96,6120.077485191806,0.001167111706515095,0,0,0,0,buy,True,0,0,0,0,-27.9500703497586,7750.776697855098,-1027.117074332651,522.5164171440831,9.094947017729282e-13,1.2779600686327852,7750.776697855097,522250.28712871205,10779.390772482371
1319,6100.0,6100.0,6120.077485191806,0.001624248992996588,0,0,0,0,buy,True,0,0,0,0,-27.9500703497586,7795.55641865999,-975.276696537021,522.5164171440831,9.094947017729282e-13,1.2779600686327852,7795.5564186599895,522250.28712871205,10779.390772482371
1320,6120.0,6120.0,6120.077485191806,0.0017205281552409816,0,0,0,0,buy,True,0,0,0,0,-27.9500703497586,7821.115620032647,-945.6874398043565,522.5164171440831,9.094947017729282e-13,1.2779600686327852,7821.115620032646,522250.28712871205,10779.390772482371
1321,6188.08,6188.08,6120.077485191806,0.0018838548752965292,0,0,0,0,buy,True,0,0,0,0,-27.9500703497586,7908.119141505166,-844.9656098863634,522.5164171440831,9.094947017729282e-13,1.2779600686327852,7908.119141505165,522250.28712871205,10779.390772482371
1322,6215.25,6205.382584926655,0,0.001587613543034451,1.2779600686327852,7922.300922971433,7.930231154125559,101.08627995774896,sell,False,0,0,-1.0,0,-28.9500703497586,7922.3009229714335,-804.7686046150375,530.4466482982086,7922.3009229714335,0.0,0.0,530180.5182828376,10779.390772482371
1323,6216.16,6216.16,0,0.001648985482530844,0,0,0,0,sell,True,0,0,0,0,-28.9500703497586,7922.3009229714335,-803.4222934337013,530.4466482982086,7922.3009229714335,0.0,0.0,530180.5182828376,10779.390772482371
1324,6256.95,6256.95,0,0.0018368922711268255,0,0,0,0,sell,True,0,0,0,0,-28.9500703497586,7922.3009229714335,-743.0750043274293,530.4466482982086,7922.3009229714335,0.0,0.0,530180.5182828376,10779.390772482371
1325,6289.99,6289.99,0,0.001521862099370537,0,0,0,0,sell,True,0,0,0,0,-28.9500703497586,7922.3009229714335,-694.1935522050662,530.4466482982086,7922.3009229714335,0.0,0.0,530180.5182828376,10779.390772482371
1326,6326.32,6326.32,0,0.0010660926094925895,0,0,0,0,sell,True,0,0,0,0,-28.9500703497586,7922.3009229714335,-640.4446673501789,530.4466482982086,7922.3009229714335,0.0,0.0,530180.5182828376,10779.390772482371
1327,6292.05,6292.05,0,0.0018186397658627408,0,0,0,0,sell,True,0,0,0,0,-28.9500703497586,7922.3009229714335,-691.1458587616016,530.4466482982086,7922.3009229714335,0.0,0.0,530180.5182828376,10779.390772482371
1328,6307.03,6307.03,0,0.0012894955457143698,0,0,0,0,sell,True,0,0,0,0,-28.9500703497586,7922.3009229714335,-668.9835054688356,530.4466482982086,7922.3009229714335,0.0,0.0,530180.5182828376,10779.390772482371
1329,6392.77,6392.77,0,0.0014260700105050593,0,0,0,0,sell,True,0,0,0,0,-28.9500703497586,7922.3009229714335,-542.1343618558967,530.4466482982086,7922.3009229714335,0.0,0.0,530180.5182828376,10779.390772482371
1330,6428.12,6428.12,0,0.001596752720844083,0,0,0,0,sell,True,0,0,0,0,-28.9500703497586,7922.3009229714335,-489.83535058091184,530.4466482982086,7922.3009229714335,0.0,0.0,530180.5182828376,10779.390772482371
1331,6371.2,6371.2,0,0.00183532713652997,0,0,0,0,sell,True,0,0,0,0,-28.9500703497586,7922.3009229714335,-574.0463752420783,530.4466482982086,7922.3009229714335,0.0,0.0,530180.5182828376,10779.390772482371
1332,6296.3,6296.3,0,0.001789565241470708,0,0,0,0,sell,True,0,0,0,0,-28.9500703497586,7922.3009229714335,-684.8581417059086,530.4466482982086,7922.3009229714335,0.0,0.0,530180.5182828376,10779.390772482371
1333,6351.69,6351.69,0,0.0017112808298195448,0,0,0,0,sell,True,0,0,0,0,-28.9500703497586,7922.3009229714335,-602.9106951847934,530.4466482982086,7922.3009229714335,0.0,0.0,530180.5182828376,10779.390772482371
1334,6385.3,6385.3,0,0.001602642662359886,0,0,0,0,sell,True,0,0,0,0,-28.9500703497586,7922.3009229714335,-553.1859492455478,530.4466482982086,7922.3009229714335,0.0,0.0,530180.5182828376,10779.390772482371
1335,6331.75,6331.75,0,0.0016508555474324892,0,0,0,0,sell,True,0,0,0,0,-28.9500703497586,7922.3009229714335,-632.4111841472604,530.4466482982086,7922.3009229714335,0.0,0.0,530180.5182828376,10779.390772482371
1336,6400.0,6400.0,0,0.001560854142385103,0,0,0,0,hold,False,0,0,0,0,-28.9500703497586,7922.3009229714335,-531.4378455470396,530.4466482982086,7922.3009229714335,0.0,0.0,530180.5182828376,10779.390772482371
1337,6434.95,6434.95,0,0.001242492804500316,0,0,0,0,hold,False,0,0,0,0,-28.9500703497586,7922.3009229714335,-479.73061940670596,530.4466482982086,7922.3009229714335,0.0,0.0,530180.5182828376,10779.390772482371
1338,6588.04,6588.04,0,0.0018706879896153818,0,0,0,0,hold,False,0,0,0,0,-28.9500703497586,7922.3009229714335,-253.23965374651743,530.4466482982086,7922.3009229714335,0.0,0.0,530180.5182828376,10779.390772482371
1339,6562.77,6562.77,0,0.001836589468529942,0,0,0,0,hold,False,0,0,0,0,-28.9500703497586,7922.3009229714335,-290.6256796282396,530.4466482982086,7922.3009229714335,0.0,0.0,530180.5182828376,10779.390772482371
1340,6525.94,6525.94,0,0.0016939263737893813,0,0,0,0,hold,False,0,0,0,0,-28.9500703497586,7922.3009229714335,-345.1142959014451,530.4466482982086,7922.3009229714335,0.0,0.0,530180.5182828376,10779.390772482371
1341,6369.97,6369.97,0,0.0018908147389036368,0,0,0,0,hold,False,0,0,0,0,-28.9500703497586,7922.3009229714335,-575.8661145311362,530.4466482982086,7922.3009229714335,0.0,0.0,530180.5182828376,10779.390772482371
1342,6370.25,6370.25,0,0.00188491046632626,0,0,0,0,hold,False,0,0,0,0,-28.9500703497586,7922.3009229714335,-575.4518649368783,530.4466482982086,7922.3009229714335,0.0,0.0,530180.5182828376,10779.390772482371
1343,6413.16,6413.16,0,0.0015801211959354242,0,0,0,0,sell,True,0,0,0,0,-28.9500703497586,7922.3009229714335,-511.96811461694597,530.4466482982086,7922.3009229714335,0.0,0.0,530180.5182828376,10779.390772482371
1344,6344.87,6344.87,0,0.0013895354642529112,0,0,0,0,sell,True,0,0,0,0,-28.9500703497586,7922.3009229714335,-613.0006317306324,530.4466482982086,7922.3009229714335,0.0,0.0,530180.5182828376,10779.390772482371
1345,6267.16,6267.16,0,0.0015201605406617664,0,0,0,0,sell,True,0,0,0,0,-28.9500703497586,7922.3009229714335,-727.9696887654027,530.4466482982086,7922.3009229714335,0.0,0.0,530180.5182828376,10779.390772482371
1346,6295.02,6295.02,0,0.0018355220455691852,0,0,0,0,sell,True,0,0,0,0,-28.9500703497586,7922.3009229714335,-686.751854136799,530.4466482982086,7922.3009229714335,0.0,0.0,530180.5182828376,10779.390772482371
1347,6262.59,6262.59,0,0.0011622327095983744,0,0,0,0,sell,True,0,0,0,0,-28.9500703497586,7922.3009229714335,-734.7308339288174,530.4466482982086,7922.3009229714335,0.0,0.0,530180.5182828376,10779.390772482371
1348,6297.16,6297.16,0,0.0019079106138712382,0,0,0,0,sell,True,0,0,0,0,-28.9500703497586,7922.3009229714335,-683.5858036664049,530.4466482982086,7922.3009229714335,0.0,0.0,530180.5182828376,10779.390772482371
1349,6270.5,6270.5,0,0.0018351625146400634,0,0,0,0,sell,True,0,0,0,0,-28.9500703497586,7922.3009229714335,-723.0282828910476,530.4466482982086,7922.3009229714335,0.0,0.0,530180.5182828376,10779.390772482371
1350,6305.0,6305.0,0,0.0015681719507597155,0,0,0,0,sell,True,0,0,0,0,-28.9500703497586,7922.3009229714335,-671.9868150271996,530.4466482982086,7922.3009229714335,0.0,0.0,530180.5182828376,10779.390772482371
1351,6282.53,6282.53,0,0.001681690807414805,0,0,0,0,sell,True,0,0,0,0,-28.9500703497586,7922.3009229714335,-705.2303449663505,530.4466482982086,7922.3009229714335,0.0,0.0,530180.5182828376,10779.390772482371
1352,6299.1,6311.121088975233,6317.438527502735,0.0019083819871461433,1.2540368835378435,7922.3009229714335,7.922300922971433,0,buy,False,0,0,0,0,-28.9500703497586,7899.30373309323,-680.7156457633355,538.3689492211801,0.0,1.2540368835378435,7899.30373309323,538094.896904886,10779.390772482371
1353,6376.19,6376.19,6317.438527502735,0.0011201951972077044,0,0,0,0,hold,False,0,0,0.012238256258830477,0,-28.93783209349977,7995.977436445161,-566.6638556872786,538.3689492211801,0.0,1.2540368835378435,7995.977436445161,538094.896904886,10779.390772482371
1354,6388.11,6379.384223404859,0,0.0013659402538686192,1.2540368835378435,7991.983127298707,7.999983110409116,69.68220432727321,sell,False,0,0,-1.0,0,-29.93783209349977,7991.983127298707,-549.0286586746097,546.3689323315891,7991.983127298707,0.0,0.0,546094.8800152951,10779.390772482371
1355,6388.0,6388.0,0,0.0017780137835222338,0,0,0,0,hold,False,0,0,0,0,-29.93783209349977,7991.983127298707,-549.191399586638,546.3689323315891,7991.983127298707,0.0,0.0,546094.8800152951,10779.390772482371
1356,6443.46,6443.46,0,0.001776535985423945,0,0,0,0,hold,False,0,0,0,0,-29.93783209349977,7991.983127298707,-467.1403906669566,546.3689323315891,7991.983127298707,0.0,0.0,546094.8800152951,10779.390772482371
1357,6434.65,6434.65,0,0.001723418224663281,0,0,0,0,hold,False,0,0,0,0,-29.93783209349977,7991.983127298707,-480.17445825769573,546.3689323315891,7991.983127298707,0.0,0.0,546094.8800152951,10779.390772482371
1358,6310.8,6310.8,0,0.0011514399744087076,0,0,0,0,hold,False,0,0,0,0,-29.93783209349977,7991.983127298707,-663.4059305747269,546.3689323315891,7991.983127298707,0.0,0.0,546094.8800152951,10779.390772482371
1359,6350.18,6350.18,0,0.001751562141342945,0,0,0,0,hold,False,0,0,0,0,-29.93783209349977,7991.983127298707,-605.1446840681092,546.3689323315891,7991.983127298707,0.0,0.0,546094.8800152951,10779.390772482371
1360,6319.18,6319.18,0,0.0017763208974607926,0,0,0,0,hold,False,0,0,0,0,-29.93783209349977,7991.983127298707,-651.0080320037396,546.3689323315891,7991.983127298707,0.0,0.0,546094.8800152951,10779.390772482371
1361,6403.82,6403.82,0,0.0013619569196906445,0,0,0,0,sell,True,0,0,0,0,-29.93783209349977,7991.983127298707,-525.7862975111002,546.3689323315891,7991.983127298707,0.0,0.0,546094.8800152951,10779.390772482371
1362,6391.51,6391.51,0,0.0011970008354089904,0,0,0,0,hold,False,0,0,0,0,-29.93783209349977,7991.983127298707,-543.9984850300552,546.3689323315891,7991.983127298707,0.0,0.0,546094.8800152951,10779.390772482371
1363,6409.12,6409.12,0,0.0016401300822058832,0,0,0,0,hold,False,0,0,0,0,-29.93783209349977,7991.983127298707,-517.9451444769438,546.3689323315891,7991.983127298707,0.0,0.0,546094.8800152951,10779.390772482371
1364,6422.62,6422.62,0,0.001131051797572758,0,0,0,0,hold,False,0,0,0,0,-29.93783209349977,7991.983127298707,-497.97239618239473,546.3689323315891,7991.983127298707,0.0,0.0,546094.8800152951,10779.390772482371
1365,6409.31,6409.31,0,0.0014632538557533955,0,0,0,0,sell,True,0,0,0,0,-29.93783209349977,7991.983127298707,-517.6640465379824,546.3689323315891,7991.983127298707,0.0,0.0,546094.8800152951,10779.390772482371
1366,6254.74,6254.74,0,0.0010322217333032404,0,0,0,0,sell,True,0,0,0,0,-29.93783209349977,7991.983127298707,-746.3446171963897,546.3689323315891,7991.983127298707,0.0,0.0,546094.8800152951,10779.390772482371
1367,6278.01,6278.01,0,0.0015806965268266035,0,0,0,0,sell,True,0,0,0,0,-29.93783209349977,7991.983127298707,-711.9175169879327,546.3689323315891,7991.983127298707,0.0,0.0,546094.8800152951,10779.390772482371
1368,6272.0,6272.0,0,0.0016296422985579866,0,0,0,0,sell,True,0,0,0,0,-29.93783209349977,7991.983127298707,-720.8090886360987,546.3689323315891,7991.983127298707,0.0,0.0,546094.8800152951,10779.390772482371
1369,6311.75,6311.75,0,0.001659203949319798,0,0,0,0,sell,True,0,0,0,0,-29.93783209349977,7991.983127298707,-662.000440879925,546.3689323315891,7991.983127298707,0.0,0.0,546094.8800152951,10779.390772482371
1370,6347.93,6347.93,0,0.0018725568077734504,0,0,0,0,sell,True,0,0,0,0,-29.93783209349977,7991.983127298707,-608.4734754505334,546.3689323315891,7991.983127298707,0.0,0.0,546094.8800152951,10779.390772482371
1371,6339.99,6339.99,0,0.0018413449642709482,0,0,0,0,hold,False,0,0,0,0,-29.93783209349977,7991.983127298707,-620.220410373402,546.3689323315891,7991.983127298707,0.0,0.0,546094.8800152951,10779.390772482371
1372,6412.03,6412.03,0,0.0015962885875540878,0,0,0,0,hold,False,0,0,0,0,-29.93783209349977,7991.983127298707,-513.6399076223406,546.3689323315891,7991.983127298707,0.0,0.0,546094.8800152951,10779.390772482371
1373,6413.84,6413.84,0,0.0010011096599516598,0,0,0,0,sell,True,0,0,0,0,-29.93783209349977,7991.983127298707,-510.9620798880351,546.3689323315891,7991.983127298707,0.0,0.0,546094.8800152951,10779.390772482371
1374,6455.0,6455.0,0,0.0017156041230640873,0,0,0,0,sell,True,0,0,0,0,-29.93783209349977,7991.983127298707,-450.06738953220884,546.3689323315891,7991.983127298707,0.0,0.0,546094.8800152951,10779.390772482371
1375,6434.52,6434.52,0,0.0013375623723286335,0,0,0,0,hold,False,0,0,0,0,-29.93783209349977,7991.983127298707,-480.3667884264578,546.3689323315891,7991.983127298707,0.0,0.0,546094.8800152951,10779.390772482371
1376,6497.89,6497.89,0,0.0018932364010700693,0,0,0,0,hold,False,0,0,0,0,-29.93783209349977,7991.983127298707,-386.6132284690066,546.3689323315891,7991.983127298707,0.0,0.0,546094.8800152951,10779.390772482371
1377,6501.38,6501.38,0,0.0010869738467596459,0,0,0,0,hold,False,0,0,0,0,-29.93783209349977,7991.983127298707,-381.44990316915755,546.3689323315891,7991.983127298707,0.0,0.0,546094.8800152951,10779.390772482371
1378,6453.14,6453.14,0,0.0015658193582796403,0,0,0,0,sell,True,0,0,0,0,-29.93783209349977,7991.983127298707,-452.8191904083469,546.3689323315891,7991.983127298707,0.0,0.0,546094.8800152951,10779.390772482371
1379,6490.74,6490.74,0,0.0010866853262996316,0,0,0,0,hold,False,0,0,0,0,-29.93783209349977,7991.983127298707,-397.191387750936,546.3689323315891,7991.983127298707,0.0,0.0,546094.8800152951,10779.390772482371
1380,6420.0,6420.0,0,0.0019960409697537965,0,0,0,0,sell,True,0,0,0,0,-29.93783209349977,7991.983127298707,-501.8485888143732,546.3689323315891,7991.983127298707,0.0,0.0,546094.8800152951,10779.390772482371
1381,6460.83,6460.83,0,0.0012862554308960186,0,0,0,0,sell,True,0,0,0,0,-29.93783209349977,7991.983127298707,-441.44212119463737,546.3689323315891,7991.983127298707,0.0,0.0,546094.8800152951,10779.390772482371
1382,6474.56,6474.56,0,0.0013350622140108706,0,0,0,0,sell,True,0,0,0,0,-29.93783209349977,7991.983127298707,-421.12909644766114,546.3689323315891,7991.983127298707,0.0,0.0,546094.8800152951,10779.390772482371
1383,6478.53,6490.883976052656,6497.381357410066,0.0019069103720530012,1.2300314061424287,7991.983127298706,7.991983127298707,0,buy,False,0,0,0,0,-29.93783209349977,7968.795365635909,-415.25562898622775,554.3609154588878,9.094947017729282e-13,1.2300314061424287,7968.795365635908,554078.8711594666,10779.390772482371
1384,6462.44,6462.44,6497.381357410066,0.0014589993009397637,0,0,0,0,buy,True,0,0,0,0,-29.93783209349977,7949.004160311078,-439.06018602765835,554.3609154588878,9.094947017729282e-13,1.2300314061424287,7949.004160311077,554078.8711594666,10779.390772482371
1385,6473.01,6473.01,6497.381357410066,0.0011063853703217649,0,0,0,0,hold,False,0,0,0.0016356051274750598,0,-29.936196488372296,7962.005592274003,-423.42226384444257,554.3609154588878,9.094947017729282e-13,1.2300314061424287,7962.005592274002,554078.8711594666,10779.390772482371
1386,6506.77,6506.77,6497.381357410066,0.0017230789593159928,0,0,0,0,hold,False,0,0,0.005215502525100494,0,-29.930980985847196,8003.531452545372,-373.47559847970297,554.3609154588878,9.094947017729282e-13,1.2300314061424287,8003.531452545371,554078.8711594666,10779.390772482371
1387,6508.01,6508.01,6497.381357410066,0.0010215704706484615,0,0,0,0,buy,True,0,0,0,0,-29.930980985847196,8005.056691488989,-371.6410645622782,554.3609154588878,9.094947017729282e-13,1.2300314061424287,8005.056691488988,554078.8711594666,10779.390772482371
1388,6519.92,6519.92,6497.381357410066,0.0018781334424555747,0,0,0,0,hold,False,0,0,0.0018300525045289577,0,-29.929150933342665,8019.706365536144,-354.0206621779762,554.3609154588878,9.094947017729282e-13,1.2300314061424287,8019.7063655361435,554078.8711594666,10779.390772482371
1389,6493.48,6493.48,6497.381357410066,0.0019161813236480152,0,0,0,0,buy,True,0,0,0,0,-29.929150933342665,7987.184335157738,-393.1376595785605,554.3609154588878,9.094947017729282e-13,1.2300314061424287,7987.184335157737,554078.8711594666,10779.390772482371
1390,6479.0,6479.0,6497.381357410066,0.0018414980410067588,0,0,0,0,buy,True,0,0,0,0,-29.929150933342665,7969.373480396796,-414.56028145301025,554.3609154588878,9.094947017729282e-13,1.2300314061424287,7969.3734803967955,554078.8711594666,10779.390772482371
1391,6509.99,6503.3313853489035,0,0.001022830242611239,1.2300314061424287,7991.302546682369,7.999301848530901,-0.6805806163356465,sell,False,0,0,-1.0,0,-30.929150933342665,7991.30254668237,-368.7117281457449,562.3602173074187,7991.30254668237,0.0,0.0,562078.1730079975,10779.390772482371
1392,6565.08,6565.08,0,0.0013086141298032814,0,0,0,0,hold,False,0,0,0,0,-30.929150933342665,7991.30254668237,-287.20812047561776,562.3602173074187,7991.30254668237,0.0,0.0,562078.1730079975,10779.390772482371
1393,6584.49,6584.49,0,0.001970435323325283,0,0,0,0,hold,False,0,0,0,0,-30.929150933342665,7991.30254668237,-258.49174681656586,562.3602173074187,7991.30254668237,0.0,0.0,562078.1730079975,10779.390772482371
1394,6603.02,6603.02,0,0.0010889506849102377,0,0,0,0,hold,False,0,0,0,0,-30.929150933342665,7991.30254668237,-231.07730045375138,562.3602173074187,7991.30254668237,0.0,0.0,562078.1730079975,10779.390772482371
1395,6533.29,6533.29,0,0.00181737160601969,0,0,0,0,hold,False,0,0,0,0,-30.929150933342665,7991.30254668237,-334.24024405218915,562.3602173074187,7991.30254668237,0.0,0.0,562078.1730079975,10779.390772482371
1396,6497.75,6497.75,0,0.0017254563971945414,0,0,0,0,hold,False,0,0,0,0,-30.929150933342665,7991.30254668237,-386.8203532661355,562.3602173074187,7991.30254668237,0.0,0.0,562078.1730079975,10779.390772482371
1397,6524.99,6524.99,0,0.001482178559675595,0,0,0,0,hold,False,0,0,0,0,-30.929150933342665,7991.30254668237,-346.51978559624695,562.3602173074187,7991.30254668237,0.0,0.0,562078.1730079975,10779.390772482371
1398,6511.03,6511.03,0,0.0017363293005376668,0,0,0,0,hold,False,0,0,0,0,-30.929150933342665,7991.30254668237,-367.17308679564667,562.3602173074187,7991.30254668237,0.0,0.0,562078.1730079975,10779.390772482371
1399,6518.23,6518.23,0,0.0015593390922175948,0,0,0,0,hold,False,0,0,0,0,-30.929150933342665,7991.30254668237,-356.52095437188837,562.3602173074187,7991.30254668237,0.0,0.0,562078.1730079975,10779.390772482371
1400,6470.28,6470.28,0,0.001228312468226886,0,0,0,0,hold,False,0,0,0,0,-30.929150933342665,7991.30254668237,-427.461197388453,562.3602173074187,7991.30254668237,0.0,0.0,562078.1730079975,10779.390772482371
1401,6463.37,6463.37,0,0.0016030069702908257,0,0,0,0,hold,False,0,0,0,0,-30.929150933342665,7991.30254668237,-437.6842855895884,562.3602173074187,7991.30254668237,0.0,0.0,562078.1730079975,10779.390772482371
1402,6486.56,6486.56,0,0.0019562289860853266,0,0,0,0,hold,False,0,0,0,0,-30.929150933342665,7991.30254668237,-403.37554240806276,562.3602173074187,7991.30254668237,0.0,0.0,562078.1730079975,10779.390772482371
1403,6480.58,6488.038865392413,6494.5333987912045,0.0011509564564302624,1.230466002094893,7991.30254668237,7.99130254668237,0,buy,False,0,0,0,0,-30.929150933342665,7974.133363856122,-412.22273017113,570.3515198541011,0.0,1.230466002094893,7974.133363856122,570061.4842521332,10779.390772482371
1404,6508.66,6508.66,6494.5333987912045,0.0010038205360989576,0,0,0,0,hold,False,0,0,0.004332945507963722,0,-30.9248179878347,8008.684849194946,-370.6794137184679,570.3515198541011,0.0,1.230466002094893,8008.684849194946,570061.4842521332,10779.390772482371
1405,6502.72,6502.72,6494.5333987912045,0.001118886453968737,0,0,0,0,buy,True,0,0,0,0,-30.9248179878347,8001.375881142503,-379.4674229680677,570.3515198541011,0.0,1.230466002094893,8001.375881142503,570061.4842521332,10779.390772482371
1406,6474.94,6474.94,6494.5333987912045,0.001477912896167573,0,0,0,0,hold,False,0,0,-0.0042720584616900235,0,-30.92909004629639,7967.193535604306,-420.56690056974185,570.3515198541011,0.0,1.230466002094893,7967.193535604306,570061.4842521332,10779.390772482371
1407,6349.99,6349.99,6494.5333987912045,0.001363096009899803,0,0,0,0,buy,True,0,0,0,0,-30.92909004629639,7813.4468086425495,-605.4257820070688,570.3515198541011,0.0,1.230466002094893,7813.4468086425495,570061.4842521332,10779.390772482371
1408,6340.36,6340.36,6494.5333987912045,0.0015630889386897655,0,0,0,0,buy,True,0,0,0,0,-30.92909004629639,7801.597421042376,-619.6730091238478,570.3515198541011,0.0,1.230466002094893,7801.597421042376,570061.4842521332,10779.390772482371
1409,6356.92,6356.92,6494.5333987912045,0.001703566159835095,0,0,0,0,hold,False,0,0,0.0026118390753837907,0,-30.926478207221006,7821.9739380370675,-595.1731045491997,570.3515198541011,0.0,1.230466002094893,7821.9739380370675,570061.4842521332,10779.390772482371
1410,6338.01,6338.01,6494.5333987912045,0.0014439168516937062,0,0,0,0,hold,False,0,0,-0.0029747110235775137,0,-30.929452918244582,7798.705825937453,-623.1497467899353,570.3515198541011,0.0,1.230466002094893,7798.705825937453,570061.4842521332,10779.390772482371
1411,6335.82,6335.82,6494.5333987912045,0.0011177747787597093,0,0,0,0,buy,True,0,0,0,0,-30.929452918244582,7796.011105392865,-626.3897704021638,570.3515198541011,0.0,1.230466002094893,7796.011105392865,570061.4842521332,10779.390772482371
1412,6367.99,6367.99,6494.5333987912045,0.0019965854852136197,0,0,0,0,hold,False,0,0,0.005077480105179763,0,-30.924375438139403,7835.595196680258,-578.7954509476713,570.3515198541011,0.0,1.230466002094893,7835.595196680258,570061.4842521332,10779.390772482371
1413,6370.19,6370.19,6494.5333987912045,0.0012656367104695915,0,0,0,0,hold,False,0,0,0.00034547792945642655,0,-30.924029960209946,7838.3022218848655,-575.5406327070777,570.3515198541011,0.0,1.230466002094893,7838.3022218848655,570061.4842521332,10779.390772482371
1414,6357.11,6357.11,6494.5333987912045,0.0018668274737794139,0,0,0,0,buy,True,0,0,0,0,-30.924029960209946,7822.207726577465,-594.8920066102401,570.3515198541011,0.0,1.230466002094893,7822.207726577465,570061.4842521332,10779.390772482371
1415,6390.5,6390.5,6494.5333987912045,0.001713753016265775,0,0,0,0,hold,False,0,0,0.005252386697728962,0,-30.918777573512216,7863.292986387413,-545.4927424950547,570.3515198541011,0.0,1.230466002094893,7863.292986387413,570061.4842521332,10779.390772482371
1416,6392.02,6392.02,6494.5333987912045,0.0013905627832612336,0,0,0,0,hold,False,0,0,0.00023785306314068008,0,-30.918539720449076,7865.163294710598,-543.2439589833721,570.3515198541011,0.0,1.230466002094893,7865.163294710598,570061.4842521332,10779.390772482371
1417,6387.96,6387.96,6494.5333987912045,0.0013221327453889994,0,0,0,0,buy,True,0,0,0,0,-30.918539720449076,7860.167602742093,-549.2505781001037,570.3515198541011,0.0,1.230466002094893,7860.167602742093,570061.4842521332,10779.390772482371
1418,6367.98,6367.98,6494.5333987912045,0.0015571684779616814,0,0,0,0,hold,False,0,0,-0.0031277590968009808,0,-30.921667479545878,7835.582892020236,-578.8102455760363,570.3515198541011,0.0,1.230466002094893,7835.582892020236,570061.4842521332,10779.390772482371
1419,6346.27,6346.27,6494.5333987912045,0.0018534486881089814,0,0,0,0,buy,True,0,0,0,0,-30.921667479545878,7808.869475114757,-610.929383759345,570.3515198541011,0.0,1.230466002094893,7808.869475114757,570061.4842521332,10779.390772482371
1420,6359.36,6359.36,6494.5333987912045,0.0013771416313748419,0,0,0,0,hold,False,0,0,0.0020626289143070567,0,-30.919604850631572,7824.976275082178,-591.5632152278158,570.3515198541011,0.0,1.230466002094893,7824.976275082178,570061.4842521332,10779.390772482371
1421,6335.0,6325.307879826913,0,0.001529932150447712,1.230466002094893,7775.293222611036,7.783076298909946,-216.00932407133496,sell,False,0,0,-1.0,0,-31.919604850631572,7775.293222611036,-627.6029299282018,578.134596153011,7775.293222611036,0.0,0.0,577844.5605510431,10779.390772482371
1422,6355.49,6355.49,0,0.0019374758279286483,0,0,0,0,sell,True,0,0,0,0,-31.919604850631572,7775.293222611036,-597.288736405586,578.134596153011,7775.293222611036,0.0,0.0,577844.5605510431,10779.390772482371
1423,6370.95,6370.95,0,0.0015866586877090571,0,0,0,0,sell,True,0,0,0,0,-31.919604850631572,7775.293222611036,-574.4162409512355,578.134596153011,7775.293222611036,0.0,0.0,577844.5605510431,10779.390772482371
1424,6363.4,6363.4,0,0.0013384441852862655,0,0,0,0,sell,True,0,0,0,0,-31.919604850631572,7775.293222611036,-585.586185367818,578.134596153011,7775.293222611036,0.0,0.0,577844.5605510431,10779.390772482371
1425,6348.95,6348.95,0,0.00126389818827962,0,0,0,0,sell,True,0,0,0,0,-31.919604850631572,7775.293222611036,-606.9644233571671,578.134596153011,7775.293222611036,0.0,0.0,577844.5605510431,10779.390772482371
1426,6368.02,6368.02,0,0.0017086527094212118,0,0,0,0,sell,True,0,0,0,0,-31.919604850631572,7775.293222611036,-578.7510670625707,578.134596153011,7775.293222611036,0.0,0.0,577844.5605510431,10779.390772482371
1427,6356.5,6356.5,0,0.0010905277016394993,0,0,0,0,sell,True,0,0,0,0,-31.919604850631572,7775.293222611036,-595.7944789405865,578.134596153011,7775.293222611036,0.0,0.0,577844.5605510431,10779.390772482371
1428,6374.25,6374.25,0,0.0019222442949107562,0,0,0,0,sell,True,0,0,0,0,-31.919604850631572,7775.293222611036,-569.5340135903461,578.134596153011,7775.293222611036,0.0,0.0,577844.5605510431,10779.390772482371
1429,6429.41,6429.41,0,0.0011828643536309373,0,0,0,0,sell,True,0,0,0,0,-31.919604850631572,7775.293222611036,-487.9268435216545,578.134596153011,7775.293222611036,0.0,0.0,577844.5605510431,10779.390772482371
1430,6417.3,6417.3,0,0.0017761812783038465,0,0,0,0,sell,True,0,0,0,0,-31.919604850631572,7775.293222611036,-505.84313847328303,578.134596153011,7775.293222611036,0.0,0.0,577844.5605510431,10779.390772482371
1431,6449.99,6449.99,0,0.0012853006492766132,0,0,0,0,sell,True,0,0,0,0,-31.919604850631572,7775.293222611036,-457.4794983437423,578.134596153011,7775.293222611036,0.0,0.0,577844.5605510431,10779.390772482371
1432,6424.99,6424.99,0,0.0011550471467183594,0,0,0,0,sell,True,0,0,0,0,-31.919604850631572,7775.293222611036,-494.4660692595735,578.134596153011,7775.293222611036,0.0,0.0,577844.5605510431,10779.390772482371
1433,6409.46,6409.46,0,0.001447285205146099,0,0,0,0,sell,True,0,0,0,0,-31.919604850631572,7775.293222611036,-517.4421271124884,578.134596153011,7775.293222611036,0.0,0.0,577844.5605510431,10779.390772482371
1434,6380.0,6380.0,0,0.0012273341652530953,0,0,0,0,sell,True,0,0,0,0,-31.919604850631572,7775.293222611036,-561.0271022797042,578.134596153011,7775.293222611036,0.0,0.0,577844.5605510431,10779.390772482371
1435,6356.19,6356.19,0,0.0013761276173612639,0,0,0,0,sell,True,0,0,0,0,-31.919604850631572,7775.293222611036,-596.2531124199431,578.134596153011,7775.293222611036,0.0,0.0,577844.5605510431,10779.390772482371
1436,6362.71,6362.71,0,0.001981181015610853,0,0,0,0,sell,True,0,0,0,0,-31.919604850631572,7775.293222611036,-586.6070147250939,578.134596153011,7775.293222611036,0.0,0.0,577844.5605510431,10779.390772482371
1437,6375.48,6375.48,0,0.00120691598575768,0,0,0,0,sell,True,0,0,0,0,-31.919604850631572,7775.293222611036,-567.7142743012882,578.134596153011,7775.293222611036,0.0,0.0,577844.5605510431,10779.390772482371
1438,6532.37,6532.37,0,0.001247118956579267,0,0,0,0,sell,True,0,0,0,0,-31.919604850631572,7775.293222611036,-335.60134986189223,578.134596153011,7775.293222611036,0.0,0.0,577844.5605510431,10779.390772482371
1439,6484.08,6484.08,0,0.0016339164041535722,0,0,0,0,sell,True,0,0,0,0,-31.919604850631572,7775.293222611036,-407.04461024291413,578.134596153011,7775.293222611036,0.0,0.0,577844.5605510431,10779.390772482371
1440,6518.95,6518.95,0,0.0015330981214997802,0,0,0,0,sell,True,0,0,0,0,-31.919604850631572,7775.293222611036,-355.4557411295118,578.134596153011,7775.293222611036,0.0,0.0,577844.5605510431,10779.390772482371
1441,6477.53,6477.53,0,0.001502498154013402,0,0,0,0,sell,True,0,0,0,0,-31.919604850631572,7775.293222611036,-416.73509182286216,578.134596153011,7775.293222611036,0.0,0.0,577844.5605510431,10779.390772482371
1442,6508.0,6508.0,0,0.0017211766002487969,0,0,0,0,sell,True,0,0,0,0,-31.919604850631572,7775.293222611036,-371.65585919064506,578.134596153011,7775.293222611036,0.0,0.0,577844.5605510431,10779.390772482371
1443,6517.0,6517.0,0,0.0018090644423005976,0,0,0,0,sell,True,0,0,0,0,-31.919604850631572,7775.293222611036,-358.3406936609463,578.134596153011,7775.293222611036,0.0,0.0,577844.5605510431,10779.390772482371
1444,6491.68,6491.68,0,0.001399983393633979,0,0,0,0,sell,True,0,0,0,0,-31.919604850631572,7775.293222611036,-395.80069268449915,578.134596153011,7775.293222611036,0.0,0.0,577844.5605510431,10779.390772482371
1445,6484.18,6484.18,0,0.0010085283260250924,0,0,0,0,sell,True,0,0,0,0,-31.919604850631572,7775.293222611036,-406.89666395924905,578.134596153011,7775.293222611036,0.0,0.0,577844.5605510431,10779.390772482371
1446,6453.95,6453.95,0,0.0010829453491950916,0,0,0,0,sell,True,0,0,0,0,-31.919604850631572,7775.293222611036,-451.62082551067397,578.134596153011,7775.293222611036,0.0,0.0,577844.5605510431,10779.390772482371
1447,6470.79,6470.79,0,0.0017794669821698137,0,0,0,0,sell,True,0,0,0,0,-31.919604850631572,7775.293222611036,-426.70667134176983,578.134596153011,7775.293222611036,0.0,0.0,577844.5605510431,10779.390772482371
1448,6431.71,6431.71,0,0.0018957910307496753,0,0,0,0,sell,True,0,0,0,0,-31.919604850631572,7775.293222611036,-484.52407899739774,578.134596153011,7775.293222611036,0.0,0.0,577844.5605510431,10779.390772482371
1449,6458.0,6458.0,0,0.001366949380133855,0,0,0,0,sell,True,0,0,0,0,-31.919604850631572,7775.293222611036,-445.62900102230924,578.134596153011,7775.293222611036,0.0,0.0,577844.5605510431,10779.390772482371
1450,6435.0,6435.0,0,0.0013815841561377342,0,0,0,0,sell,True,0,0,0,0,-31.919604850631572,7775.293222611036,-479.65664626487523,578.134596153011,7775.293222611036,0.0,0.0,577844.5605510431,10779.390772482371
1451,6410.0,6410.0,0,0.0017113913050139282,0,0,0,0,sell,True,0,0,0,0,-31.919604850631572,7775.293222611036,-516.6432171807064,578.134596153011,7775.293222611036,0.0,0.0,577844.5605510431,10779.390772482371
1452,6412.03,6412.03,0,0.0017754461119079141,0,0,0,0,sell,True,0,0,0,0,-31.919604850631572,7775.293222611036,-513.6399076223406,578.134596153011,7775.293222611036,0.0,0.0,577844.5605510431,10779.390772482371
1453,6444.8,6444.8,0,0.0011715633167193326,0,0,0,0,sell,True,0,0,0,0,-31.919604850631572,7775.293222611036,-465.15791046586855,578.134596153011,7775.293222611036,0.0,0.0,577844.5605510431,10779.390772482371
1454,6445.33,6445.33,0,0.0014288442835040465,0,0,0,0,sell,True,0,0,0,0,-31.919604850631572,7775.293222611036,-464.37379516245346,578.134596153011,7775.293222611036,0.0,0.0,577844.5605510431,10779.390772482371
1455,6435.4,6435.4,0,0.0016235631198141553,0,0,0,0,sell,True,0,0,0,0,-31.919604850631572,7775.293222611036,-479.0648611302222,578.134596153011,7775.293222611036,0.0,0.0,577844.5605510431,10779.390772482371
1456,6446.82,6446.82,0,0.0014858177953975807,0,0,0,0,sell,True,0,0,0,0,-31.919604850631572,7775.293222611036,-462.1693955358696,578.134596153011,7775.293222611036,0.0,0.0,577844.5605510431,10779.390772482371
1457,6426.37,6426.37,0,0.0018186474756860206,0,0,0,0,sell,True,0,0,0,0,-31.919604850631572,7775.293222611036,-492.4244105450198,578.134596153011,7775.293222611036,0.0,0.0,577844.5605510431,10779.390772482371
1458,6476.86,6476.86,0,0.0014743548414181754,0,0,0,0,sell,True,0,0,0,0,-31.919604850631572,7775.293222611036,-417.7263319234062,578.134596153011,7775.293222611036,0.0,0.0,577844.5605510431,10779.390772482371
1459,6468.21,6468.21,0,0.001618790550445798,0,0,0,0,sell,True,0,0,0,0,-31.919604850631572,7775.293222611036,-430.52368546028265,578.134596153011,7775.293222611036,0.0,0.0,577844.5605510431,10779.390772482371
1460,6468.17,6468.17,0,0.0018816757516436741,0,0,0,0,sell,True,0,0,0,0,-31.919604850631572,7775.293222611036,-430.5828639737483,578.134596153011,7775.293222611036,0.0,0.0,577844.5605510431,10779.390772482371
1461,6449.96,6449.96,0,0.0011168181961173505,0,0,0,0,sell,True,0,0,0,0,-31.919604850631572,7775.293222611036,-457.5238822288411,578.134596153011,7775.293222611036,0.0,0.0,577844.5605510431,10779.390772482371
1462,6459.99,6459.99,0,0.0012634522859445627,0,0,0,0,sell,True,0,0,0,0,-31.919604850631572,7775.293222611036,-442.6848699774091,578.134596153011,7775.293222611036,0.0,0.0,577844.5605510431,10779.390772482371
1463,6406.28,6406.28,0,0.0018468401076481306,0,0,0,0,sell,True,0,0,0,0,-31.919604850631572,7775.293222611036,-522.1468189329826,578.134596153011,7775.293222611036,0.0,0.0,577844.5605510431,10779.390772482371
1464,6297.68,6297.68,0,0.0013717481590116343,0,0,0,0,hold,False,0,0,0,0,-31.919604850631572,7775.293222611036,-682.8164829913549,578.134596153011,7775.293222611036,0.0,0.0,577844.5605510431,10779.390772482371
1465,6254.84,6254.84,0,0.001563165609767555,0,0,0,0,sell,True,0,0,0,0,-31.919604850631572,7775.293222611036,-746.1966709127246,578.134596153011,7775.293222611036,0.0,0.0,577844.5605510431,10779.390772482371
1466,6307.0,6307.0,0,0.0012186250899236147,0,0,0,0,sell,True,0,0,0,0,-31.919604850631572,7775.293222611036,-669.0278893539344,578.134596153011,7775.293222611036,0.0,0.0,577844.5605510431,10779.390772482371
1467,6304.59,6304.59,0,0.0017720698966965122,0,0,0,0,sell,True,0,0,0,0,-31.919604850631572,7775.293222611036,-672.5933947902195,578.134596153011,7775.293222611036,0.0,0.0,577844.5605510431,10779.390772482371
1468,6305.88,6305.88,0,0.0012582966629744086,0,0,0,0,sell,True,0,0,0,0,-31.919604850631572,7775.293222611036,-670.6848877309621,578.134596153011,7775.293222611036,0.0,0.0,577844.5605510431,10779.390772482371
1469,6311.96,6311.96,0,0.001699045148721508,0,0,0,0,sell,True,0,0,0,0,-31.919604850631572,7775.293222611036,-661.6897536842316,578.134596153011,7775.293222611036,0.0,0.0,577844.5605510431,10779.390772482371
1470,6289.01,6289.01,0,0.001903731754303268,0,0,0,0,sell,True,0,0,0,0,-31.919604850631572,7775.293222611036,-695.6434257849651,578.134596153011,7775.293222611036,0.0,0.0,577844.5605510431,10779.390772482371
1471,6318.02,6318.02,0,0.001461087318325769,0,0,0,0,sell,True,0,0,0,0,-31.919604850631572,7775.293222611036,-652.7242088942348,578.134596153011,7775.293222611036,0.0,0.0,577844.5605510431,10779.390772482371
1472,6379.89,6379.89,0,0.0011186331506518523,0,0,0,0,sell,True,0,0,0,0,-31.919604850631572,7775.293222611036,-561.1898431917343,578.134596153011,7775.293222611036,0.0,0.0,577844.5605510431,10779.390772482371
1473,6394.99,6394.99,0,0.0015358686198620733,0,0,0,0,sell,True,0,0,0,0,-31.919604850631572,7775.293222611036,-538.8499543585713,578.134596153011,7775.293222611036,0.0,0.0,577844.5605510431,10779.390772482371
1474,6478.82,6478.82,0,0.0010789992125464717,0,0,0,0,hold,False,0,0,0,0,-31.919604850631572,7775.293222611036,-414.82658476360484,578.134596153011,7775.293222611036,0.0,0.0,577844.5605510431,10779.390772482371
1475,6425.11,6425.11,0,0.0017545976850132342,0,0,0,0,hold,False,0,0,0,0,-31.919604850631572,7775.293222611036,-494.2885337191783,578.134596153011,7775.293222611036,0.0,0.0,577844.5605510431,10779.390772482371
1476,6448.6,6448.6,0,0.001323335615387205,0,0,0,0,sell,True,0,0,0,0,-31.919604850631572,7775.293222611036,-459.53595168666106,578.134596153011,7775.293222611036,0.0,0.0,577844.5605510431,10779.390772482371
1477,6431.12,6431.12,0,0.0014644632036289204,0,0,0,0,sell,True,0,0,0,0,-31.919604850631572,7775.293222611036,-485.39696207101224,578.134596153011,7775.293222611036,0.0,0.0,577844.5605510431,10779.390772482371
1478,6432.01,6432.01,0,0.0015307133648055013,0,0,0,0,sell,True,0,0,0,0,-31.919604850631572,7775.293222611036,-484.08024014640796,578.134596153011,7775.293222611036,0.0,0.0,577844.5605510431,10779.390772482371
1479,6400.0,6400.0,0,0.0018951046657947014,0,0,0,0,sell,True,0,0,0,0,-31.919604850631572,7775.293222611036,-531.4378455470396,578.134596153011,7775.293222611036,0.0,0.0,577844.5605510431,10779.390772482371
1480,6421.01,6421.01,0,0.001400444733445984,0,0,0,0,sell,True,0,0,0,0,-31.919604850631572,7775.293222611036,-500.35433134937375,578.134596153011,7775.293222611036,0.0,0.0,577844.5605510431,10779.390772482371
1481,6416.75,6416.75,0,0.0014587123023411407,0,0,0,0,sell,True,0,0,0,0,-31.919604850631572,7775.293222611036,-506.65684303343187,578.134596153011,7775.293222611036,0.0,0.0,577844.5605510431,10779.390772482371
1482,6436.35,6436.35,0,0.0017258720041424412,0,0,0,0,sell,True,0,0,0,0,-31.919604850631572,7775.293222611036,-477.6593714354185,578.134596153011,7775.293222611036,0.0,0.0,577844.5605510431,10779.390772482371
1483,6417.49,6417.49,0,0.0010898249492602829,0,0,0,0,sell,True,0,0,0,0,-31.919604850631572,7775.293222611036,-505.5620405343234,578.134596153011,7775.293222611036,0.0,0.0,577844.5605510431,10779.390772482371
1484,6450.0,6450.0,0,0.0016252222054342863,0,0,0,0,sell,True,0,0,0,0,-31.919604850631572,7775.293222611036,-457.46470371537544,578.134596153011,7775.293222611036,0.0,0.0,577844.5605510431,10779.390772482371
1485,6436.29,6436.29,0,0.001133539238846498,0,0,0,0,sell,True,0,0,0,0,-31.919604850631572,7775.293222611036,-477.7481392056179,578.134596153011,7775.293222611036,0.0,0.0,577844.5605510431,10779.390772482371
1486,6455.0,6455.0,0,0.0016648843338383083,0,0,0,0,sell,True,0,0,0,0,-31.919604850631572,7775.293222611036,-450.06738953220884,578.134596153011,7775.293222611036,0.0,0.0,577844.5605510431,10779.390772482371
1487,6459.61,6459.61,0,0.0010756552743781255,0,0,0,0,sell,True,0,0,0,0,-31.919604850631572,7775.293222611036,-443.2470658553302,578.134596153011,7775.293222611036,0.0,0.0,577844.5605510431,10779.390772482371
1488,6474.74,6474.74,0,0.0012385432842696256,0,0,0,0,sell,True,0,0,0,0,-31.919604850631572,7775.293222611036,-420.86279313706837,578.134596153011,7775.293222611036,0.0,0.0,577844.5605510431,10779.390772482371
1489,6480.0,6480.0,0,0.0012455440318104175,0,0,0,0,sell,True,0,0,0,0,-31.919604850631572,7775.293222611036,-413.08081861637766,578.134596153011,7775.293222611036,0.0,0.0,577844.5605510431,10779.390772482371
1490,6461.32,6461.32,0,0.0011798797767765114,0,0,0,0,sell,True,0,0,0,0,-31.919604850631572,7775.293222611036,-440.7171844046861,578.134596153011,7775.293222611036,0.0,0.0,577844.5605510431,10779.390772482371
1491,6808.96,6808.96,0,0.0018101732951051831,0,0,0,0,sell,True,0,0,0,0,-31.919604850631572,7775.293222611036,73.60327612250512,578.134596153011,7775.293222611036,0.0,0.0,577844.5605510431,10779.390772482371
1492,6730.0,6730.0,0,0.0016697461344139441,0,0,0,0,sell,True,0,0,0,0,-31.919604850631572,7775.293222611036,-43.21510945805858,578.134596153011,7775.293222611036,0.0,0.0,577844.5605510431,10779.390772482371
1493,6726.01,6726.01,0,0.0015304880940771525,0,0,0,0,sell,True,0,0,0,0,-31.919604850631572,7775.293222611036,-49.118166176223895,578.134596153011,7775.293222611036,0.0,0.0,577844.5605510431,10779.390772482371
1494,6715.96,6715.96,0,0.0016266713059669806,0,0,0,0,sell,True,0,0,0,0,-31.919604850631572,7775.293222611036,-63.98676768438963,578.134596153011,7775.293222611036,0.0,0.0,577844.5605510431,10779.390772482371
1495,6678.0,6678.0,0,0.0012990550703367945,0,0,0,0,sell,True,0,0,0,0,-31.919604850631572,7775.293222611036,-120.14717696298794,578.134596153011,7775.293222611036,0.0,0.0,577844.5605510431,10779.390772482371
1496,6686.0,6686.0,0,0.0014165835831957546,0,0,0,0,sell,True,0,0,0,0,-31.919604850631572,7775.293222611036,-108.31147426992175,578.134596153011,7775.293222611036,0.0,0.0,577844.5605510431,10779.390772482371
1497,6653.55,6653.55,0,0.0013323556151989854,0,0,0,0,sell,True,0,0,0,0,-31.919604850631572,7775.293222611036,-156.3200433186721,578.134596153011,7775.293222611036,0.0,0.0,577844.5605510431,10779.390772482371
1498,6668.04,6668.04,0,0.0016077876007769823,0,0,0,0,sell,True,0,0,0,0,-31.919604850631572,7775.293222611036,-134.88262681585547,578.134596153011,7775.293222611036,0.0,0.0,577844.5605510431,10779.390772482371
1499,6667.02,6676.290959233859,6682.973933167026,0.0013905701848590283,1.1634480846951867,7775.293222611035,7.775293222611036,0,buy,False,0,0,0,0,-31.919604850631572,7756.731649624505,-136.3916789092218,585.909889375622,9.094947017729282e-13,1.1634480846951867,7756.731649624504,585612.0784804316,10779.390772482371
1500,6658.48,6658.48,6682.973933167026,0.0016902944568618632,0,0,0,0,hold,False,0,0,-0.0012809321105982467,0,-31.92088578274217,7746.795802981207,-149.02629153406997,585.909889375622,9.094947017729282e-13,1.1634480846951867,7746.795802981206,585612.0784804316,10779.390772482371
1501,6670.01,6670.01,6682.973933167026,0.0011630364195591855,0,0,0,0,hold,False,0,0,0.0017316264372650863,0,-31.919154156304906,7760.210359397744,-131.96808502768727,585.909889375622,9.094947017729282e-13,1.1634480846951867,7760.210359397743,585612.0784804316,10779.390772482371
1502,6661.02,6661.02,6682.973933167026,0.0018417953155197362,0,0,0,0,hold,False,0,0,-0.0013478240662307493,0,-31.920501980371135,7749.750961116334,-145.268455929021,585.909889375622,9.094947017729282e-13,1.1634480846951867,7749.750961116333,585612.0784804316,10779.390772482371
1503,6666.0,6666.0,6682.973933167026,0.001779287919791499,0,0,0,0,hold,False,0,0,0.0007476332453587426,0,-31.919754347125778,7755.544932578116,-137.90073100258815,585.909889375622,9.094947017729282e-13,1.1634480846951867,7755.544932578115,585612.0784804316,10779.390772482371
1504,6650.04,6650.04,6682.973933167026,0.0015980663341430173,0,0,0,0,buy,True,0,0,0,0,-31.919754347125778,7736.97630114638,-161.51295787525487,585.909889375622,9.094947017729282e-13,1.1634480846951867,7736.976301146379,585612.0784804316,10779.390772482371
1505,6459.36,6459.36,6682.973933167026,0.0019850516899102937,0,0,0,0,hold,False,0,0,-0.0286735117382753,0,-31.948427858864054,7515.130020356702,-443.61693156448746,585.909889375622,9.094947017729282e-13,1.1634480846951867,7515.130020356701,585612.0784804316,10779.390772482371
1506,6429.64,6429.64,6682.973933167026,0.001206858345470865,0,0,0,0,hold,False,0,0,-0.004601075029104914,0,-31.953028933893158,7480.552343279562,-487.5865670692274,585.909889375622,9.094947017729282e-13,1.1634480846951867,7480.552343279561,585612.0784804316,10779.390772482371
1507,6445.5,6445.5,6682.973933167026,0.001495792310584396,0,0,0,0,buy,True,0,0,0,0,-31.953028933893158,7499.004629902826,-464.12228648022574,585.909889375622,9.094947017729282e-13,1.1634480846951867,7499.004629902825,585612.0784804316,10779.390772482371
1508,6408.26,6408.26,6682.973933167026,0.0016010550778203464,0,0,0,0,buy,True,0,0,0,0,-31.953028933893158,7455.677823228778,-519.2174825164475,585.909889375622,9.094947017729282e-13,1.1634480846951867,7455.677823228777,585612.0784804316,10779.390772482371
1509,6438.2,6438.2,6682.973933167026,0.0012707648143648815,0,0,0,0,hold,False,0,0,0.004672095077290864,0,-31.94835683881587,7490.511458884552,-474.9223651876473,585.909889375622,9.094947017729282e-13,1.1634480846951867,7490.511458884551,585612.0784804316,10779.390772482371
1510,6330.01,6330.01,6682.973933167026,0.0016341179208198765,0,0,0,0,hold,False,0,0,-0.016804386319157545,0,-31.965161225135027,7364.638010601379,-634.9854494830015,585.909889375622,9.094947017729282e-13,1.1634480846951867,7364.6380106013785,585612.0784804316,10779.390772482371
1511,6367.91,6367.91,6682.973933167026,0.00113278147631679,0,0,0,0,hold,False,0,0,0.005987352310659831,0,-31.95917387282437,7408.732693011327,-578.9138079746008,585.909889375622,9.094947017729282e-13,1.1634480846951867,7408.732693011326,585612.0784804316,10779.390772482371
1512,6351.23,6351.23,6682.973933167026,0.001276386334754468,0,0,0,0,hold,False,0,0,-0.00261938375385334,0,-31.961793256578222,7389.326378958611,-603.5912480896441,585.909889375622,9.094947017729282e-13,1.1634480846951867,7389.32637895861,585612.0784804316,10779.390772482371
1513,6360.89,6360.89,6682.973933167026,0.001635373888197159,0,0,0,0,hold,False,0,0,0.001520965230357142,0,-31.960272291347867,7400.565287456768,-589.2996370877663,585.909889375622,9.094947017729282e-13,1.1634480846951867,7400.565287456767,585612.0784804316,10779.390772482371
1514,6428.42,6428.42,6682.973933167026,0.0019120017805597993,0,0,0,0,hold,False,0,0,0.010616438894557073,0,-31.949655852453308,7479.132936616233,-489.39151172992206,585.909889375622,9.094947017729282e-13,1.1634480846951867,7479.132936616232,585612.0784804316,10779.390772482371
1515,6417.0,6417.0,6682.973933167026,0.0017471056670979234,0,0,0,0,hold,False,0,0,-0.0017764862905659596,0,-31.951432338743874,7465.846359489014,-506.2869773242728,585.909889375622,9.094947017729282e-13,1.1634480846951867,7465.846359489013,585612.0784804316,10779.390772482371
1516,6417.83,6417.83,6682.973933167026,0.001571565962396426,0,0,0,0,hold,False,0,0,0.00012934393018545202,0,-31.951302994813688,7466.812021399311,-505.05902316986794,585.909889375622,9.094947017729282e-13,1.1634480846951867,7466.81202139931,585612.0784804316,10779.390772482371
1517,6399.0,6399.0,6682.973933167026,0.0017634771343277536,0,0,0,0,hold,False,0,0,-0.002934013521704343,0,-31.95423700833539,7444.9042939645005,-532.9173083836722,585.909889375622,9.094947017729282e-13,1.1634480846951867,7444.9042939645,585612.0784804316,10779.390772482371
1518,6392.03,6392.03,6682.973933167026,0.001536020004379883,0,0,0,0,buy,True,0,0,0,0,-31.95423700833539,7436.795060814175,-543.229164355007,585.909889375622,9.094947017729282e-13,1.1634480846951867,7436.795060814174,585612.0784804316,10779.390772482371
1519,6430.56,6430.56,6682.973933167026,0.0013167856290162824,0,0,0,0,hold,False,0,0,0.006027819018371445,0,-31.94820918931702,7481.622715517481,-486.2254612595261,585.909889375622,9.094947017729282e-13,1.1634480846951867,7481.62271551748,585612.0784804316,10779.390772482371
1520,6434.01,6434.01,6682.973933167026,0.0011995734319209786,0,0,0,0,hold,False,0,0,0.0005365007091139252,0,-31.947672688607906,7485.636611409679,-481.12131447314096,585.909889375622,9.094947017729282e-13,1.1634480846951867,7485.636611409678,585612.0784804316,10779.390772482371
1521,6437.99,6437.99,6682.973933167026,0.0019805859257852375,0,0,0,0,hold,False,0,0,0.0006185877858442169,0,-31.94705410082206,7490.267134786765,-475.2330523833407,585.909889375622,9.094947017729282e-13,1.1634480846951867,7490.2671347867645,585612.0784804316,10779.390772482371
1522,6430.4,6430.4,6682.973933167026,0.0012221765300362308,0,0,0,0,hold,False,0,0,-0.0011789393894678548,0,-31.94823304021153,7481.436563823929,-486.4621753133888,585.909889375622,9.094947017729282e-13,1.1634480846951867,7481.436563823928,585612.0784804316,10779.390772482371
1523,6408.01,6408.01,6682.973933167026,0.0016882834736443343,0,0,0,0,hold,False,0,0,-0.0034818984822094197,0,-31.95171493869374,7455.386961207604,-519.5873482256065,585.909889375622,9.094947017729282e-13,1.1634480846951867,7455.386961207603,585612.0784804316,10779.390772482371
1524,6424.37,6424.37,6682.973933167026,0.0012767425237938774,0,0,0,0,hold,False,0,0,0.0025530546924864136,0,-31.949161884001253,7474.420971873217,-495.3833362182868,585.909889375622,9.094947017729282e-13,1.1634480846951867,7474.420971873216,585612.0784804316,10779.390772482371
1525,6406.61,6406.61,6682.973933167026,0.0011801838429156475,0,0,0,0,hold,False,0,0,-0.0027644734036178257,0,-31.951926357404872,7453.75813388903,-521.658596196894,585.909889375622,9.094947017729282e-13,1.1634480846951867,7453.7581338890295,585612.0784804316,10779.390772482371
1526,6435.75,6435.75,6682.973933167026,0.0011596434012470206,0,0,0,0,hold,False,0,0,0.004548427327401016,0,-31.947377930077472,7487.661011077049,-478.5470491373999,585.909889375622,9.094947017729282e-13,1.1634480846951867,7487.661011077048,585612.0784804316,10779.390772482371
1527,6429.22,6429.22,6682.973933167026,0.0014719860376555267,0,0,0,0,buy,True,0,0,0,0,-31.947377930077472,7480.063695083989,-488.20794146061417,585.909889375622,9.094947017729282e-13,1.1634480846951867,7480.063695083988,585612.0784804316,10779.390772482371
1528,6438.01,6438.01,6682.973933167026,0.0018844709007668301,0,0,0,0,buy,True,0,0,0,0,-31.947377930077472,7490.2904037484595,-475.20346312660877,585.909889375622,9.094947017729282e-13,1.1634480846951867,7490.290403748459,585612.0784804316,10779.390772482371
1529,6435.01,6426.96964509077,0,0.0012494704606876186,1.1634480846951867,7469.968078450986,7.477445523974961,-305.3251441600496,sell,False,0,0,-1.0,0,-32.94737793007747,7469.9680784509865,-479.64185163650836,593.387334899597,7469.9680784509865,0.0,0.0,593089.5240044065,10779.390772482371
1530,6454.0,6454.0,0,0.001174919385785218,0,0,0,0,sell,True,0,0,0,0,-32.94737793007747,7469.9680784509865,-451.5468523688414,593.387334899597,7469.9680784509865,0.0,0.0,593089.5240044065,10779.390772482371
1531,6458.67,6458.67,0,0.0017470601594180926,0,0,0,0,sell,True,0,0,0,0,-32.94737793007747,7469.9680784509865,-444.6377609217652,593.387334899597,7469.9680784509865,0.0,0.0,593089.5240044065,10779.390772482371
1532,6449.52,6449.52,0,0.0015469662220584538,0,0,0,0,sell,True,0,0,0,0,-32.94737793007747,7469.9680784509865,-458.174845876958,593.387334899597,7469.9680784509865,0.0,0.0,593089.5240044065,10779.390772482371
1533,6417.3,6417.3,0,0.0011753607184638575,0,0,0,0,sell,True,0,0,0,0,-32.94737793007747,7469.9680784509865,-505.84313847328303,593.387334899597,7469.9680784509865,0.0,0.0,593089.5240044065,10779.390772482371
1534,6418.46,6418.46,0,0.0011919154921957945,0,0,0,0,sell,True,0,0,0,0,-32.94737793007747,7469.9680784509865,-504.12696158278777,593.387334899597,7469.9680784509865,0.0,0.0,593089.5240044065,10779.390772482371
1535,6472.23,6472.23,0,0.0013493797941334547,0,0,0,0,sell,True,0,0,0,0,-32.94737793007747,7469.9680784509865,-424.57624485701854,593.387334899597,7469.9680784509865,0.0,0.0,593089.5240044065,10779.390772482371
1536,6502.21,6502.21,0,0.0017234964598223396,0,0,0,0,sell,True,0,0,0,0,-32.94737793007747,7469.9680784509865,-380.2219490147527,593.387334899597,7469.9680784509865,0.0,0.0,593089.5240044065,10779.390772482371
1537,6525.01,6525.01,0,0.0014183075883515326,0,0,0,0,sell,True,0,0,0,0,-32.94737793007747,7469.9680784509865,-346.4901963395132,593.387334899597,7469.9680784509865,0.0,0.0,593089.5240044065,10779.390772482371
1538,6484.76,6484.76,0,0.0010408859078419512,0,0,0,0,hold,False,0,0,0,0,-32.94737793007747,7469.9680784509865,-406.0385755140014,593.387334899597,7469.9680784509865,0.0,0.0,593089.5240044065,10779.390772482371
1539,6499.46,6499.46,0,0.0017379024712574135,0,0,0,0,sell,True,0,0,0,0,-32.94737793007747,7469.9680784509865,-384.2904718154932,593.387334899597,7469.9680784509865,0.0,0.0,593089.5240044065,10779.390772482371
1540,6501.71,6501.71,0,0.0018944187944128507,0,0,0,0,sell,True,0,0,0,0,-32.94737793007747,7469.9680784509865,-380.961680433069,593.387334899597,7469.9680784509865,0.0,0.0,593089.5240044065,10779.390772482371
1541,6495.0,6495.0,0,0.00137717225923607,0,0,0,0,sell,True,0,0,0,0,-32.94737793007747,7469.9680784509865,-390.88887606687786,593.387334899597,7469.9680784509865,0.0,0.0,593089.5240044065,10779.390772482371
1542,6503.37,6503.37,0,0.0016039506031627555,0,0,0,0,hold,False,0,0,0,0,-32.94737793007747,7469.9680784509865,-378.5057721242574,593.387334899597,7469.9680784509865,0.0,0.0,593089.5240044065,10779.390772482371
1543,6523.04,6523.04,0,0.0017846668036965618,0,0,0,0,sell,True,0,0,0,0,-32.94737793007747,7469.9680784509865,-349.4047381276814,593.387334899597,7469.9680784509865,0.0,0.0,593089.5240044065,10779.390772482371
1544,6513.81,6513.81,0,0.0017494400144583574,0,0,0,0,hold,False,0,0,0,0,-32.94737793007747,7469.9680784509865,-363.0601801098055,593.387334899597,7469.9680784509865,0.0,0.0,593089.5240044065,10779.390772482371
1545,6534.65,6534.65,0,0.0019059704926738404,0,0,0,0,sell,True,0,0,0,0,-32.94737793007747,7469.9680784509865,-332.2281745943692,593.387334899597,7469.9680784509865,0.0,0.0,593089.5240044065,10779.390772482371
1546,6522.0,6522.0,0,0.0014713340231203658,0,0,0,0,hold,False,0,0,0,0,-32.94737793007747,7469.9680784509865,-350.9433794777797,593.387334899597,7469.9680784509865,0.0,0.0,593089.5240044065,10779.390772482371
1547,6528.02,6528.02,0,0.001754278692687294,0,0,0,0,hold,False,0,0,0,0,-32.94737793007747,7469.9680784509865,-342.03701320124674,593.387334899597,7469.9680784509865,0.0,0.0,593089.5240044065,10779.390772482371
1548,6542.93,6542.93,0,0.001585517351659437,0,0,0,0,hold,False,0,0,0,0,-32.94737793007747,7469.9680784509865,-319.97822230704514,593.387334899597,7469.9680784509865,0.0,0.0,593089.5240044065,10779.390772482371
1549,6531.5,6531.5,0,0.0014826831327866361,0,0,0,0,sell,True,0,0,0,0,-32.94737793007747,7469.9680784509865,-336.88848252976277,593.387334899597,7469.9680784509865,0.0,0.0,593089.5240044065,10779.390772482371
1550,6553.12,6553.12,0,0.0012189146447677951,0,0,0,0,hold,False,0,0,0,0,-32.94737793007747,7469.9680784509865,-304.9024960017523,593.387334899597,7469.9680784509865,0.0,0.0,593089.5240044065,10779.390772482371
1551,6530.0,6530.0,0,0.0010888335499138644,0,0,0,0,sell,True,0,0,0,0,-32.94737793007747,7469.9680784509865,-339.1076767847135,593.387334899597,7469.9680784509865,0.0,0.0,593089.5240044065,10779.390772482371
1552,6507.11,6507.11,0,0.0010078257259017065,0,0,0,0,sell,True,0,0,0,0,-32.94737793007747,7469.9680784509865,-372.97258111524934,593.387334899597,7469.9680784509865,0.0,0.0,593089.5240044065,10779.390772482371
1553,6504.08,6504.08,0,0.001972609039336935,0,0,0,0,sell,True,0,0,0,0,-32.94737793007747,7469.9680784509865,-377.45535351024773,593.387334899597,7469.9680784509865,0.0,0.0,593089.5240044065,10779.390772482371
1554,6547.58,6547.58,0,0.0011399311522554425,0,0,0,0,sell,True,0,0,0,0,-32.94737793007747,7469.9680784509865,-313.09872011670086,593.387334899597,7469.9680784509865,0.0,0.0,593089.5240044065,10779.390772482371
1555,6583.95,6583.95,0,0.0011123397673744933,0,0,0,0,sell,True,0,0,0,0,-32.94737793007747,7469.9680784509865,-259.2906567483478,593.387334899597,7469.9680784509865,0.0,0.0,593089.5240044065,10779.390772482371
1556,6632.33,6632.33,0,0.0016625825493422797,0,0,0,0,sell,True,0,0,0,0,-32.94737793007747,7469.9680784509865,-187.71424471202954,593.387334899597,7469.9680784509865,0.0,0.0,593089.5240044065,10779.390772482371
1557,6623.56,6623.56,0,0.001776040011729514,0,0,0,0,sell,True,0,0,0,0,-32.94737793007747,7469.9680784509865,-200.689133789303,593.387334899597,7469.9680784509865,0.0,0.0,593089.5240044065,10779.390772482371
1558,6615.01,6615.01,0,0.0014402417845928734,0,0,0,0,sell,True,0,0,0,0,-32.94737793007747,7469.9680784509865,-213.33854104251805,593.387334899597,7469.9680784509865,0.0,0.0,593089.5240044065,10779.390772482371
1559,6689.24,6689.24,0,0.0012078893149369044,0,0,0,0,sell,True,0,0,0,0,-32.94737793007747,7469.9680784509865,-103.51801467922996,593.387334899597,7469.9680784509865,0.0,0.0,593089.5240044065,10779.390772482371
1560,6671.65,6671.65,0,0.0016854562081605336,0,0,0,0,sell,True,0,0,0,0,-32.94737793007747,7469.9680784509865,-129.54176597560945,593.387334899597,7469.9680784509865,0.0,0.0,593089.5240044065,10779.390772482371
1561,6681.64,6689.456959677441,6696.153112790231,0.0011699163195622773,1.1155611218301897,7469.9680784509865,7.469968078450987,0,buy,False,0,0,0,0,-32.94737793007747,7453.777814065469,-114.76193223764312,600.857302978048,0.0,1.1155611218301897,7453.777814065469,600552.0221147791,10779.390772482371
1562,6715.02,6715.02,6696.153112790231,0.0019283736539714835,0,0,0,0,hold,False,0,0,0.0049957794792896025,0,-32.942382150598185,7491.0152443121615,-65.37746275082463,600.857302978048,0.0,1.1155611218301897,7491.0152443121615,600552.0221147791,10779.390772482371
1563,6728.87,6728.87,6696.153112790231,0.0012061622901320805,0,0,0,0,hold,False,0,0,0.002062540394518461,0,-32.940319610203666,7506.465765849509,-44.886902463453225,600.857302978048,0.0,1.1155611218301897,7506.465765849509,600552.0221147791,10779.390772482371
1564,6757.02,6757.02,6696.153112790231,0.0018585940042395886,0,0,0,0,hold,False,0,0,0.004183466168911003,0,-32.936136144034755,7537.868811429029,-3.2400236122266506,600.857302978048,0.0,1.1155611218301897,7537.868811429029,600552.0221147791,10779.390772482371
1565,6717.38,6717.38,6696.153112790231,0.0019166621514659335,0,0,0,0,hold,False,0,0,-0.005866491441493399,0,-32.94200263547625,7493.6479685596805,-61.88593045637026,600.857302978048,0.0,1.1155611218301897,7493.6479685596805,600552.0221147791,10779.390772482371
1566,6736.4,6736.4,6696.153112790231,0.001750422910894072,0,0,0,0,buy,True,0,0,0,0,-32.94200263547625,7514.865941096889,-33.74654730360635,600.857302978048,0.0,1.1155611218301897,7514.865941096889,600552.0221147791,10779.390772482371
1567,6721.11,6721.11,6696.153112790231,0.001738370056514213,0,0,0,0,hold,False,0,0,-0.0022697583278901887,0,-32.94427239380414,7497.809011544106,-56.367534075729054,600.857302978048,0.0,1.1155611218301897,7497.809011544106,600552.0221147791,10779.390772482371
1568,6674.99,6674.99,6696.153112790231,0.0017500693661325964,0,0,0,0,hold,False,0,0,-0.006861961789049755,0,-32.95113435559319,7446.359332605298,-124.60036010125441,600.857302978048,0.0,1.1155611218301897,7446.359332605298,600552.0221147791,10779.390772482371
1569,6672.01,6672.01,6696.153112790231,0.0019359221608400887,0,0,0,0,hold,False,0,0,-0.0004464426163933772,0,-32.951580798209584,7443.034960462244,-129.00915935442208,600.857302978048,0.0,1.1155611218301897,7443.034960462244,600552.0221147791,10779.390772482371
1570,6707.99,6707.99,6696.153112790231,0.0017309669527326727,0,0,0,0,hold,False,0,0,0.005392677768768353,0,-32.946188120440816,7483.172849625695,-75.77808649235703,600.857302978048,0.0,1.1155611218301897,7483.172849625695,600552.0221147791,10779.390772482371
1571,6688.65,6688.65,6696.153112790231,0.0014506937325919228,0,0,0,0,hold,False,0,0,-0.002883128925356235,0,-32.94907124936617,7461.597897529498,-104.39089775284447,600.857302978048,0.0,1.1155611218301897,7461.597897529498,600552.0221147791,10779.390772482371
1572,6712.99,6712.99,6696.153112790231,0.001998162384117235,0,0,0,0,hold,False,0,0,0.0036390003961935266,0,-32.94543224896998,7488.750655234845,-68.38077230919043,600.857302978048,0.0,1.1155611218301897,7488.750655234845,600552.0221147791,10779.390772482371
1573,6703.46,6703.46,6696.153112790231,0.001660664705286061,0,0,0,0,hold,False,0,0,-0.0014196356616053144,0,-32.946851884631585,7478.119357743803,-82.48005314230613,600.857302978048,0.0,1.1155611218301897,7478.119357743803,600552.0221147791,10779.390772482371
1574,6685.02,6685.02,6696.153112790231,0.0010652016474091077,0,0,0,0,hold,False,0,0,-0.0027508182341655033,0,-32.94960270286575,7457.548410657256,-109.76134784982241,600.857302978048,0.0,1.1155611218301897,7457.548410657256,600552.0221147791,10779.390772482371
1575,6695.14,6695.14,6696.153112790231,0.0014357275608925,0,0,0,0,hold,False,0,0,0.0015138324193495329,0,-32.9480888704464,7468.837889210177,-94.78918394309403,600.857302978048,0.0,1.1155611218301897,7468.837889210177,600552.0221147791,10779.390772482371
1576,6723.55,6723.55,6696.153112790231,0.001067544794921925,0,0,0,0,hold,False,0,0,0.004243376538802647,0,-32.943845493907595,7500.530980681372,-52.757644754343346,600.857302978048,0.0,1.1155611218301897,7500.530980681372,600552.0221147791,10779.390772482371
1577,6737.99,6737.99,6696.153112790231,0.0017014407059220854,0,0,0,0,hold,False,0,0,0.002147674963375052,0,-32.94169781894422,7516.6396832806,-31.394201393359253,600.857302978048,0.0,1.1155611218301897,7516.6396832806,600552.0221147791,10779.390772482371
1578,6713.51,6713.51,6696.153112790231,0.0017034338291913283,0,0,0,0,hold,False,0,0,-0.0036331309485469936,0,-32.94533094989277,7489.330747018197,-67.6114516341404,600.857302978048,0.0,1.1155611218301897,7489.330747018197,600552.0221147791,10779.390772482371
1579,6724.06,6724.06,6696.153112790231,0.0017553867229015844,0,0,0,0,hold,False,0,0,0.0015714581493139375,0,-32.94375949174346,7501.099916853506,-52.00311870765836,600.857302978048,0.0,1.1155611218301897,7501.099916853506,600552.0221147791,10779.390772482371
1580,6706.35,6706.35,6696.153112790231,0.0015933600785686835,0,0,0,0,buy,True,0,0,0,0,-32.94375949174346,7481.343329385893,-78.20440554443485,600.857302978048,0.0,1.1155611218301897,7481.343329385893,600552.0221147791,10779.390772482371
1581,6711.53,6711.53,6696.153112790231,0.0013954977813067375,0,0,0,0,hold,False,0,0,0.0007724022754552126,0,-32.942987089468,7487.121935996973,-70.54078805067547,600.857302978048,0.0,1.1155611218301897,7487.121935996973,600552.0221147791,10779.390772482371
1582,6709.9,6709.9,6696.153112790231,0.0015834456528499262,0,0,0,0,hold,False,0,0,-0.00024286563570454753,0,-32.9432299551037,7485.303571368389,-72.95231247438824,600.857302978048,0.0,1.1155611218301897,7485.303571368389,600552.0221147791,10779.390772482371
1583,6693.68,6693.68,6696.153112790231,0.0019684451767041766,0,0,0,0,buy,True,0,0,0,0,-32.9432299551037,7467.209169972305,-96.94919968457907,600.857302978048,0.0,1.1155611218301897,7467.209169972305,600552.0221147791,10779.390772482371
1584,6723.01,6723.01,6696.153112790231,0.0014102591584609215,0,0,0,0,buy,True,0,0,0,0,-32.9432299551037,7499.928577675584,-53.55655468612531,600.857302978048,0.0,1.1155611218301897,7499.928577675584,600552.0221147791,10779.390772482371
1585,6733.64,6733.64,6696.153112790231,0.0014127240237004975,0,0,0,0,buy,True,0,0,0,0,-32.9432299551037,7511.786992400639,-37.82986473271194,600.857302978048,0.0,1.1155611218301897,7511.786992400639,600552.0221147791,10779.390772482371
1586,6752.16,6752.16,6696.153112790231,0.0019079486094165444,0,0,0,0,buy,True,0,0,0,0,-32.9432299551037,7532.447184376933,-10.430212998264324,600.857302978048,0.0,1.1155611218301897,7532.447184376933,600552.0221147791,10779.390772482371
1587,6732.51,6732.51,6696.153112790231,0.0015901016631353392,0,0,0,0,buy,True,0,0,0,0,-32.9432299551037,7510.526408332971,-39.501657738108406,600.857302978048,0.0,1.1155611218301897,7510.526408332971,600552.0221147791,10779.390772482371
1588,6643.18,6643.18,6696.153112790231,0.0019416863162665696,0,0,0,0,hold,False,0,0,-0.013268454112953493,0,-32.95649840921666,7410.87333331988,-171.66207293455955,600.857302978048,0.0,1.1155611218301897,7410.87333331988,600552.0221147791,10779.390772482371
1589,6616.99,6616.99,6696.153112790231,0.0015709384501115626,0,0,0,0,buy,True,0,0,0,0,-32.95649840921666,7381.6567875391465,-210.40920462598478,600.857302978048,0.0,1.1155611218301897,7381.6567875391465,600552.0221147791,10779.390772482371
1590,6618.35,6618.35,6696.153112790231,0.0010097720323297243,0,0,0,0,buy,True,0,0,0,0,-32.95649840921666,7383.173950664836,-208.397135168163,600.857302978048,0.0,1.1155611218301897,7383.173950664836,600552.0221147791,10779.390772482371
1591,6588.65,6588.65,6696.153112790231,0.001029424558018257,0,0,0,0,buy,True,0,0,0,0,-32.95649840921666,7350.04178534648,-252.33718141617283,600.857302978048,0.0,1.1155611218301897,7350.04178534648,600552.0221147791,10779.390772482371
1592,6608.57,6608.57,6696.153112790231,0.0014727845536548535,0,0,0,0,buy,True,0,0,0,0,-32.95649840921666,7372.263762893337,-222.86628171043776,600.857302978048,0.0,1.1155611218301897,7372.263762893337,600552.0221147791,10779.390772482371
1593,6637.04,6637.04,6696.153112790231,0.0016035836181529303,0,0,0,0,buy,True,0,0,0,0,-32.95649840921666,7404.023788031843,-180.74597475148767,600.857302978048,0.0,1.1155611218301897,7404.023788031843,600552.0221147791,10779.390772482371
1594,6629.56,6629.56,6696.153112790231,0.0014694223850135722,0,0,0,0,buy,True,0,0,0,0,-32.95649840921666,7395.679390840553,-191.81235676950382,600.857302978048,0.0,1.1155611218301897,7395.679390840553,600552.0221147791,10779.390772482371
1595,6663.9,6663.9,6696.153112790231,0.0014984691688687192,0,0,0,0,hold,False,0,0,0.005179830939006321,0,-32.95131857827765,7433.987759764201,-141.0076029595184,600.857302978048,0.0,1.1155611218301897,7433.987759764201,600552.0221147791,10779.390772482371
1596,6666.64,6666.64,6696.153112790231,0.0016108894303671485,0,0,0,0,hold,False,0,0,0.0004111706358139676,0,-32.950907407641836,7437.044397238016,-136.95387478714292,600.857302978048,0.0,1.1155611218301897,7437.044397238016,600552.0221147791,10779.390772482371
1597,6698.76,6698.76,6696.153112790231,0.001142286274944707,0,0,0,0,buy,True,0,0,0,0,-32.950907407641836,7472.876220471202,-89.43352847448114,600.857302978048,0.0,1.1155611218301897,7472.876220471202,600552.0221147791,10779.390772482371
1598,6690.0,6690.0,6696.153112790231,0.0019807089471767184,0,0,0,0,buy,True,0,0,0,0,-32.950907407641836,7463.1039050439695,-102.39362292338956,600.857302978048,0.0,1.1155611218301897,7463.1039050439695,600552.0221147791,10779.390772482371
1599,6723.1,6723.1,6696.153112790231,0.0016221982774089856,0,0,0,0,hold,False,0,0,0.004947683109118076,0,-32.94595972453272,7500.028978176549,-53.4234030308271,600.857302978048,0.0,1.1155611218301897,7500.028978176549,600552.0221147791,10779.390772482371
1600,6694.99,6694.99,6696.153112790231,0.0011836147612094786,0,0,0,0,hold,False,0,0,-0.004181106929838926,0,-32.95014083146256,7468.670555041902,-95.01110336858983,600.857302978048,0.0,1.1155611218301897,7468.670555041902,600552.0221147791,10779.390772482371
1601,6676.0,6676.0,6696.153112790231,0.0019254015321080401,0,0,0,0,buy,True,0,0,0,0,-32.95014083146256,7447.486049338347,-123.10610263625495,600.857302978048,0.0,1.1155611218301897,7447.486049338347,600552.0221147791,10779.390772482371
1602,6652.46,6652.46,6696.153112790231,0.0012708718927868488,0,0,0,0,buy,True,0,0,0,0,-32.95014083146256,7421.2257405304645,-157.9326578106029,600.857302978048,0.0,1.1155611218301897,7421.2257405304645,600552.0221147791,10779.390772482371
1603,6653.99,6653.99,6696.153112790231,0.0011999115665136033,0,0,0,0,buy,True,0,0,0,0,-32.95014083146256,7422.932549046864,-155.6690796705534,600.857302978048,0.0,1.1155611218301897,7422.932549046864,600552.0221147791,10779.390772482371
1604,6696.39,6696.39,6696.153112790231,0.0016386650256191896,0,0,0,0,buy,True,0,0,0,0,-32.95014083146256,7470.232340612464,-92.93985539730238,600.857302978048,0.0,1.1155611218301897,7470.232340612464,600552.0221147791,10779.390772482371
1605,6708.4,6708.4,6696.153112790231,0.0017754509361427337,0,0,0,0,buy,True,0,0,0,0,-32.95014083146256,7483.630229685645,-75.17150672933712,600.857302978048,0.0,1.1155611218301897,7483.630229685645,600552.0221147791,10779.390772482371
1606,6683.17,6674.327566287567,0,0.001323089748193288,1.1155611218301897,7438.174726962608,7.445620347309918,-31.793351488379813,sell,False,0,0,-1.0,0,-33.95014083146256,7438.174726962608,-112.49835409759362,608.3029233253579,7438.174726962608,0.0,0.0,607997.6424620891,10779.390772482371
1607,6680.62,6680.62,0,0.0019312750309434994,0,0,0,0,sell,True,0,0,0,0,-33.95014083146256,7438.174726962608,-116.27098433100946,608.3029233253579,7438.174726962608,0.0,0.0,607997.6424620891,10779.390772482371
1608,6690.99,6690.99,0,0.0017140743989907982,0,0,0,0,sell,True,0,0,0,0,-33.95014083146256,7438.174726962608,-100.92895471512202,608.3029233253579,7438.174726962608,0.0,0.0,607997.6424620891,10779.390772482371
1609,6700.0,6700.0,0,0.0018474612146387385,0,0,0,0,sell,True,0,0,0,0,-33.95014083146256,7438.174726962608,-87.59899455705636,608.3029233253579,7438.174726962608,0.0,0.0,607997.6424620891,10779.390772482371
1610,6700.0,6700.0,0,0.0018944372701767394,0,0,0,0,hold,False,0,0,0,0,-33.95014083146256,7438.174726962608,-87.59899455705636,608.3029233253579,7438.174726962608,0.0,0.0,607997.6424620891,10779.390772482371
1611,6668.65,6668.65,0,0.001993563097137778,0,0,0,0,sell,True,0,0,0,0,-33.95014083146256,7438.174726962608,-133.98015448551087,608.3029233253579,7438.174726962608,0.0,0.0,607997.6424620891,10779.390772482371
1612,6669.11,6669.11,0,0.0019359154833229692,0,0,0,0,sell,True,0,0,0,0,-33.95014083146256,7438.174726962608,-133.29960158065842,608.3029233253579,7438.174726962608,0.0,0.0,607997.6424620891,10779.390772482371
1613,6670.54,6670.54,0,0.0012083100596499642,0,0,0,0,sell,True,0,0,0,0,-33.95014083146256,7438.174726962608,-131.18396972427217,608.3029233253579,7438.174726962608,0.0,0.0,607997.6424620891,10779.390772482371
1614,6705.55,6717.511668988416,6724.2359048933085,0.001783846066081949,1.1061739701234687,7438.174726962608,7.4381747269626075,0,buy,False,0,0,0,0,-33.95014083146256,7417.504865361426,-79.38797581374092,615.7410980523206,0.0,1.1061739701234687,7417.504865361426,615428.3790143247,10779.390772482371
1615,6716.09,6716.09,6724.2359048933085,0.0013805421156451918,0,0,0,0,buy,True,0,0,0,0,-33.95014083146256,7429.1639390065275,-63.79443751562758,615.7410980523206,0.0,1.1061739701234687,7429.1639390065275,615428.3790143247,10779.390772482371
1616,6719.39,6719.39,6724.2359048933085,0.0017093807154325595,0,0,0,0,buy,True,0,0,0,0,-33.95014083146256,7432.814313107935,-58.912210154736385,615.7410980523206,0.0,1.1061739701234687,7432.814313107935,615428.3790143247,10779.390772482371
1617,6709.43,6709.43,6724.2359048933085,0.0012055384561872023,0,0,0,0,buy,True,0,0,0,0,-33.95014083146256,7421.7968203655055,-73.64766000760392,615.7410980523206,0.0,1.1061739701234687,7421.7968203655055,615428.3790143247,10779.390772482371
1618,6702.56,6702.56,6724.2359048933085,0.0014014727931990468,0,0,0,0,buy,True,0,0,0,0,-33.95014083146256,7414.197405190757,-83.81156969527547,615.7410980523206,0.0,1.1061739701234687,7414.197405190757,615428.3790143247,10779.390772482371
1619,6696.48,6696.48,6724.2359048933085,0.001765785289100946,0,0,0,0,hold,False,0,0,-0.0009071160869877951,0,-33.95104794754955,7407.471867452406,-92.806703742006,615.7410980523206,0.0,1.1061739701234687,7407.471867452406,615428.3790143247,10779.390772482371
1620,6713.95,6713.95,6724.2359048933085,0.001161498472158402,0,0,0,0,buy,True,0,0,0,0,-33.95104794754955,7426.796726710463,-66.96048798602169,615.7410980523206,0.0,1.1061739701234687,7426.796726710463,615428.3790143247,10779.390772482371
1621,6713.01,6713.01,6724.2359048933085,0.0014729414342141553,0,0,0,0,hold,False,0,0,-0.00014000700034998544,0,-33.951187954549894,7425.756923178547,-68.35118305245669,615.7410980523206,0.0,1.1061739701234687,7425.756923178547,615428.3790143247,10779.390772482371
1622,6686.29,6686.29,6724.2359048933085,0.001163901350300039,0,0,0,0,hold,False,0,0,-0.003980330730923996,0,-33.95516828528082,7396.199954696848,-107.88243004729884,615.7410980523206,0.0,1.1061739701234687,7396.199954696848,615428.3790143247,10779.390772482371
1623,6717.0,6717.0,6724.2359048933085,0.0014416006292664392,0,0,0,0,hold,False,0,0,0.004592980561716521,0,-33.9505753047191,7430.170557319339,-62.44812633429137,615.7410980523206,0.0,1.1061739701234687,7430.170557319339,615428.3790143247,10779.390772482371
1624,6720.57,6720.57,6724.2359048933085,0.0015907464246908984,0,0,0,0,hold,False,0,0,0.0005314872711031458,0,-33.950043817448,7434.11959839268,-57.16644400751102,615.7410980523206,0.0,1.1061739701234687,7434.11959839268,615428.3790143247,10779.390772482371
1625,6747.8,6747.8,6724.2359048933085,0.0014454333996354247,0,0,0,0,buy,True,0,0,0,0,-33.950043817448,7464.240715599142,-16.8806709659857,615.7410980523206,0.0,1.1061739701234687,7464.240715599142,615428.3790143247,10779.390772482371
1626,6745.11,6745.11,6724.2359048933085,0.0019374910441334534,0,0,0,0,hold,False,0,0,-0.00039864844838322804,0,-33.95044246589638,7461.26510761951,-20.860425996530466,615.7410980523206,0.0,1.1061739701234687,7461.26510761951,615428.3790143247,10779.390772482371
1627,6742.01,6742.01,6724.2359048933085,0.0017157013412415181,0,0,0,0,hold,False,0,0,-0.0004595922082811274,0,-33.95090205810466,7457.835968312128,-25.446760790091503,615.7410980523206,0.0,1.1061739701234687,7457.835968312128,615428.3790143247,10779.390772482371
1628,6730.01,6730.01,6724.2359048933085,0.0011296009384497094,0,0,0,0,hold,False,0,0,-0.001779884633811016,0,-33.95268194273847,7444.561880670646,-43.200314829691706,615.7410980523206,0.0,1.1061739701234687,7444.561880670646,615428.3790143247,10779.390772482371
1629,6744.77,6744.77,6724.2359048933085,0.0014524754953056996,0,0,0,0,buy,True,0,0,0,0,-33.95268194273847,7460.889008469669,-21.363443360984093,615.7410980523206,0.0,1.1061739701234687,7460.889008469669,615428.3790143247,10779.390772482371
1630,6723.07,6723.07,6724.2359048933085,0.0011004490517527751,0,0,0,0,buy,True,0,0,0,0,-33.95268194273847,7436.885033317989,-53.46778691592772,615.7410980523206,0.0,1.1061739701234687,7436.885033317989,615428.3790143247,10779.390772482371
1631,6736.0,6736.0,6724.2359048933085,0.0014969877824622516,0,0,0,0,hold,False,0,0,0.0019232285250636901,0,-33.95075871421341,7451.187862751685,-34.338332438259386,615.7410980523206,0.0,1.1061739701234687,7451.187862751685,615428.3790143247,10779.390772482371
1632,6757.8,6757.8,6724.2359048933085,0.0018650066814736776,0,0,0,0,hold,False,0,0,0.003236342042755354,0,-33.94752237217065,7475.302455300377,-2.086042599652501,615.7410980523206,0.0,1.1061739701234687,7475.302455300377,615428.3790143247,10779.390772482371
1633,6908.64,6908.64,6724.2359048933085,0.001673161745591876,0,0,0,0,buy,True,0,0,0,0,-33.94752237217065,7642.157736953802,221.07613167810996,615.7410980523206,0.0,1.1061739701234687,7642.157736953802,615428.3790143247,10779.390772482371
1634,6906.96,6906.96,6724.2359048933085,0.0015033505521618524,0,0,0,0,hold,False,0,0,-0.00024317376502469516,0,-33.947765545935674,7640.299364683994,218.59063411256648,615.7410980523206,0.0,1.1061739701234687,7640.299364683994,615428.3790143247,10779.390772482371
1635,6913.18,6913.18,6724.2359048933085,0.0012950968828288876,0,0,0,0,hold,False,0,0,0.0009005409036681803,0,-33.94686500503201,7647.179766778162,227.79289295642593,615.7410980523206,0.0,1.1061739701234687,7647.179766778162,615428.3790143247,10779.390772482371
1636,6881.01,6881.01,6724.2359048933085,0.0015628207744523225,0,0,0,0,buy,True,0,0,0,0,-33.94686500503201,7611.59415015929,180.19857350193342,615.7410980523206,0.0,1.1061739701234687,7611.59415015929,615428.3790143247,10779.390772482371
1637,6877.11,6877.11,6724.2359048933085,0.0011321673506693728,0,0,0,0,buy,True,0,0,0,0,-33.94686500503201,7607.280071675807,174.42866843906268,615.7410980523206,0.0,1.1061739701234687,7607.280071675807,615428.3790143247,10779.390772482371
1638,6902.74,6902.74,6724.2359048933085,0.0011713120071503193,0,0,0,0,buy,True,0,0,0,0,-33.94686500503201,7635.631310530072,212.34730094197403,615.7410980523206,0.0,1.1061739701234687,7635.631310530072,615428.3790143247,10779.390772482371
1639,6906.61,6906.61,6724.2359048933085,0.0019742786095558935,0,0,0,0,buy,True,0,0,0,0,-33.94686500503201,7639.91220379445,218.07282211974416,615.7410980523206,0.0,1.1061739701234687,7639.91220379445,615428.3790143247,10779.390772482371
1640,6915.0,6915.0,6724.2359048933085,0.0015210121577333483,0,0,0,0,buy,True,0,0,0,0,-33.94686500503201,7649.193003403786,230.48551531909834,615.7410980523206,0.0,1.1061739701234687,7649.193003403786,615428.3790143247,10779.390772482371
1641,6928.99,6928.99,6724.2359048933085,0.0018676733304592683,0,0,0,0,hold,False,0,0,0.0020231381055676547,0,-33.94484186692644,7664.668377245814,251.18320040359686,615.7410980523206,0.0,1.1061739701234687,7664.668377245814,615428.3790143247,10779.390772482371
1642,6922.59,6922.59,6724.2359048933085,0.0014152412321243972,0,0,0,0,buy,True,0,0,0,0,-33.94484186692644,7657.588863837023,241.71463824914463,615.7410980523206,0.0,1.1061739701234687,7657.588863837023,615428.3790143247,10779.390772482371
1643,6929.99,6929.99,6724.2359048933085,0.0011096639718493966,0,0,0,0,buy,True,0,0,0,0,-33.94484186692644,7665.774551215937,252.66266324022945,615.7410980523206,0.0,1.1061739701234687,7665.774551215937,615428.3790143247,10779.390772482371
1644,6932.98,6932.98,6724.2359048933085,0.0016749719113323216,0,0,0,0,hold,False,0,0,0.00043145805405193737,0,-33.944410408872386,7669.082011386606,257.086257121764,615.7410980523206,0.0,1.1061739701234687,7669.082011386606,615428.3790143247,10779.390772482371
1645,7030.0,7030.0,6724.2359048933085,0.001994698584806959,0,0,0,0,buy,True,0,0,0,0,-33.944410408872386,7776.403009967985,400.6237415319247,615.7410980523206,0.0,1.1061739701234687,7776.403009967985,615428.3790143247,10779.390772482371
1646,7040.0,7040.0,6724.2359048933085,0.001979264731542793,0,0,0,0,buy,True,0,0,0,0,-33.944410408872386,7787.46474966922,415.4183698982579,615.7410980523206,0.0,1.1061739701234687,7787.46474966922,615428.3790143247,10779.390772482371
1647,7084.51,7084.51,6724.2359048933085,0.001231059136518146,0,0,0,0,buy,True,0,0,0,0,-33.944410408872386,7836.700553079416,481.2692607568042,615.7410980523206,0.0,1.1061739701234687,7836.700553079416,615428.3790143247,10779.390772482371
1648,7056.07,7056.07,6724.2359048933085,0.0013329195004777952,0,0,0,0,buy,True,0,0,0,0,-33.944410408872386,7805.240965369104,439.1933376829529,615.7410980523206,0.0,1.1061739701234687,7805.240965369104,615428.3790143247,10779.390772482371
1649,7049.79,7049.79,6724.2359048933085,0.0018915038711484378,0,0,0,0,buy,True,0,0,0,0,-33.944410408872386,7798.294192836729,429.9023110688977,615.7410980523206,0.0,1.1061739701234687,7798.294192836729,615428.3790143247,10779.390772482371
1650,7022.38,7022.38,6724.2359048933085,0.001860427958623991,0,0,0,0,hold,False,0,0,-0.003888059076937081,0,-33.94829846794932,7767.9739643156445,389.3502347167796,615.7410980523206,0.0,1.1061739701234687,7767.9739643156445,615428.3790143247,10779.390772482371
1651,7049.92,7049.92,6724.2359048933085,0.0015494753434920848,0,0,0,0,hold,False,0,0,0.0039217473278290406,0,-33.94437672062149,7798.437995452845,430.09464123765974,615.7410980523206,0.0,1.1061739701234687,7798.437995452845,615428.3790143247,10779.390772482371
1652,7064.77,7064.77,6724.2359048933085,0.0016771658906069614,0,0,0,0,buy,True,0,0,0,0,-33.94437672062149,7814.864678909179,452.06466436166374,615.7410980523206,0.0,1.1061739701234687,7814.864678909179,615428.3790143247,10779.390772482371
1653,7088.97,7088.97,6724.2359048933085,0.0010029217531206556,0,0,0,0,hold,False,0,0,0.003425447679117618,0,-33.94095127294237,7841.634088986167,487.86766500818885,615.7410980523206,0.0,1.1061739701234687,7841.634088986167,615428.3790143247,10779.390772482371
1654,7082.35,7082.35,6724.2359048933085,0.001324380323504495,0,0,0,0,buy,True,0,0,0,0,-33.94095127294237,7834.311217303949,478.07362102967636,615.7410980523206,0.0,1.1061739701234687,7834.311217303949,615428.3790143247,10779.390772482371
1655,7062.98,7062.98,6724.2359048933085,0.0010796825578561035,0,0,0,0,buy,True,0,0,0,0,-33.94095127294237,7812.884627502657,449.4164258840883,615.7410980523206,0.0,1.1061739701234687,7812.884627502657,615428.3790143247,10779.390772482371
1656,7081.91,7081.91,6724.2359048933085,0.001974095730669927,0,0,0,0,hold,False,0,0,0.002680171825490039,0,-33.93827110111688,7833.824500757094,477.42265738155766,615.7410980523206,0.0,1.1061739701234687,7833.824500757094,615428.3790143247,10779.390772482371
1657,7076.11,7064.809451877548,0,0.001597000063940731,1.1061739701234687,7807.0934112296445,7.814908319549194,368.91868426703786,sell,False,0,0,-1.0,0,-34.93827110111688,7807.0934112296445,468.841772929085,623.5560063718698,7807.0934112296445,0.0,0.0,623243.2873338739,10779.390772482371
1658,7071.02,7071.02,0,0.0013152334474861981,0,0,0,0,sell,True,0,0,0,0,-34.93827110111688,7807.0934112296445,461.311307090622,623.5560063718698,7807.0934112296445,0.0,0.0,623243.2873338739,10779.390772482371
1659,7062.95,7062.95,0,0.0012721141871415843,0,0,0,0,sell,True,0,0,0,0,-34.93827110111688,7807.0934112296445,449.37204199899134,623.5560063718698,7807.0934112296445,0.0,0.0,623243.2873338739,10779.390772482371
1660,7024.45,7024.45,0,0.0017968497207999747,0,0,0,0,sell,True,0,0,0,0,-34.93827110111688,7807.0934112296445,392.41272278860924,623.5560063718698,7807.0934112296445,0.0,0.0,623243.2873338739,10779.390772482371
1661,7045.0,7045.0,0,0.0011050801374375434,0,0,0,0,sell,True,0,0,0,0,-34.93827110111688,7807.0934112296445,422.81568408142266,623.5560063718698,7807.0934112296445,0.0,0.0,623243.2873338739,10779.390772482371
1662,7041.1,7049.9964068679565,7057.053460328285,0.0012634967360150619,1.106282311040686,7807.093411229645,7.807093411229644,0,buy,False,0,0,0,0,-34.93827110111688,7789.444380268575,417.04577901855373,631.3630997830994,-9.094947017729282e-13,1.106282311040686,7789.4443802685755,631042.5736516924,10779.390772482371
1663,7060.01,7060.01,7057.053460328285,0.0014928760392445956,0,0,0,0,hold,False,0,0,0.0026856599110933943,0,-34.93558544120579,7810.364178770354,445.02242125928933,631.3630997830994,-9.094947017729282e-13,1.106282311040686,7810.364178770355,631042.5736516924,10779.390772482371
1664,7048.93,7048.93,7057.053460328285,0.001562824540912979,0,0,0,0,hold,False,0,0,-0.0015694028761999025,0,-34.93715484408199,7798.106570764023,428.6299730293922,631.3630997830994,-9.094947017729282e-13,1.106282311040686,7798.106570764024,631042.5736516924,10779.390772482371
1665,7060.92,7060.92,7057.053460328285,0.0011005200556443563,0,0,0,0,hold,False,0,0,0.001700967380864809,0,-34.935453876701125,7811.3708956734,446.36873244062554,631.3630997830994,-9.094947017729282e-13,1.106282311040686,7811.370895673401,631042.5736516924,10779.390772482371
1666,7077.05,7077.05,7057.053460328285,0.0012916071125625983,0,0,0,0,buy,True,0,0,0,0,-34.935453876701125,7829.215229350487,470.23246799552,631.3630997830994,-9.094947017729282e-13,1.106282311040686,7829.215229350488,631042.5736516924,10779.390772482371
1667,7113.42,7113.42,7057.053460328285,0.0013395531147090346,0,0,0,0,buy,True,0,0,0,0,-34.935453876701125,7869.4507170030365,524.040531363873,631.3630997830994,-9.094947017729282e-13,1.106282311040686,7869.450717003037,631042.5736516924,10779.390772482371
1668,7089.01,7089.01,7057.053460328285,0.001806072567794192,0,0,0,0,hold,False,0,0,-0.003431542071183747,0,-34.93888541877231,7842.4463657905335,487.9268435216545,631.3630997830994,-9.094947017729282e-13,1.106282311040686,7842.446365790534,631042.5736516924,10779.390772482371
1669,7090.0,7090.0,7057.053460328285,0.001509026574586719,0,0,0,0,hold,False,0,0,0.00013965278649625553,0,-34.938745765985814,7843.541585278464,489.39151172992024,631.3630997830994,-9.094947017729282e-13,1.106282311040686,7843.5415852784645,631042.5736516924,10779.390772482371
1670,7092.5,7092.5,7057.053460328285,0.0018765626386910332,0,0,0,0,buy,True,0,0,0,0,-34.938745765985814,7846.307291056065,493.09016882150354,631.3630997830994,-9.094947017729282e-13,1.106282311040686,7846.307291056066,631042.5736516924,10779.390772482371
1671,7099.01,7099.01,7057.053460328285,0.0018106837264042555,0,0,0,0,buy,True,0,0,0,0,-34.938745765985814,7853.50918890094,502.7214718879877,631.3630997830994,-9.094947017729282e-13,1.106282311040686,7853.509188900941,631042.5736516924,10779.390772482371
1672,7078.81,7078.81,7057.053460328285,0.001132089329087584,0,0,0,0,hold,False,0,0,-0.0028454671848609616,0,-34.941591233170676,7831.162286217918,472.8363225879948,631.3630997830994,-9.094947017729282e-13,1.106282311040686,7831.162286217919,631042.5736516924,10779.390772482371
1673,6977.97,6977.97,7057.053460328285,0.0016941124066689535,0,0,0,0,buy,True,0,0,0,0,-34.941591233170676,7719.604777972576,323.6472901418947,631.3630997830994,-9.094947017729282e-13,1.106282311040686,7719.604777972577,631042.5736516924,10779.390772482371
1674,6993.04,6993.04,7057.053460328285,0.0013013433696026473,0,0,0,0,hold,False,0,0,0.0021596538821461756,0,-34.93943157928853,7736.2764523999585,345.94279508995896,631.3630997830994,-9.094947017729282e-13,1.106282311040686,7736.276452399959,631042.5736516924,10779.390772482371
1675,7020.27,7020.27,7057.053460328285,0.00150933298106296,0,0,0,0,hold,False,0,0,0.0038938716209259527,0,-34.935537707667606,7766.400519729596,386.22856813148246,631.3630997830994,-9.094947017729282e-13,1.106282311040686,7766.400519729597,631042.5736516924,10779.390772482371
1676,7008.57,7008.57,7057.053460328285,0.001443181152843038,0,0,0,0,buy,True,0,0,0,0,-34.935537707667606,7753.4570166904205,368.91885294287204,631.3630997830994,-9.094947017729282e-13,1.106282311040686,7753.457016690421,631042.5736516924,10779.390772482371
1677,6999.99,6999.99,7057.053460328285,0.0013433910686658306,0,0,0,0,buy,True,0,0,0,0,-34.935537707667606,7743.965114461691,356.22506180456,631.3630997830994,-9.094947017729282e-13,1.106282311040686,7743.965114461692,631042.5736516924,10779.390772482371
1678,7043.44,7043.44,7057.053460328285,0.0013096474509031698,0,0,0,0,hold,False,0,0,0.006207151724502408,0,-34.9293305559431,7792.033080876408,420.50772205627436,631.3630997830994,-9.094947017729282e-13,1.106282311040686,7792.033080876409,631042.5736516924,10779.390772482371
1679,7050.0,7050.0,7057.053460328285,0.0010772726757614078,0,0,0,0,buy,True,0,0,0,0,-34.9293305559431,7799.290292836836,430.21299826458926,631.3630997830994,-9.094947017729282e-13,1.106282311040686,7799.290292836837,631042.5736516924,10779.390772482371
1680,7057.29,7057.29,7057.053460328285,0.0011954268073031272,0,0,0,0,buy,True,0,0,0,0,-34.9293305559431,7807.355090884323,440.99828234364577,631.3630997830994,-9.094947017729282e-13,1.106282311040686,7807.3550908843235,631042.5736516924,10779.390772482371
1681,7031.22,7031.22,7057.053460328285,0.0018056434628358458,0,0,0,0,buy,True,0,0,0,0,-34.9293305559431,7778.514311035492,402.42868619261753,631.3630997830994,-9.094947017729282e-13,1.106282311040686,7778.514311035493,631042.5736516924,10779.390772482371
1682,7050.82,7042.23486089762,0,0.0012176086047268342,1.106282311040686,7782.909156948298,7.790699856805103,-24.18425428134742,sell,False,0,0,-1.0,0,-35.9293305559431,7782.909156948297,431.4261577906291,639.1537996399045,7782.909156948297,0.0,0.0,638833.2735084975,10779.390772482371
1683,7047.2,7047.2,0,0.0010631585113802342,0,0,0,0,hold,False,0,0,0,0,-35.9293305559431,7782.909156948297,426.0705023220162,639.1537996399045,7782.909156948297,0.0,0.0,638833.2735084975,10779.390772482371
1684,7003.92,7014.051576722014,7021.0726493713855,0.0014465580306476475,1.1085071392396317,7782.909156948296,7.782909156948296,0,buy,False,0,0,0,0,-35.9293305559431,7763.895322663242,362.03935075252775,646.9367087968528,9.094947017729282e-13,1.1085071392396317,7763.895322663241,646608.3997562889,10779.390772482371
1685,7022.18,7009.677643567153,0,0.0017804095641022401,1.1085071392396317,7762.507433950965,7.770277711662628,-20.40172299733149,sell,False,0,0,-1.0,0,-36.9293305559431,7762.507433950966,389.0543421494531,654.7069865085155,7762.507433950966,0.0,0.0,654378.6774679514,10779.390772482371
1686,7016.94,7016.94,0,0.0012359588045949513,0,0,0,0,sell,True,0,0,0,0,-36.9293305559431,7762.507433950966,381.3019568854925,654.7069865085155,7762.507433950966,0.0,0.0,654378.6774679514,10779.390772482371
1687,6966.5,6966.5,0,0.0017438683437197722,0,0,0,0,sell,True,0,0,0,0,-36.9293305559431,7762.507433950966,306.6778514057114,654.7069865085155,7762.507433950966,0.0,0.0,654378.6774679514,10779.390772482371
1688,6983.61,6983.61,0,0.0017913727537292963,0,0,0,0,sell,True,0,0,0,0,-36.9293305559431,7762.507433950966,331.9914605405065,654.7069865085155,7762.507433950966,0.0,0.0,654378.6774679514,10779.390772482371
1689,6972.12,6972.12,0,0.0010913521421435056,0,0,0,0,sell,True,0,0,0,0,-36.9293305559431,7762.507433950966,314.9924325475895,654.7069865085155,7762.507433950966,0.0,0.0,654378.6774679514,10779.390772482371
1690,6940.21,6949.380256461305,6956.3365930543605,0.001321322620108778,1.115890142765883,7762.507433950966,7.762507433950965,0,buy,False,0,0,0,0,-36.9293305559431,7744.511927725209,267.7827734306229,662.4694939424664,0.0,1.115890142765883,7744.511927725209,662133.4223944684,10779.390772482371
1691,6920.03,6920.03,6956.3365930543605,0.0016501156010838261,0,0,0,0,hold,False,0,0,-0.002907692994880595,0,-36.932238248937985,7721.993264644193,237.92721338736192,662.4694939424664,0.0,1.115890142765883,7721.993264644193,662133.4223944684,10779.390772482371
1692,6934.44,6934.44,6956.3365930543605,0.0010248716595540068,0,0,0,0,hold,False,0,0,0.0020823609146202503,0,-36.930155888023364,7738.073241601449,259.2462728632472,662.4694939424664,0.0,1.115890142765883,7738.073241601449,662133.4223944684,10779.390772482371
1693,6870.14,6870.14,6956.3365930543605,0.0010652569203875727,0,0,0,0,hold,False,0,0,-0.00927255841856001,0,-36.93942844644192,7666.321505421603,164.1168124677297,662.4694939424664,0.0,1.115890142765883,7666.321505421603,662133.4223944684,10779.390772482371
1694,6831.49,6831.49,6956.3365930543605,0.0014443991831469358,0,0,0,0,hold,False,0,0,-0.005625795107523335,0,-36.94505424154945,7623.192351403702,106.9355738318518,662.4694939424664,0.0,1.115890142765883,7623.192351403702,662133.4223944684,10779.390772482371
1695,6846.0,6846.0,6956.3365930543605,0.00128953849848566,0,0,0,0,buy,True,0,0,0,0,-36.94505424154945,7639.383917375235,128.40257959140217,662.4694939424664,0.0,1.115890142765883,7639.383917375235,662133.4223944684,10779.390772482371
1696,6870.0,6870.0,6956.3365930543605,0.0014189954777791359,0,0,0,0,buy,True,0,0,0,0,-36.94505424154945,7666.165280801616,163.90968767060076,662.4694939424664,0.0,1.115890142765883,7666.165280801616,662133.4223944684,10779.390772482371
1697,6863.69,6863.69,6956.3365930543605,0.0010403838231753525,0,0,0,0,hold,False,0,0,-0.0009184861717613184,0,-36.94597272772121,7659.124014000763,154.5742771714431,662.4694939424664,0.0,1.115890142765883,7659.124014000763,662133.4223944684,10779.390772482371
1698,6858.98,6858.98,6956.3365930543605,0.001141944328142612,0,0,0,0,buy,True,0,0,0,0,-36.94597272772121,7653.868171428336,147.60600721090123,662.4694939424664,0.0,1.115890142765883,7653.868171428336,662133.4223944684,10779.390772482371
1699,6867.31,6867.31,6956.3365930543605,0.001980859045923263,0,0,0,0,buy,True,0,0,0,0,-36.94597272772121,7663.1635363175765,159.9299326400578,662.4694939424664,0.0,1.115890142765883,7663.1635363175765,662133.4223944684,10779.390772482371
1700,6819.5,6819.5,6956.3365930543605,0.0011295099941528535,0,0,0,0,buy,True,0,0,0,0,-36.94597272772121,7609.812828591938,89.19681442062029,662.4694939424664,0.0,1.115890142765883,7609.812828591938,662133.4223944684,10779.390772482371
1701,6809.98,6809.98,6956.3365930543605,0.0012882069188372897,0,0,0,0,hold,False,0,0,-0.0013959967739570268,0,-36.94736872449517,7599.189554432807,75.11232821586964,662.4694939424664,0.0,1.115890142765883,7599.189554432807,662133.4223944684,10779.390772482371
1702,6916.01,6916.01,6956.3365930543605,0.0011555449262588386,0,0,0,0,hold,False,0,0,0.015569796093380729,0,-36.93179892840179,7717.507386270275,231.9797727840978,662.4694939424664,0.0,1.115890142765883,7717.507386270275,662133.4223944684,10779.390772482371
1703,6940.98,6930.488892195662,0,0.0015114735677580937,1.115890142765883,7725.930575110234,7.733664239349583,-36.57685884073271,sell,False,0,0,-1.0,0,-37.93179892840179,7725.930575110234,268.9219598148302,670.203158181816,7725.930575110234,0.0,0.0,669867.086633818,10779.390772482371
1704,6943.12,6943.12,0,0.0019067952753430415,0,0,0,0,hold,False,0,0,0,0,-37.93179892840179,7725.930575110234,272.0880102852261,670.203158181816,7725.930575110234,0.0,0.0,669867.086633818,10779.390772482371
1705,6984.84,6984.84,0,0.001894732925449998,0,0,0,0,sell,True,0,0,0,0,-37.93179892840179,7725.930575110234,333.81119982956625,670.203158181816,7725.930575110234,0.0,0.0,669867.086633818,10779.390772482371
1706,6946.37,6946.37,0,0.0015266779593924467,0,0,0,0,sell,True,0,0,0,0,-37.93179892840179,7725.930575110234,276.89626450428295,670.203158181816,7725.930575110234,0.0,0.0,669867.086633818,10779.390772482371
1707,6939.13,6939.13,0,0.0011299850328848797,0,0,0,0,hold,False,0,0,0,0,-37.93179892840179,7725.930575110234,266.184953567059,670.203158181816,7725.930575110234,0.0,0.0,669867.086633818,10779.390772482371
1708,6950.0,6950.0,0,0.0015532475358914124,0,0,0,0,hold,False,0,0,0,0,-37.93179892840179,7725.930575110234,282.2667146012627,670.203158181816,7725.930575110234,0.0,0.0,669867.086633818,10779.390772482371
1709,6973.0,6973.0,0,0.0015257781568683408,0,0,0,0,hold,False,0,0,0,0,-37.93179892840179,7725.930575110234,316.2943598438269,670.203158181816,7725.930575110234,0.0,0.0,669867.086633818,10779.390772482371
1710,7010.11,7010.11,0,0.0015711556386187589,0,0,0,0,hold,False,0,0,0,0,-37.93179892840179,7725.930575110234,371.1972257112884,670.203158181816,7725.930575110234,0.0,0.0,669867.086633818,10779.390772482371
1711,7005.01,7005.01,0,0.0013661809720369666,0,0,0,0,hold,False,0,0,0,0,-37.93179892840179,7725.930575110234,363.65196524445855,670.203158181816,7725.930575110234,0.0,0.0,669867.086633818,10779.390772482371
1712,7003.12,7003.12,0,0.0019495791619750474,0,0,0,0,hold,False,0,0,0,0,-37.93179892840179,7725.930575110234,360.8557804832217,670.203158181816,7725.930575110234,0.0,0.0,669867.086633818,10779.390772482371
1713,6965.58,6965.58,0,0.0016049213816770286,0,0,0,0,hold,False,0,0,0,0,-37.93179892840179,7725.930575110234,305.31674559600833,670.203158181816,7725.930575110234,0.0,0.0,669867.086633818,10779.390772482371
1714,6951.23,6951.23,0,0.0019300941550546191,0,0,0,0,hold,False,0,0,0,0,-37.93179892840179,7725.930575110234,284.0864538903206,670.203158181816,7725.930575110234,0.0,0.0,669867.086633818,10779.390772482371
1715,6955.99,6955.99,0,0.001781546538455885,0,0,0,0,hold,False,0,0,0,0,-37.93179892840179,7725.930575110234,291.12869699269504,670.203158181816,7725.930575110234,0.0,0.0,669867.086633818,10779.390772482371
1716,6952.43,6952.43,0,0.0017614093383561957,0,0,0,0,hold,False,0,0,0,0,-37.93179892840179,7725.930575110234,285.86180929428156,670.203158181816,7725.930575110234,0.0,0.0,669867.086633818,10779.390772482371
1717,6967.4,6967.4,0,0.0017015564049459929,0,0,0,0,hold,False,0,0,0,0,-37.93179892840179,7725.930575110234,308.00936795868074,670.203158181816,7725.930575110234,0.0,0.0,669867.086633818,10779.390772482371
1718,6904.99,6904.99,0,0.0013055885132279947,0,0,0,0,hold,False,0,0,0,0,-37.93179892840179,7725.930575110234,215.67609232439827,670.203158181816,7725.930575110234,0.0,0.0,669867.086633818,10779.390772482371
1719,6935.31,6935.31,0,0.0011224452793164254,0,0,0,0,hold,False,0,0,0,0,-37.93179892840179,7725.930575110234,260.53340553111957,670.203158181816,7725.930575110234,0.0,0.0,669867.086633818,10779.390772482371
1720,6938.44,6938.44,0,0.0017013792705859341,0,0,0,0,hold,False,0,0,0,0,-37.93179892840179,7725.930575110234,265.1641242097812,670.203158181816,7725.930575110234,0.0,0.0,669867.086633818,10779.390772482371
1721,6960.0,6960.0,0,0.0017739304257006411,0,0,0,0,hold,False,0,0,0,0,-37.93179892840179,7725.930575110234,297.0613429675959,670.203158181816,7725.930575110234,0.0,0.0,669867.086633818,10779.390772482371
1722,6988.86,6988.86,0,0.0014880645935750783,0,0,0,0,hold,False,0,0,0,0,-37.93179892840179,7725.930575110234,339.75864043283036,670.203158181816,7725.930575110234,0.0,0.0,669867.086633818,10779.390772482371
1723,7048.71,7048.71,0,0.001603509721372943,0,0,0,0,sell,True,0,0,0,0,-37.93179892840179,7725.930575110234,428.30449120533376,670.203158181816,7725.930575110234,0.0,0.0,669867.086633818,10779.390772482371
1724,7044.49,7044.49,0,0.001553346161830521,0,0,0,0,sell,True,0,0,0,0,-37.93179892840179,7725.930575110234,422.0611580347395,670.203158181816,7725.930575110234,0.0,0.0,669867.086633818,10779.390772482371
1725,7047.48,7047.48,0,0.001693347555148671,0,0,0,0,hold,False,0,0,0,0,-37.93179892840179,7725.930575110234,426.48475191627404,670.203158181816,7725.930575110234,0.0,0.0,669867.086633818,10779.390772482371
1726,7048.71,7048.71,0,0.0015564904418485879,0,0,0,0,hold,False,0,0,0,0,-37.93179892840179,7725.930575110234,428.30449120533376,670.203158181816,7725.930575110234,0.0,0.0,669867.086633818,10779.390772482371
1727,7021.69,7021.69,0,0.0016742080494104856,0,0,0,0,sell,True,0,0,0,0,-37.93179892840179,7725.930575110234,388.32940535950183,670.203158181816,7725.930575110234,0.0,0.0,669867.086633818,10779.390772482371
1728,7027.53,7027.53,0,0.0012094910446471129,0,0,0,0,sell,True,0,0,0,0,-37.93179892840179,7725.930575110234,396.9694683254402,670.203158181816,7725.930575110234,0.0,0.0,669867.086633818,10779.390772482371
1729,7011.21,7011.21,0,0.0018316238834632454,0,0,0,0,sell,True,0,0,0,0,-37.93179892840179,7725.930575110234,372.8246348315861,670.203158181816,7725.930575110234,0.0,0.0,669867.086633818,10779.390772482371
1730,7043.94,7043.94,0,0.0018128266257633797,0,0,0,0,sell,True,0,0,0,0,-37.93179892840179,7725.930575110234,421.2474534745925,670.203158181816,7725.930575110234,0.0,0.0,669867.086633818,10779.390772482371
1731,7036.99,7036.99,0,0.0017908510839182556,0,0,0,0,sell,True,0,0,0,0,-37.93179892840179,7725.930575110234,410.9651867599914,670.203158181816,7725.930575110234,0.0,0.0,669867.086633818,10779.390772482371
1732,7046.22,7046.22,0,0.001160165080926703,0,0,0,0,sell,True,0,0,0,0,-37.93179892840179,7725.930575110234,424.62062874211733,670.203158181816,7725.930575110234,0.0,0.0,669867.086633818,10779.390772482371
1733,7066.92,7066.92,0,0.0018983337306579333,0,0,0,0,sell,True,0,0,0,0,-37.93179892840179,7725.930575110234,455.2455094604247,670.203158181816,7725.930575110234,0.0,0.0,669867.086633818,10779.390772482371
1734,7054.02,7054.02,0,0.0013018347124556149,0,0,0,0,sell,True,0,0,0,0,-37.93179892840179,7725.930575110234,436.160438867857,670.203158181816,7725.930575110234,0.0,0.0,669867.086633818,10779.390772482371
1735,7047.0,7047.0,0,0.0015910891518458722,0,0,0,0,sell,True,0,0,0,0,-37.93179892840179,7725.930575110234,425.77460975468966,670.203158181816,7725.930575110234,0.0,0.0,669867.086633818,10779.390772482371
1736,7052.54,7052.54,0,0.0010997946784549139,0,0,0,0,sell,True,0,0,0,0,-37.93179892840179,7725.930575110234,433.9708338696382,670.203158181816,7725.930575110234,0.0,0.0,669867.086633818,10779.390772482371
1737,7046.99,7046.99,0,0.0013519177986804358,0,0,0,0,sell,True,0,0,0,0,-37.93179892840179,7725.930575110234,425.7598151263228,670.203158181816,7725.930575110234,0.0,0.0,669867.086633818,10779.390772482371
1738,7061.22,7061.22,0,0.0012615200351331266,0,0,0,0,sell,True,0,0,0,0,-37.93179892840179,7725.930575110234,446.8125712916153,670.203158181816,7725.930575110234,0.0,0.0,669867.086633818,10779.390772482371
1739,7070.87,7070.87,0,0.0015076012167715446,0,0,0,0,sell,True,0,0,0,0,-37.93179892840179,7725.930575110234,461.0893876651262,670.203158181816,7725.930575110234,0.0,0.0,669867.086633818,10779.390772482371
1740,7099.73,7099.73,0,0.0018861815023519075,0,0,0,0,sell,True,0,0,0,0,-37.93179892840179,7725.930575110234,503.78668513036246,670.203158181816,7725.930575110234,0.0,0.0,669867.086633818,10779.390772482371
1741,7069.01,7069.01,0,0.0018342870700883908,0,0,0,0,sell,True,0,0,0,0,-37.93179892840179,7725.930575110234,458.3375867889881,670.203158181816,7725.930575110234,0.0,0.0,669867.086633818,10779.390772482371
1742,7035.01,7035.01,0,0.0018225857546022815,0,0,0,0,sell,True,0,0,0,0,-37.93179892840179,7725.930575110234,408.03585034345815,670.203158181816,7725.930575110234,0.0,0.0,669867.086633818,10779.390772482371
1743,7060.01,7060.01,0,0.0010310000893955123,0,0,0,0,hold,False,0,0,0,0,-37.93179892840179,7725.930575110234,445.02242125928933,670.203158181816,7725.930575110234,0.0,0.0,669867.086633818,10779.390772482371
1744,7127.01,7127.01,0,0.0017478189351942041,0,0,0,0,sell,True,0,0,0,0,-37.93179892840179,7725.930575110234,544.1464313137185,670.203158181816,7725.930575110234,0.0,0.0,669867.086633818,10779.390772482371
1745,7166.53,7166.53,0,0.001150522145296037,0,0,0,0,sell,True,0,0,0,0,-37.93179892840179,7725.930575110234,602.6148026174651,670.203158181816,7725.930575110234,0.0,0.0,669867.086633818,10779.390772482371
1746,7186.99,7186.99,0,0.0014138991750225326,0,0,0,0,sell,True,0,0,0,0,-37.93179892840179,7725.930575110234,632.8846122549821,670.203158181816,7725.930575110234,0.0,0.0,669867.086633818,10779.390772482371
1747,7196.31,7196.31,0,0.001401213278075192,0,0,0,0,sell,True,0,0,0,0,-37.93179892840179,7725.930575110234,646.6732058924044,670.203158181816,7725.930575110234,0.0,0.0,669867.086633818,10779.390772482371
1748,7204.61,7204.61,0,0.0015096939390327906,0,0,0,0,sell,True,0,0,0,0,-37.93179892840179,7725.930575110234,658.9527474364604,670.203158181816,7725.930575110234,0.0,0.0,669867.086633818,10779.390772482371
1749,7247.56,7247.56,0,0.0014392154687625455,0,0,0,0,sell,True,0,0,0,0,-37.93179892840179,7725.930575110234,722.4956762698603,670.203158181816,7725.930575110234,0.0,0.0,669867.086633818,10779.390772482371
1750,7189.05,7189.05,0,0.0016677003605533032,0,0,0,0,hold,False,0,0,0,0,-37.93179892840179,7725.930575110234,635.9323056984467,670.203158181816,7725.930575110234,0.0,0.0,669867.086633818,10779.390772482371
1751,7187.52,7187.52,0,0.00199281825482882,0,0,0,0,hold,False,0,0,0,0,-37.93179892840179,7725.930575110234,633.668727558399,670.203158181816,7725.930575110234,0.0,0.0,669867.086633818,10779.390772482371
1752,7193.0,7193.0,0,0.0011776801068348742,0,0,0,0,sell,True,0,0,0,0,-37.93179892840179,7725.930575110234,641.7761839031482,670.203158181816,7725.930575110234,0.0,0.0,669867.086633818,10779.390772482371
1753,7200.01,7200.01,0,0.0012975953158112206,0,0,0,0,sell,True,0,0,0,0,-37.93179892840179,7725.930575110234,652.1472183879487,670.203158181816,7725.930575110234,0.0,0.0,669867.086633818,10779.390772482371
1754,7162.03,7162.03,0,0.0019875636510174773,0,0,0,0,hold,False,0,0,0,0,-37.93179892840179,7725.930575110234,595.9572198526148,670.203158181816,7725.930575110234,0.0,0.0,669867.086633818,10779.390772482371
1755,7146.69,7146.69,0,0.001009760362414954,0,0,0,0,sell,True,0,0,0,0,-37.93179892840179,7725.930575110234,573.2622599386614,670.203158181816,7725.930575110234,0.0,0.0,669867.086633818,10779.390772482371
1756,7173.85,7173.85,0,0.0018913869642457333,0,0,0,0,sell,True,0,0,0,0,-37.93179892840179,7725.930575110234,613.4444705816222,670.203158181816,7725.930575110234,0.0,0.0,669867.086633818,10779.390772482371
1757,7192.26,7192.26,0,0.0012037080197689503,0,0,0,0,sell,True,0,0,0,0,-37.93179892840179,7725.930575110234,640.6813814040397,670.203158181816,7725.930575110234,0.0,0.0,669867.086633818,10779.390772482371
1758,7215.04,7215.04,0,0.0013600508540957906,0,0,0,0,sell,True,0,0,0,0,-37.93179892840179,7725.930575110234,674.3835448225454,670.203158181816,7725.930575110234,0.0,0.0,669867.086633818,10779.390772482371
1759,7233.66,7233.66,0,0.0011527891981101298,0,0,0,0,sell,True,0,0,0,0,-37.93179892840179,7725.930575110234,701.9311428406563,670.203158181816,7725.930575110234,0.0,0.0,669867.086633818,10779.390772482371
1760,7210.49,7210.49,0,0.0011068988503129212,0,0,0,0,sell,True,0,0,0,0,-37.93179892840179,7725.930575110234,667.6519889158644,670.203158181816,7725.930575110234,0.0,0.0,669867.086633818,10779.390772482371
1761,7233.66,7240.989551917184,7248.237789706891,0.001013256348402372,1.0659046790768518,7725.930575110234,7.725930575110234,0,buy,False,0,0,0,0,-37.93179892840179,7710.392040851059,701.9311428406563,677.9290887569263,0.0,1.0659046790768518,7710.392040851059,677585.2912783531,10779.390772482371
1762,7281.35,7281.35,7248.237789706891,0.0012108511144720887,0,0,0,0,hold,False,0,0,0.00659278981870873,0,-37.92520613858308,7761.225034996235,772.4867255196987,677.9290887569263,0.0,1.0659046790768518,7761.225034996235,677585.2912783531,10779.390772482371
1763,7300.0,7300.0,7248.237789706891,0.0010829040711084492,0,0,0,0,hold,False,0,0,0.002561338213380761,0,-37.922644800369696,7781.104157261018,800.0787074229083,677.9290887569263,0.0,1.0659046790768518,7781.104157261018,677585.2912783531,10779.390772482371
1764,7283.83,7283.83,7248.237789706891,0.0011475460532443045,0,0,0,0,hold,False,0,0,-0.00221506849315065,0,-37.924859868862846,7763.868478600346,776.1557933545482,677.9290887569263,0.0,1.0659046790768518,7763.868478600346,677585.2912783531,10779.390772482371
1765,7232.0,7232.0,7248.237789706891,0.001159202538678864,0,0,0,0,hold,False,0,0,-0.007115761899989415,0,-37.931975630762835,7708.622639083793,699.4752345318466,677.9290887569263,0.0,1.0659046790768518,7708.622639083793,677585.2912783531,10779.390772482371
1766,7259.83,7259.83,7248.237789706891,0.0018682872836571374,0,0,0,0,buy,True,0,0,0,0,-37.931975630762835,7738.286766302501,740.6486852753496,677.9290887569263,0.0,1.0659046790768518,7738.286766302501,677585.2912783531,10779.390772482371
1767,7190.71,7190.71,7248.237789706891,0.0016913020826286114,0,0,0,0,buy,True,0,0,0,0,-37.931975630762835,7664.6114348847095,638.3882140072583,677.9290887569263,0.0,1.0659046790768518,7664.6114348847095,677585.2912783531,10779.390772482371
1768,7237.53,7237.53,7248.237789706891,0.0011939394616839443,0,0,0,0,hold,False,0,0,0.006511179007358054,0,-37.925464451755474,7714.517091959087,707.6566640184283,677.9290887569263,0.0,1.0659046790768518,7714.517091959087,677585.2912783531,10779.390772482371
1769,7214.24,7214.24,7248.237789706891,0.0013725629022110827,0,0,0,0,hold,False,0,0,-0.00321794866480695,0,-37.92868240042028,7689.692171983387,673.1999745532394,677.9290887569263,0.0,1.0659046790768518,7689.692171983387,677585.2912783531,10779.390772482371
1770,7274.99,7274.99,7248.237789706891,0.001054406052932537,0,0,0,0,hold,False,0,0,0.008420845439020599,0,-37.92026155498126,7754.445881237306,763.0773418787103,677.9290887569263,0.0,1.0659046790768518,7754.445881237306,677585.2912783531,10779.390772482371
1771,7298.39,7298.39,7248.237789706891,0.0015164440885200585,0,0,0,0,hold,False,0,0,0.0032164992666658047,0,-37.917045055714595,7779.388050727705,797.6967722559293,677.9290887569263,0.0,1.0659046790768518,7779.388050727705,677585.2912783531,10779.390772482371
1772,7308.84,7308.84,7248.237789706891,0.0015097677286956962,0,0,0,0,hold,False,0,0,0.0014318226348549589,0,-37.91561323307974,7790.5267546240575,813.1571588987463,677.9290887569263,0.0,1.0659046790768518,7790.5267546240575,677585.2912783531,10779.390772482371
1773,7310.26,7310.26,7248.237789706891,0.0019181786673983887,0,0,0,0,buy,True,0,0,0,0,-37.91561323307974,7792.040339268347,815.2579961267656,677.9290887569263,0.0,1.0659046790768518,7792.040339268347,677585.2912783531,10779.390772482371
1774,7284.13,7284.13,7248.237789706891,0.0019274789093461117,0,0,0,0,buy,True,0,0,0,0,-37.91561323307974,7764.188250004069,776.599632205538,677.9290887569263,0.0,1.0659046790768518,7764.188250004069,677585.2912783531,10779.390772482371
1775,7282.94,7282.94,7248.237789706891,0.001168098953201836,0,0,0,0,hold,False,0,0,-0.00016336885805185152,0,-37.91577660193779,7762.9198234359665,774.8390714299439,677.9290887569263,0.0,1.0659046790768518,7762.9198234359665,677585.2912783531,10779.390772482371
1776,7281.54,7281.54,7248.237789706891,0.0010266170289625362,0,0,0,0,buy,True,0,0,0,0,-37.91577660193779,7761.42755688526,772.7678234586583,677.9290887569263,0.0,1.0659046790768518,7761.42755688526,677585.2912783531,10779.390772482371
1777,7302.01,7291.989643743993,0,0.0013722736966955184,1.0659046790768518,7764.793315165621,7.772565881046668,38.862740055386894,sell,False,0,0,-1.0,0,-38.91577660193779,7764.793315165621,803.0524277245422,685.701654637973,7764.793315165621,0.0,0.0,685357.8571593998,10779.390772482371
1778,7282.3,7282.3,0,0.001039441960635982,0,0,0,0,hold,False,0,0,0,0,-38.91577660193779,7764.793315165621,773.8922152145005,685.701654637973,7764.793315165621,0.0,0.0,685357.8571593998,10779.390772482371
1779,7271.64,7271.64,0,0.0013972740036873816,0,0,0,0,hold,False,0,0,0,0,-38.91577660193779,7764.793315165621,758.1211413759902,685.701654637973,7764.793315165621,0.0,0.0,685357.8571593998,10779.390772482371
1780,7281.21,7281.21,0,0.0010698186562662854,0,0,0,0,hold,False,0,0,0,0,-38.91577660193779,7764.793315165621,772.2796007225697,685.701654637973,7764.793315165621,0.0,0.0,685357.8571593998,10779.390772482371
1781,7263.02,7263.02,0,0.0011014394954619265,0,0,0,0,hold,False,0,0,0,0,-38.91577660193779,7764.793315165621,745.3681717242107,685.701654637973,7764.793315165621,0.0,0.0,685357.8571593998,10779.390772482371
1782,7210.46,7221.26620710227,7228.494701804072,0.0014986848415037943,1.0741922952821281,7764.79331516562,7.764793315165622,0,buy,False,0,0,0,0,-38.91577660193779,7745.420577439974,667.6076050307656,693.4664479531386,9.094947017729282e-13,1.0741922952821281,7745.420577439973,693114.8856812502,10779.390772482371
1783,7225.0,7211.655121496753,0,0.0018470420073698783,1.0741922952821281,7738.957663375968,7.746704367743711,-25.83565178965,sell,False,0,0,-1.0,0,-39.91577660193779,7738.957663375969,689.118994675413,701.2131523208824,7738.957663375969,0.0,0.0,700861.5900489939,10779.390772482371
1784,7257.43,7257.43,0,0.0014842570308693345,0,0,0,0,hold,False,0,0,0,0,-39.91577660193779,7738.957663375969,737.0979744674314,701.2131523208824,7738.957663375969,0.0,0.0,700861.5900489939,10779.390772482371
1785,7253.01,7253.01,0,0.0015275877193179524,0,0,0,0,sell,True,0,0,0,0,-39.91577660193779,7738.957663375969,730.5587487295106,701.2131523208824,7738.957663375969,0.0,0.0,700861.5900489939,10779.390772482371
1786,7250.22,7250.22,0,0.0014123303298023034,0,0,0,0,hold,False,0,0,0,0,-39.91577660193779,7738.957663375969,726.4310474153044,701.2131523208824,7738.957663375969,0.0,0.0,700861.5900489939,10779.390772482371
1787,7224.11,7224.11,0,0.001823156870593989,0,0,0,0,hold,False,0,0,0,0,-39.91577660193779,7738.957663375969,687.8022727508087,701.2131523208824,7738.957663375969,0.0,0.0,700861.5900489939,10779.390772482371
1788,7240.52,7240.52,0,0.0015728429161135937,0,0,0,0,sell,True,0,0,0,0,-39.91577660193779,7738.957663375969,712.0802578999628,701.2131523208824,7738.957663375969,0.0,0.0,700861.5900489939,10779.390772482371
1789,7226.6,7226.6,0,0.001366093112941533,0,0,0,0,sell,True,0,0,0,0,-39.91577660193779,7738.957663375969,691.486135214027,701.2131523208824,7738.957663375969,0.0,0.0,700861.5900489939,10779.390772482371
1790,7254.53,7254.53,0,0.0016731345221277396,0,0,0,0,hold,False,0,0,0,0,-39.91577660193779,7738.957663375969,732.8075322411933,701.2131523208824,7738.957663375969,0.0,0.0,700861.5900489939,10779.390772482371
1791,7286.01,7286.01,0,0.0016338293455375943,0,0,0,0,sell,True,0,0,0,0,-39.91577660193779,7738.957663375969,779.3810223384098,701.2131523208824,7738.957663375969,0.0,0.0,700861.5900489939,10779.390772482371
1792,7291.6,7291.6,0,0.0016950599442685363,0,0,0,0,sell,True,0,0,0,0,-39.91577660193779,7738.957663375969,787.6512195951891,701.2131523208824,7738.957663375969,0.0,0.0,700861.5900489939,10779.390772482371
1793,7288.02,7288.02,0,0.0015704106141293456,0,0,0,0,sell,True,0,0,0,0,-39.91577660193779,7738.957663375969,782.3547426400419,701.2131523208824,7738.957663375969,0.0,0.0,700861.5900489939,10779.390772482371
1794,7263.04,7263.04,0,0.0015973705660044953,0,0,0,0,hold,False,0,0,0,0,-39.91577660193779,7738.957663375969,745.3977609809426,701.2131523208824,7738.957663375969,0.0,0.0,700861.5900489939,10779.390772482371
1795,7286.01,7286.01,0,0.0018073480254095007,0,0,0,0,hold,False,0,0,0,0,-39.91577660193779,7738.957663375969,779.3810223384098,701.2131523208824,7738.957663375969,0.0,0.0,700861.5900489939,10779.390772482371
1796,7284.35,7284.35,0,0.0012536997548310194,0,0,0,0,sell,True,0,0,0,0,-39.91577660193779,7738.957663375969,776.9251140295983,701.2131523208824,7738.957663375969,0.0,0.0,700861.5900489939,10779.390772482371
1797,7316.19,7316.19,0,0.001067338102231328,0,0,0,0,hold,False,0,0,0,0,-39.91577660193779,7738.957663375969,824.0312107480004,701.2131523208824,7738.957663375969,0.0,0.0,700861.5900489939,10779.390772482371
1798,7305.3,7305.3,0,0.0010888114193359317,0,0,0,0,sell,True,0,0,0,0,-39.91577660193779,7738.957663375969,807.9198604570647,701.2131523208824,7738.957663375969,0.0,0.0,700861.5900489939,10779.390772482371
1799,7320.0,7320.0,0,0.001880707921487455,0,0,0,0,sell,True,0,0,0,0,-39.91577660193779,7738.957663375969,829.6679641555747,701.2131523208824,7738.957663375969,0.0,0.0,700861.5900489939,10779.390772482371
1800,7260.35,7260.35,0,0.0017416810639844197,0,0,0,0,sell,True,0,0,0,0,-39.91577660193779,7738.957663375969,741.4180059503997,701.2131523208824,7738.957663375969,0.0,0.0,700861.5900489939,10779.390772482371
1801,7263.02,7263.02,0,0.0014914125842542673,0,0,0,0,sell,True,0,0,0,0,-39.91577660193779,7738.957663375969,745.3681717242107,701.2131523208824,7738.957663375969,0.0,0.0,700861.5900489939,10779.390772482371
1802,7270.03,7270.03,0,0.001314880577085174,0,0,0,0,sell,True,0,0,0,0,-39.91577660193779,7738.957663375969,755.7392062090094,701.2131523208824,7738.957663375969,0.0,0.0,700861.5900489939,10779.390772482371
1803,7284.28,7284.28,0,0.0013628456915161687,0,0,0,0,sell,True,0,0,0,0,-39.91577660193779,7738.957663375969,776.8215516310338,701.2131523208824,7738.957663375969,0.0,0.0,700861.5900489939,10779.390772482371
1804,7280.3,7280.3,0,0.0017710369280096977,0,0,0,0,sell,True,0,0,0,0,-39.91577660193779,7738.957663375969,770.9332895412335,701.2131523208824,7738.957663375969,0.0,0.0,700861.5900489939,10779.390772482371
1805,7272.05,7272.05,0,0.0014897566433475366,0,0,0,0,sell,True,0,0,0,0,-39.91577660193779,7738.957663375969,758.7277211390083,701.2131523208824,7738.957663375969,0.0,0.0,700861.5900489939,10779.390772482371
1806,7268.58,7268.58,0,0.0018486740715221467,0,0,0,0,sell,True,0,0,0,0,-39.91577660193779,7738.957663375969,753.5939850958912,701.2131523208824,7738.957663375969,0.0,0.0,700861.5900489939,10779.390772482371
1807,7276.33,7276.33,0,0.0019414692054661397,0,0,0,0,sell,True,0,0,0,0,-39.91577660193779,7738.957663375969,765.0598220797983,701.2131523208824,7738.957663375969,0.0,0.0,700861.5900489939,10779.390772482371
1808,7293.71,7293.71,0,0.0014878047436328189,0,0,0,0,sell,True,0,0,0,0,-39.91577660193779,7738.957663375969,790.7728861804862,701.2131523208824,7738.957663375969,0.0,0.0,700861.5900489939,10779.390772482371
1809,7323.18,7323.18,0,0.0019704121197204614,0,0,0,0,sell,True,0,0,0,0,-39.91577660193779,7738.957663375969,834.3726559760689,701.2131523208824,7738.957663375969,0.0,0.0,700861.5900489939,10779.390772482371
1810,7299.01,7299.01,0,0.0012234431944308085,0,0,0,0,hold,False,0,0,0,0,-39.91577660193779,7738.957663375969,798.6140392146426,701.2131523208824,7738.957663375969,0.0,0.0,700861.5900489939,10779.390772482371
1811,7305.03,7305.03,0,0.0016639676141303734,0,0,0,0,sell,True,0,0,0,0,-39.91577660193779,7738.957663375969,807.5204054911737,701.2131523208824,7738.957663375969,0.0,0.0,700861.5900489939,10779.390772482371
1812,7325.0,7325.0,0,0.0015933267804260046,0,0,0,0,hold,False,0,0,0,0,-39.91577660193779,7738.957663375969,837.0652783387413,701.2131523208824,7738.957663375969,0.0,0.0,700861.5900489939,10779.390772482371
1813,7345.0,7345.0,0,0.0013280275355347663,0,0,0,0,sell,True,0,0,0,0,-39.91577660193779,7738.957663375969,866.6545350714059,701.2131523208824,7738.957663375969,0.0,0.0,700861.5900489939,10779.390772482371
1814,7363.9,7363.9,0,0.0019208141895908604,0,0,0,0,sell,True,0,0,0,0,-39.91577660193779,7738.957663375969,894.6163826837746,701.2131523208824,7738.957663375969,0.0,0.0,700861.5900489939,10779.390772482371
1815,7373.0,7373.0,0,0.0014487121101025824,0,0,0,0,hold,False,0,0,0,0,-39.91577660193779,7738.957663375969,908.0794944971385,701.2131523208824,7738.957663375969,0.0,0.0,700861.5900489939,10779.390772482371
1816,7368.94,7368.94,0,0.0013296123025004019,0,0,0,0,sell,True,0,0,0,0,-39.91577660193779,7738.957663375969,902.0728753804069,701.2131523208824,7738.957663375969,0.0,0.0,700861.5900489939,10779.390772482371
1817,7377.89,7377.89,0,0.0011714283419980947,0,0,0,0,sell,True,0,0,0,0,-39.91577660193779,7738.957663375969,915.314067768275,701.2131523208824,7738.957663375969,0.0,0.0,700861.5900489939,10779.390772482371
1818,7378.13,7378.13,0,0.0017130970108089885,0,0,0,0,sell,True,0,0,0,0,-39.91577660193779,7738.957663375969,915.6691388490672,701.2131523208824,7738.957663375969,0.0,0.0,700861.5900489939,10779.390772482371
1819,7387.72,7387.72,0,0.0017931316200107679,0,0,0,0,sell,True,0,0,0,0,-39.91577660193779,7738.957663375969,929.8571874523805,701.2131523208824,7738.957663375969,0.0,0.0,700861.5900489939,10779.390772482371
1820,7358.03,7358.03,0,0.0019691550222456734,0,0,0,0,sell,True,0,0,0,0,-39.91577660193779,7738.957663375969,885.9319358327375,701.2131523208824,7738.957663375969,0.0,0.0,700861.5900489939,10779.390772482371
1821,7356.0,7356.0,0,0.001624964240781791,0,0,0,0,sell,True,0,0,0,0,-39.91577660193779,7738.957663375969,882.9286262743717,701.2131523208824,7738.957663375969,0.0,0.0,700861.5900489939,10779.390772482371
1822,7365.25,7365.25,0,0.0015202980295127865,0,0,0,0,sell,True,0,0,0,0,-39.91577660193779,7738.957663375969,896.6136575132296,701.2131523208824,7738.957663375969,0.0,0.0,700861.5900489939,10779.390772482371
1823,7362.01,7362.01,0,0.0013272239109123995,0,0,0,0,sell,True,0,0,0,0,-39.91577660193779,7738.957663375969,891.8201979225378,701.2131523208824,7738.957663375969,0.0,0.0,700861.5900489939,10779.390772482371
1824,7359.21,7359.21,0,0.0014769359703742456,0,0,0,0,sell,True,0,0,0,0,-39.91577660193779,7738.957663375969,887.6777019799647,701.2131523208824,7738.957663375969,0.0,0.0,700861.5900489939,10779.390772482371
1825,7359.06,7359.06,0,0.0015332874538273899,0,0,0,0,sell,True,0,0,0,0,-39.91577660193779,7738.957663375969,887.4557825544707,701.2131523208824,7738.957663375969,0.0,0.0,700861.5900489939,10779.390772482371
1826,7379.0,7379.0,0,0.0016634781373438563,0,0,0,0,sell,True,0,0,0,0,-39.91577660193779,7738.957663375969,916.9562715169377,701.2131523208824,7738.957663375969,0.0,0.0,700861.5900489939,10779.390772482371
1827,7386.46,7386.46,0,0.0014667516568262291,0,0,0,0,sell,True,0,0,0,0,-39.91577660193779,7738.957663375969,927.9930642782219,701.2131523208824,7738.957663375969,0.0,0.0,700861.5900489939,10779.390772482371
1828,7375.0,7375.0,0,0.001192398091943131,0,0,0,0,sell,True,0,0,0,0,-39.91577660193779,7738.957663375969,911.0384201704037,701.2131523208824,7738.957663375969,0.0,0.0,700861.5900489939,10779.390772482371
1829,7379.33,7379.33,0,0.0013424592190574853,0,0,0,0,sell,True,0,0,0,0,-39.91577660193779,7738.957663375969,917.4444942530263,701.2131523208824,7738.957663375969,0.0,0.0,700861.5900489939,10779.390772482371
1830,7367.19,7367.19,0,0.0015138930595664543,0,0,0,0,sell,True,0,0,0,0,-39.91577660193779,7738.957663375969,899.4838154162971,701.2131523208824,7738.957663375969,0.0,0.0,700861.5900489939,10779.390772482371
1831,7382.74,7382.74,0,0.001661817594095923,0,0,0,0,sell,True,0,0,0,0,-39.91577660193779,7738.957663375969,922.4894625259458,701.2131523208824,7738.957663375969,0.0,0.0,700861.5900489939,10779.390772482371
1832,7381.11,7381.11,0,0.001532194061116207,0,0,0,0,sell,True,0,0,0,0,-39.91577660193779,7738.957663375969,920.077938102233,701.2131523208824,7738.957663375969,0.0,0.0,700861.5900489939,10779.390772482371
1833,7367.16,7367.16,0,0.0017190290971741068,0,0,0,0,sell,True,0,0,0,0,-39.91577660193779,7738.957663375969,899.4394315311984,701.2131523208824,7738.957663375969,0.0,0.0,700861.5900489939,10779.390772482371
1834,7383.0,7383.0,0,0.001433515685196747,0,0,0,0,sell,True,0,0,0,0,-39.91577660193779,7738.957663375969,922.8741228634699,701.2131523208824,7738.957663375969,0.0,0.0,700861.5900489939,10779.390772482371
1835,7092.11,7092.11,0,0.0012773410426406967,0,0,0,0,sell,True,0,0,0,0,-39.91577660193779,7738.957663375969,492.5131783152174,701.2131523208824,7738.957663375969,0.0,0.0,700861.5900489939,10779.390772482371
1836,6992.26,6992.26,0,0.00115689785464905,0,0,0,0,sell,True,0,0,0,0,-39.91577660193779,7738.957663375969,344.7888140773848,701.2131523208824,7738.957663375969,0.0,0.0,700861.5900489939,10779.390772482371
1837,6991.9,6991.9,0,0.0010270109748881254,0,0,0,0,sell,True,0,0,0,0,-39.91577660193779,7738.957663375969,344.2562074561956,701.2131523208824,7738.957663375969,0.0,0.0,700861.5900489939,10779.390772482371
1838,6986.75,6986.75,0,0.0018498224081686851,0,0,0,0,sell,True,0,0,0,0,-39.91577660193779,7738.957663375969,336.63697384753505,701.2131523208824,7738.957663375969,0.0,0.0,700861.5900489939,10779.390772482371
1839,7036.04,7036.04,0,0.0018541955159330262,0,0,0,0,sell,True,0,0,0,0,-39.91577660193779,7738.957663375969,409.55969706518954,701.2131523208824,7738.957663375969,0.0,0.0,700861.5900489939,10779.390772482371
1840,7017.18,7017.18,0,0.0019402127019487166,0,0,0,0,sell,True,0,0,0,0,-39.91577660193779,7738.957663375969,381.6570279662865,701.2131523208824,7738.957663375969,0.0,0.0,700861.5900489939,10779.390772482371
1841,6990.02,6990.02,0,0.0013615227481899904,0,0,0,0,sell,True,0,0,0,0,-39.91577660193779,7738.957663375969,341.47481732332744,701.2131523208824,7738.957663375969,0.0,0.0,700861.5900489939,10779.390772482371
1842,6916.65,6916.65,0,0.0016970289174198733,0,0,0,0,sell,True,0,0,0,0,-39.91577660193779,7738.957663375969,232.9266289995412,701.2131523208824,7738.957663375969,0.0,0.0,700861.5900489939,10779.390772482371
1843,6912.82,6912.82,0,0.0011019062684130207,0,0,0,0,sell,True,0,0,0,0,-39.91577660193779,7738.957663375969,227.26028633523674,701.2131523208824,7738.957663375969,0.0,0.0,700861.5900489939,10779.390772482371
1844,6923.63,6923.63,0,0.0011781366403288804,0,0,0,0,sell,True,0,0,0,0,-39.91577660193779,7738.957663375969,243.2532795992429,701.2131523208824,7738.957663375969,0.0,0.0,700861.5900489939,10779.390772482371
1845,6912.76,6912.76,0,0.0014417207976481867,0,0,0,0,sell,True,0,0,0,0,-39.91577660193779,7738.957663375969,227.17151856503915,701.2131523208824,7738.957663375969,0.0,0.0,700861.5900489939,10779.390772482371
1846,6968.0,6968.0,0,0.0010717951918238092,0,0,0,0,sell,True,0,0,0,0,-39.91577660193779,7738.957663375969,308.8970456606621,701.2131523208824,7738.957663375969,0.0,0.0,700861.5900489939,10779.390772482371
1847,6939.01,6939.01,0,0.001009302803512847,0,0,0,0,sell,True,0,0,0,0,-39.91577660193779,7738.957663375969,266.0074180266638,701.2131523208824,7738.957663375969,0.0,0.0,700861.5900489939,10779.390772482371
1848,6909.42,6909.42,0,0.0017692256117022335,0,0,0,0,hold,False,0,0,0,0,-39.91577660193779,7738.957663375969,222.2301126906841,701.2131523208824,7738.957663375969,0.0,0.0,700861.5900489939,10779.390772482371
1849,6700.0,6709.597697757107,6716.314011768877,0.001432492202553373,1.1522626324223575,7738.95766337597,7.738957663375969,0,buy,False,0,0,0,0,-39.91577660193779,7720.1596372297945,-87.59899455705636,708.9521099842583,-9.094947017729282e-13,1.1522626324223575,7720.159637229795,708592.8087547065,10779.390772482371
1850,6462.03,6462.03,6716.314011768877,0.0015034068836101847,0,0,0,0,hold,False,0,0,-0.03551791044776128,0,-39.95129451238555,7445.955698592245,-439.66676579067644,708.9521099842583,-9.094947017729282e-13,1.1522626324223575,7445.955698592246,708592.8087547065,10779.390772482371
1851,6436.97,6436.97,6716.314011768877,0.0017344251914882325,0,0,0,0,hold,False,0,0,-0.0038780383254177256,0,-39.95517255071097,7417.079997023742,-476.742104476707,708.9521099842583,-9.094947017729282e-13,1.1522626324223575,7417.079997023743,708592.8087547065,10779.390772482371
1852,6471.99,6471.99,6716.314011768877,0.0015759330473345875,0,0,0,0,hold,False,0,0,0.005440447912604747,0,-39.949732102798365,7457.432234411172,-424.9313159378107,708.9521099842583,-9.094947017729282e-13,1.1522626324223575,7457.432234411173,708592.8087547065,10779.390772482371
1853,6444.58,6444.58,6716.314011768877,0.0012487604041148117,0,0,0,0,hold,False,0,0,-0.0042351734165225205,0,-39.95396727621489,7425.848715656476,-465.483392289927,708.9521099842583,-9.094947017729282e-13,1.1522626324223575,7425.848715656477,708592.8087547065,10779.390772482371
1854,6442.0,6442.0,6716.314011768877,0.001153310733142686,0,0,0,0,buy,True,0,0,0,0,-39.95396727621489,7422.875878064826,-469.30040640844163,708.9521099842583,-9.094947017729282e-13,1.1522626324223575,7422.875878064827,708592.8087547065,10779.390772482371
1855,6402.86,6402.86,6716.314011768877,0.0012533148162715711,0,0,0,0,hold,False,0,0,-0.006075752871779017,0,-39.96004302908667,7377.776318631814,-527.206581834269,708.9521099842583,-9.094947017729282e-13,1.1522626324223575,7377.776318631815,708592.8087547065,10779.390772482371
1856,6418.67,6418.67,6716.314011768877,0.001411353443178999,0,0,0,0,buy,True,0,0,0,0,-39.96004302908667,7395.993590850412,-503.8162743870962,708.9521099842583,-9.094947017729282e-13,1.1522626324223575,7395.993590850413,708592.8087547065,10779.390772482371
1857,6405.88,6405.88,6716.314011768877,0.001643922522456512,0,0,0,0,buy,True,0,0,0,0,-39.96004302908667,7381.25615178173,-522.7386040676356,708.9521099842583,-9.094947017729282e-13,1.1522626324223575,7381.256151781731,708592.8087547065,10779.390772482371
1858,6433.97,6433.97,6716.314011768877,0.0012147425715637078,0,0,0,0,hold,False,0,0,0.00438503375024201,0,-39.95565799533643,7413.623209126475,-481.1804929866066,708.9521099842583,-9.094947017729282e-13,1.1522626324223575,7413.623209126476,708592.8087547065,10779.390772482371
1859,6393.96,6393.96,6716.314011768877,0.0017429156521764615,0,0,0,0,buy,True,0,0,0,0,-39.95565799533643,7367.521181203256,-540.3738010803045,708.9521099842583,-9.094947017729282e-13,1.1522626324223575,7367.521181203257,708592.8087547065,10779.390772482371
1860,6379.25,6379.25,6716.314011768877,0.001580894527094305,0,0,0,0,buy,True,0,0,0,0,-39.95565799533643,7350.571397880323,-562.1366994071795,708.9521099842583,-9.094947017729282e-13,1.1522626324223575,7350.571397880324,708592.8087547065,10779.390772482371
1861,6408.65,6408.65,6716.314011768877,0.0018972126747617895,0,0,0,0,hold,False,0,0,0.00460869224438599,0,-39.95104930309204,7384.44791927354,-518.6404920101613,708.9521099842583,-9.094947017729282e-13,1.1522626324223575,7384.447919273541,708592.8087547065,10779.390772482371
1862,6403.02,6403.02,6716.314011768877,0.0012314702781963509,0,0,0,0,hold,False,0,0,-0.0008785001521380114,0,-39.95192780324418,7377.960680653003,-526.9698677804063,708.9521099842583,-9.094947017729282e-13,1.1522626324223575,7377.960680653004,708592.8087547065,10779.390772482371
1863,6498.89,6498.89,6716.314011768877,0.0014618598719333205,0,0,0,0,buy,True,0,0,0,0,-39.95192780324418,7488.428099223334,-385.133765632374,708.9521099842583,-9.094947017729282e-13,1.1522626324223575,7488.428099223335,708592.8087547065,10779.390772482371
1864,6478.04,6478.04,6716.314011768877,0.0018668394109343706,0,0,0,0,hold,False,0,0,-0.003208240176399422,0,-39.95513604342058,7464.403423337328,-415.980565776179,708.9521099842583,-9.094947017729282e-13,1.1522626324223575,7464.403423337329,708592.8087547065,10779.390772482371
1865,6422.51,6422.51,6716.314011768877,0.001517160035082456,0,0,0,0,buy,True,0,0,0,0,-39.95513604342058,7400.418279358914,-498.13513709442304,708.9521099842583,-9.094947017729282e-13,1.1522626324223575,7400.418279358915,708592.8087547065,10779.390772482371
1866,6428.46,6428.46,6716.314011768877,0.0013163061332077859,0,0,0,0,buy,True,0,0,0,0,-39.95513604342058,7407.274242021827,-489.3323332164564,708.9521099842583,-9.094947017729282e-13,1.1522626324223575,7407.274242021828,708592.8087547065,10779.390772482371
1867,6383.0,6383.0,6716.314011768877,0.001221161959544617,0,0,0,0,buy,True,0,0,0,0,-39.95513604342058,7354.892382751907,-556.5887137698046,708.9521099842583,-9.094947017729282e-13,1.1522626324223575,7354.8923827519075,708592.8087547065,10779.390772482371
1868,6424.59,6424.59,6716.314011768877,0.0017564643007300126,0,0,0,0,buy,True,0,0,0,0,-39.95513604342058,7402.8149856343525,-495.0578543942265,708.9521099842583,-9.094947017729282e-13,1.1522626324223575,7402.814985634353,708592.8087547065,10779.390772482371
1869,6474.88,6474.88,6716.314011768877,0.0014056924386423332,0,0,0,0,buy,True,0,0,0,0,-39.95513604342058,7460.7622734188735,-420.65566833993944,708.9521099842583,-9.094947017729282e-13,1.1522626324223575,7460.762273418874,708592.8087547065,10779.390772482371
1870,6453.0,6453.0,6716.314011768877,0.0016940722040692194,0,0,0,0,buy,True,0,0,0,0,-39.95513604342058,7435.550767021472,-453.02631520547584,708.9521099842583,-9.094947017729282e-13,1.1522626324223575,7435.550767021473,708592.8087547065,10779.390772482371
1871,6444.46,6444.46,6716.314011768877,0.0014818052888808952,0,0,0,0,buy,True,0,0,0,0,-39.95513604342058,7425.710444140585,-465.660927830324,708.9521099842583,-9.094947017729282e-13,1.1522626324223575,7425.710444140586,708592.8087547065,10779.390772482371
1872,6474.68,6474.68,6716.314011768877,0.0013602900770642037,0,0,0,0,buy,True,0,0,0,0,-39.95513604342058,7460.531820892389,-420.95156090726596,708.9521099842583,-9.094947017729282e-13,1.1522626324223575,7460.53182089239,708592.8087547065,10779.390772482371
1873,6516.01,6516.01,6716.314011768877,0.0018437654750715108,0,0,0,0,buy,True,0,0,0,0,-39.95513604342058,7508.154835490405,-359.805361869212,708.9521099842583,-9.094947017729282e-13,1.1522626324223575,7508.154835490406,708592.8087547065,10779.390772482371
1874,6494.08,6494.08,6716.314011768877,0.0014014890100622368,0,0,0,0,buy,True,0,0,0,0,-39.95513604342058,7482.885715961383,-392.24998187658093,708.9521099842583,-9.094947017729282e-13,1.1522626324223575,7482.8857159613835,708592.8087547065,10779.390772482371
1875,6529.95,6517.942601315158,0,0.0018388193913953538,1.1522626324223575,7502.871318069463,7.5103816997692325,-236.0863453065076,sell,False,0,0,-1.0,0,-40.95513604342058,7502.871318069462,-339.181649926546,716.4624916840276,7502.871318069462,0.0,0.0,716103.1904544757,10779.390772482371
1876,6499.98,6499.98,0,0.0010877180662490422,0,0,0,0,sell,True,0,0,0,0,-40.95513604342058,7502.871318069462,-383.521151140445,716.4624916840276,7502.871318069462,0.0,0.0,716103.1904544757,10779.390772482371
1877,6492.27,6492.27,0,0.0011212164288277936,0,0,0,0,sell,True,0,0,0,0,-40.95513604342058,7502.871318069462,-394.92780961088647,716.4624916840276,7502.871318069462,0.0,0.0,716103.1904544757,10779.390772482371
1878,6485.98,6485.98,0,0.0012518101988475098,0,0,0,0,sell,True,0,0,0,0,-40.95513604342058,7502.871318069462,-404.2336308533104,716.4624916840276,7502.871318069462,0.0,0.0,716103.1904544757,10779.390772482371
1879,6511.4,6511.4,0,0.001796368578000051,0,0,0,0,sell,True,0,0,0,0,-40.95513604342058,7502.871318069462,-366.6256855460924,716.4624916840276,7502.871318069462,0.0,0.0,716103.1904544757,10779.390772482371
1880,6465.92,6465.92,0,0.0010101911911254778,0,0,0,0,sell,True,0,0,0,0,-40.95513604342058,7502.871318069462,-433.91165535617256,716.4624916840276,7502.871318069462,0.0,0.0,716103.1904544757,10779.390772482371
1881,6486.45,6486.45,0,0.0015897077044909926,0,0,0,0,sell,True,0,0,0,0,-40.95513604342058,7502.871318069462,-403.5382833200929,716.4624916840276,7502.871318069462,0.0,0.0,716103.1904544757,10779.390772482371
1882,6446.92,6446.92,0,0.0013722674241727249,0,0,0,0,sell,True,0,0,0,0,-40.95513604342058,7502.871318069462,-462.02144925220637,716.4624916840276,7502.871318069462,0.0,0.0,716103.1904544757,10779.390772482371
1883,6454.6,6454.6,0,0.0015823122316742586,0,0,0,0,sell,True,0,0,0,0,-40.95513604342058,7502.871318069462,-450.6591746668619,716.4624916840276,7502.871318069462,0.0,0.0,716103.1904544757,10779.390772482371
1884,6363.05,6363.05,0,0.001245984097569108,0,0,0,0,sell,True,0,0,0,0,-40.95513604342058,7502.871318069462,-586.1039973606385,716.4624916840276,7502.871318069462,0.0,0.0,716103.1904544757,10779.390772482371
1885,6367.0,6367.0,0,0.001407059580547827,0,0,0,0,sell,True,0,0,0,0,-40.95513604342058,7502.871318069462,-580.260119155937,716.4624916840276,7502.871318069462,0.0,0.0,716103.1904544757,10779.390772482371
1886,6428.2,6428.2,0,0.0012031604527593155,0,0,0,0,sell,True,0,0,0,0,-40.95513604342058,7502.871318069462,-489.7169935539805,716.4624916840276,7502.871318069462,0.0,0.0,716103.1904544757,10779.390772482371
1887,6439.61,6439.61,0,0.0015070385116637657,0,0,0,0,sell,True,0,0,0,0,-40.95513604342058,7502.871318069462,-472.8363225879948,716.4624916840276,7502.871318069462,0.0,0.0,716103.1904544757,10779.390772482371
1888,6415.82,6415.82,0,0.0016445244967547542,0,0,0,0,hold,False,0,0,0,0,-40.95513604342058,7502.871318069462,-508.0327434715018,716.4624916840276,7502.871318069462,0.0,0.0,716103.1904544757,10779.390772482371
1889,6375.69,6375.69,0,0.0011785427059178718,0,0,0,0,sell,True,0,0,0,0,-40.95513604342058,7502.871318069462,-567.4035871055949,716.4624916840276,7502.871318069462,0.0,0.0,716103.1904544757,10779.390772482371
1890,6438.79,6438.79,0,0.0015552015020199308,0,0,0,0,sell,True,0,0,0,0,-40.95513604342058,7502.871318069462,-474.0494821140346,716.4624916840276,7502.871318069462,0.0,0.0,716103.1904544757,10779.390772482371
1891,6422.37,6422.37,0,0.0017081339954465578,0,0,0,0,hold,False,0,0,0,0,-40.95513604342058,7502.871318069462,-498.34226189155197,716.4624916840276,7502.871318069462,0.0,0.0,716103.1904544757,10779.390772482371
1892,6417.11,6417.11,0,0.0015450383379144133,0,0,0,0,hold,False,0,0,0,0,-40.95513604342058,7502.871318069462,-506.1242364122445,716.4624916840276,7502.871318069462,0.0,0.0,716103.1904544757,10779.390772482371
1893,6418.99,6418.99,0,0.00160717127779597,0,0,0,0,hold,False,0,0,0,0,-40.95513604342058,7502.871318069462,-503.3428462793727,716.4624916840276,7502.871318069462,0.0,0.0,716103.1904544757,10779.390772482371
1894,6457.15,6457.15,0,0.0018577207269853345,0,0,0,0,sell,True,0,0,0,0,-40.95513604342058,7502.871318069462,-446.88654443344785,716.4624916840276,7502.871318069462,0.0,0.0,716103.1904544757,10779.390772482371
1895,6427.18,6435.644392429354,6442.0864789082625,0.0013169683172641836,1.1646647934072705,7502.871318069462,7.502871318069461,0,buy,False,0,0,0,0,-40.95513604342058,7485.510266891341,-491.22604564734684,723.965363002097,0.0,1.1646647934072705,7485.510266891341,723598.5589012271,10779.390772482371
1896,6398.01,6398.01,6442.0864789082625,0.0017065169492011113,0,0,0,0,buy,True,0,0,0,0,-40.95513604342058,7451.536994867651,-534.3819765919397,723.965363002097,0.0,1.1646647934072705,7451.536994867651,723598.5589012271,10779.390772482371
1897,6395.54,6395.54,6442.0864789082625,0.0010712780913291538,0,0,0,0,buy,True,0,0,0,0,-40.95513604342058,7448.660272827935,-538.0362497984243,723.965363002097,0.0,1.1646647934072705,7448.660272827935,723598.5589012271,10779.390772482371
1898,6432.6,6432.6,6442.0864789082625,0.0011879368481052773,0,0,0,0,buy,True,0,0,0,0,-40.95513604342058,7491.822750071608,-483.20735707279346,723.965363002097,0.0,1.1646647934072705,7491.822750071608,723598.5589012271,10779.390772482371
1899,6421.2,6408.379198666818,0,0.0019966363503988796,1.1646647934072705,7456.150021855248,7.46361363549074,-46.72129621421391,sell,False,0,0,-1.0,0,-41.95513604342058,7456.150021855248,-500.0732334104141,731.4289766375878,7456.150021855248,0.0,0.0,731062.1725367178,10779.390772482371
1900,6444.18,6444.18,0,0.001182255787416541,0,0,0,0,hold,False,0,0,0,0,-41.95513604342058,7456.150021855248,-466.07517742458003,731.4289766375878,7456.150021855248,0.0,0.0,731062.1725367178,10779.390772482371
1901,6428.75,6436.830061601042,6443.273334935978,0.0012568635583965857,1.157199087213539,7456.150021855248,7.456150021855248,0,buy,False,0,0,0,0,-41.95513604342058,7439.343631924038,-488.90328899383167,738.885126659443,0.0,1.157199087213539,7439.343631924038,738510.8664085512,10779.390772482371
1902,6432.11,6432.11,6443.273334935978,0.0019558918740328704,0,0,0,0,hold,False,0,0,0.000522652148551346,0,-41.95461339127203,7443.231820857075,-483.9322938627447,738.885126659443,0.0,1.157199087213539,7443.231820857075,738510.8664085512,10779.390772482371
1903,6442.61,6442.61,6443.273334935978,0.0019638851757229764,0,0,0,0,hold,False,0,0,0.0016324347686841004,0,-41.95298095650334,7455.382411272818,-468.3979340780952,738.885126659443,0.0,1.157199087213539,7455.382411272818,738510.8664085512,10779.390772482371
1904,6444.01,6444.01,6443.273334935978,0.0015722869652473352,0,0,0,0,hold,False,0,0,0.00021730323580048508,0,-41.95276365326754,7457.002489994918,-466.32668610680776,738.885126659443,0.0,1.157199087213539,7457.002489994918,738510.8664085512,10779.390772482371
1905,6449.02,6449.02,6443.273334935978,0.001517238835587182,0,0,0,0,buy,True,0,0,0,0,-41.95276365326754,7462.800057421858,-458.9145772952761,738.885126659443,0.0,1.157199087213539,7462.800057421858,738510.8664085512,10779.390772482371
1906,6464.56,6464.56,6443.273334935978,0.0012661087401625026,0,0,0,0,buy,True,0,0,0,0,-41.95276365326754,7480.782931237156,-435.92372481399434,738.885126659443,0.0,1.157199087213539,7480.782931237156,738510.8664085512,10779.390772482371
1907,6467.26,6467.26,6443.273334935978,0.001844716959443186,0,0,0,0,hold,False,0,0,0.0004176618362270278,0,-41.952345991431315,7483.907368772632,-431.9291751550845,738.885126659443,0.0,1.157199087213539,7483.907368772632,738510.8664085512,10779.390772482371
1908,6459.11,6459.11,6443.273334935978,0.0017283994012127516,0,0,0,0,buy,True,0,0,0,0,-41.952345991431315,7474.476196211841,-443.9867972736465,738.885126659443,0.0,1.157199087213539,7474.476196211841,738510.8664085512,10779.390772482371
1909,6429.01,6429.01,6443.273334935978,0.0010455328570699559,0,0,0,0,hold,False,0,0,-0.004660084748517852,0,-41.95700607617983,7439.644503686714,-488.51862865630756,738.885126659443,0.0,1.157199087213539,7439.644503686714,738510.8664085512,10779.390772482371
1910,6407.31,6407.31,6443.273334935978,0.001354131333736823,0,0,0,0,buy,True,0,0,0,0,-41.95700607617983,7414.533283494181,-520.6229722112494,738.885126659443,0.0,1.157199087213539,7414.533283494181,738510.8664085512,10779.390772482371
1911,6414.42,6414.42,6443.273334935978,0.0015643175613730188,0,0,0,0,buy,True,0,0,0,0,-41.95700607617983,7422.760969004268,-510.10399144278745,738.885126659443,0.0,1.157199087213539,7422.760969004268,738510.8664085512,10779.390772482371
1912,6404.03,6404.03,6443.273334935978,0.0012047614624489836,0,0,0,0,hold,False,0,0,-0.0016197879153532946,0,-41.95862586409518,7410.737670488119,-525.4756103154068,738.885126659443,0.0,1.157199087213539,7410.737670488119,738510.8664085512,10779.390772482371
1913,6429.4,6429.4,6443.273334935978,0.0013438516797189437,0,0,0,0,hold,False,0,0,0.003961567950181441,0,-41.954664296145,7440.095811330727,-487.9416381500214,738.885126659443,0.0,1.157199087213539,7440.095811330727,738510.8664085512,10779.390772482371
1914,6368.07,6368.07,6443.273334935978,0.001513960198778258,0,0,0,0,buy,True,0,0,0,0,-41.954664296145,7369.1247913119205,-578.6770939207399,738.885126659443,0.0,1.157199087213539,7369.1247913119205,738510.8664085512,10779.390772482371
1915,6212.33,6212.33,6443.273334935978,0.0019987393927206926,0,0,0,0,buy,True,0,0,0,0,-41.954664296145,7188.902605469284,-809.0886360980057,738.885126659443,0.0,1.157199087213539,7188.902605469284,738510.8664085512,10779.390772482371
1916,6186.29,6186.29,6443.273334935978,0.0013858755016720548,0,0,0,0,buy,True,0,0,0,0,-41.954664296145,7158.769141238244,-847.613848363937,738.885126659443,0.0,1.157199087213539,7158.769141238244,738510.8664085512,10779.390772482371
1917,6176.04,6176.04,6443.273334935978,0.001863322957930534,0,0,0,0,buy,True,0,0,0,0,-41.954664296145,7146.907850594305,-862.7783424394274,738.885126659443,0.0,1.157199087213539,7146.907850594305,738510.8664085512,10779.390772482371
1918,6168.0,6168.0,6443.273334935978,0.0016131608387055312,0,0,0,0,buy,True,0,0,0,0,-41.954664296145,7137.603969933108,-874.6732236459593,738.885126659443,0.0,1.157199087213539,7137.603969933108,738510.8664085512,10779.390772482371
1919,6180.0,6180.0,6443.273334935978,0.0013002425682394582,0,0,0,0,buy,True,0,0,0,0,-41.954664296145,7151.49035897967,-856.9196696063591,738.885126659443,0.0,1.157199087213539,7151.49035897967,738510.8664085512,10779.390772482371
1920,6180.03,6180.03,6443.273334935978,0.001871899937760736,0,0,0,0,buy,True,0,0,0,0,-41.954664296145,7151.525074952287,-856.8752857212603,738.885126659443,0.0,1.157199087213539,7151.525074952287,738510.8664085512,10779.390772482371
1921,6185.05,6185.05,6443.273334935978,0.0018345719144969947,0,0,0,0,buy,True,0,0,0,0,-41.954664296145,7157.334214370099,-849.4483822813618,738.885126659443,0.0,1.157199087213539,7157.334214370099,738510.8664085512,10779.390772482371
1922,6175.4,6175.4,6443.273334935978,0.0011855111424525127,0,0,0,0,buy,True,0,0,0,0,-41.954664296145,7146.167243178488,-863.7251986548727,738.885126659443,0.0,1.157199087213539,7146.167243178488,738510.8664085512,10779.390772482371
1923,6206.0,6206.0,6443.273334935978,0.0012173282576222813,0,0,0,0,buy,True,0,0,0,0,-41.954664296145,7181.577535247223,-818.4536358538935,738.885126659443,0.0,1.157199087213539,7181.577535247223,738510.8664085512,10779.390772482371
1924,6160.99,6160.99,6443.273334935978,0.0012634808700335883,0,0,0,0,buy,True,0,0,0,0,-41.954664296145,7129.492004331741,-885.044258130758,738.885126659443,0.0,1.157199087213539,7129.492004331741,738510.8664085512,10779.390772482371
1925,6171.92,6171.92,6443.273334935978,0.0012970206155247833,0,0,0,0,buy,True,0,0,0,0,-41.954664296145,7142.140190354985,-868.8737293263566,738.885126659443,0.0,1.157199087213539,7142.140190354985,738510.8664085512,10779.390772482371
1926,6171.5,6171.5,6443.273334935978,0.0018975562015414614,0,0,0,0,buy,True,0,0,0,0,-41.954664296145,7141.654166738355,-869.4951037177416,738.885126659443,0.0,1.157199087213539,7141.654166738355,738510.8664085512,10779.390772482371
1927,6180.18,6180.18,6443.273334935978,0.0012367858784202179,0,0,0,0,hold,False,0,0,0.001406465202949071,0,-41.95325783094205,7151.698654815369,-856.6533662957645,738.885126659443,0.0,1.157199087213539,7151.698654815369,738510.8664085512,10779.390772482371
1928,6185.99,6185.99,6443.273334935978,0.0019893444170836637,0,0,0,0,buy,True,0,0,0,0,-41.95325783094205,7158.42198151208,-848.0576872149268,738.885126659443,0.0,1.157199087213539,7158.42198151208,738510.8664085512,10779.390772482371
1929,6187.83,6187.83,6443.273334935978,0.0016009843282555325,0,0,0,0,buy,True,0,0,0,0,-41.95325783094205,7160.551227832552,-845.3354755955206,738.885126659443,0.0,1.157199087213539,7160.551227832552,738510.8664085512,10779.390772482371
1930,6195.9,6195.9,6443.273334935978,0.001849229593035461,0,0,0,0,buy,True,0,0,0,0,-41.95325783094205,7169.889824466365,-833.3962105038918,738.885126659443,0.0,1.157199087213539,7169.889824466365,738510.8664085512,10779.390772482371
1931,6382.71,6382.71,6443.273334935978,0.0015217599401290138,0,0,0,0,buy,True,0,0,0,0,-41.95325783094205,7386.066185948727,-557.0177579924275,738.885126659443,0.0,1.157199087213539,7386.066185948727,738510.8664085512,10779.390772482371
1932,6359.97,6359.97,6443.273334935978,0.0019326189860326957,0,0,0,0,buy,True,0,0,0,0,-41.95325783094205,7359.7514787054915,-590.6607428974694,738.885126659443,0.0,1.157199087213539,7359.7514787054915,738510.8664085512,10779.390772482371
1933,6377.77,6377.77,6443.273334935978,0.0016124930913791846,0,0,0,0,buy,True,0,0,0,0,-41.95325783094205,7380.349622457893,-564.3263044053965,738.885126659443,0.0,1.157199087213539,7380.349622457893,738510.8664085512,10779.390772482371
1934,6392.6,6392.6,6443.273334935978,0.0014982683548332302,0,0,0,0,buy,True,0,0,0,0,-41.95325783094205,7397.510884921269,-542.3858705381244,738.885126659443,0.0,1.157199087213539,7397.510884921269,738510.8664085512,10779.390772482371
1935,6398.82,6398.82,6443.273334935978,0.0019995208493885017,0,0,0,0,buy,True,0,0,0,0,-41.95325783094205,7404.708663243737,-533.1836116942668,738.885126659443,0.0,1.157199087213539,7404.708663243737,738510.8664085512,10779.390772482371
1936,6380.69,6380.69,6443.273334935978,0.001693167823783718,0,0,0,0,buy,True,0,0,0,0,-41.95325783094205,7383.728643792555,-560.0062729224283,738.885126659443,0.0,1.157199087213539,7383.728643792555,738510.8664085512,10779.390772482371
1937,6369.05,6369.05,6443.273334935978,0.0019075824915467123,0,0,0,0,buy,True,0,0,0,0,-41.95325783094205,7370.2588464173905,-577.2272203408393,738.885126659443,0.0,1.157199087213539,7370.2588464173905,738510.8664085512,10779.390772482371
1938,6382.6,6382.6,6443.273334935978,0.0019601906793691825,0,0,0,0,buy,True,0,0,0,0,-41.95325783094205,7385.9388940491335,-557.1804989044576,738.885126659443,0.0,1.157199087213539,7385.9388940491335,738510.8664085512,10779.390772482371
1939,6377.25,6377.25,6443.273334935978,0.0017928577034784473,0,0,0,0,buy,True,0,0,0,0,-41.95325783094205,7379.747878932541,-565.0956250804466,738.885126659443,0.0,1.157199087213539,7379.747878932541,738510.8664085512,10779.390772482371
1940,6377.52,6377.52,6443.273334935978,0.0013675180805872832,0,0,0,0,buy,True,0,0,0,0,-41.95325783094205,7380.060322686089,-564.6961701145538,738.885126659443,0.0,1.157199087213539,7380.060322686089,738510.8664085512,10779.390772482371
1941,6384.19,6384.19,6443.273334935978,0.0019322207690892054,0,0,0,0,buy,True,0,0,0,0,-41.95325783094205,7387.778840597803,-554.8281529942124,738.885126659443,0.0,1.157199087213539,7387.778840597803,738510.8664085512,10779.390772482371
1942,6392.39,6392.39,6443.273334935978,0.0017515998092839957,0,0,0,0,buy,True,0,0,0,0,-41.95325783094205,7397.2678731129545,-542.6965577338178,738.885126659443,0.0,1.157199087213539,7397.2678731129545,738510.8664085512,10779.390772482371
1943,6374.2,6374.2,6443.273334935978,0.0012167958700092746,0,0,0,0,buy,True,0,0,0,0,-41.95325783094205,7376.2184217165395,-569.6079867321769,738.885126659443,0.0,1.157199087213539,7376.2184217165395,738510.8664085512,10779.390772482371
1944,6252.91,6252.91,6443.273334935978,0.001194520742344219,0,0,0,0,buy,True,0,0,0,0,-41.95325783094205,7235.861744428409,-749.0520341874271,738.885126659443,0.0,1.157199087213539,7235.861744428409,738510.8664085512,10779.390772482371
1945,6250.81,6250.81,6443.273334935978,0.0011481385067895794,0,0,0,0,buy,True,0,0,0,0,-41.95325783094205,7233.431626345262,-752.1589061443574,738.885126659443,0.0,1.157199087213539,7233.431626345262,738510.8664085512,10779.390772482371
1946,6262.63,6262.63,6443.273334935978,0.0013886679941052635,0,0,0,0,buy,True,0,0,0,0,-41.95325783094205,7247.109719556125,-734.6716554153518,738.885126659443,0.0,1.157199087213539,7247.109719556125,738510.8664085512,10779.390772482371
1947,6334.97,6334.97,6443.273334935978,0.0018365242136736454,0,0,0,0,buy,True,0,0,0,0,-41.95325783094205,7330.821501525153,-627.6473138133006,738.885126659443,0.0,1.157199087213539,7330.821501525153,738510.8664085512,10779.390772482371
1948,6321.23,6321.23,6443.273334935978,0.0012534340937096695,0,0,0,0,buy,True,0,0,0,0,-41.95325783094205,7314.921586066838,-647.9751331886418,738.885126659443,0.0,1.157199087213539,7314.921586066838,738510.8664085512,10779.390772482371
1949,6312.97,6312.97,6443.273334935978,0.001778876307212292,0,0,0,0,buy,True,0,0,0,0,-41.95325783094205,7305.363121606455,-660.1954962192322,738.885126659443,0.0,1.157199087213539,7305.363121606455,738510.8664085512,10779.390772482371
1950,6281.65,6281.65,6443.273334935978,0.0010095159107272756,0,0,0,0,buy,True,0,0,0,0,-41.95325783094205,7269.119646194927,-706.5322722625879,738.885126659443,0.0,1.157199087213539,7269.119646194927,738510.8664085512,10779.390772482371
1951,6304.02,6304.02,6443.273334935978,0.0018822726488239919,0,0,0,0,buy,True,0,0,0,0,-41.95325783094205,7295.006189775894,-673.4366886071002,738.885126659443,0.0,1.157199087213539,7295.006189775894,738510.8664085512,10779.390772482371
1952,6332.1,6332.1,6443.273334935978,0.0016073189655969363,0,0,0,0,buy,True,0,0,0,0,-41.95325783094205,7327.50034014485,-631.8933721544381,738.885126659443,0.0,1.157199087213539,7327.50034014485,738510.8664085512,10779.390772482371
1953,6326.25,6326.25,6443.273334935978,0.001085502053087678,0,0,0,0,buy,True,0,0,0,0,-41.95325783094205,7320.730725484651,-640.5482297487433,738.885126659443,0.0,1.157199087213539,7320.730725484651,738510.8664085512,10779.390772482371
1954,6301.83,6301.83,6443.273334935978,0.0018563700702563801,0,0,0,0,buy,True,0,0,0,0,-41.95325783094205,7292.471923774896,-676.6767122193269,738.885126659443,0.0,1.157199087213539,7292.471923774896,738510.8664085512,10779.390772482371
1955,6300.08,6300.08,6443.273334935978,0.0015771592765888658,0,0,0,0,buy,True,0,0,0,0,-41.95325783094205,7290.4468253722725,-679.2657721834366,738.885126659443,0.0,1.157199087213539,7290.4468253722725,738510.8664085512,10779.390772482371
1956,6306.02,6306.02,6443.273334935978,0.001946223527355874,0,0,0,0,buy,True,0,0,0,0,-41.95325783094205,7297.320587950321,-670.4777629338332,738.885126659443,0.0,1.157199087213539,7297.320587950321,738510.8664085512,10779.390772482371
1957,6313.0,6313.0,6443.273334935978,0.0012219115921421467,0,0,0,0,buy,True,0,0,0,0,-41.95325783094205,7305.397837579071,-660.1511123341334,738.885126659443,0.0,1.157199087213539,7305.397837579071,738510.8664085512,10779.390772482371
1958,6296.98,6296.98,6443.273334935978,0.0019259635330924469,0,0,0,0,hold,False,0,0,-0.0025376207825122993,0,-41.95579545172456,7286.85950820191,-683.8521069769995,738.885126659443,0.0,1.157199087213539,7286.85950820191,738510.8664085512,10779.390772482371
1959,6301.14,6301.14,6443.273334935978,0.0012931939451872854,0,0,0,0,hold,False,0,0,0.0006606341452570415,0,-41.95513481757931,7291.673456404719,-677.6975415766046,738.885126659443,0.0,1.157199087213539,7291.673456404719,738510.8664085512,10779.390772482371
1960,6311.87,6311.87,6443.273334935978,0.0019359458534773074,0,0,0,0,buy,True,0,0,0,0,-41.95513481757931,7304.09020261052,-661.8229053395298,738.885126659443,0.0,1.157199087213539,7304.09020261052,738510.8664085512,10779.390772482371
1961,6295.74,6295.74,6443.273334935978,0.0018969645679082292,0,0,0,0,buy,True,0,0,0,0,-41.95513481757931,7285.424581333766,-685.6866408944243,738.885126659443,0.0,1.157199087213539,7285.424581333766,738510.8664085512,10779.390772482371
1962,6262.0,6262.0,6443.273334935978,0.0012098466992546697,0,0,0,0,buy,True,0,0,0,0,-41.95513481757931,7246.380684131181,-735.6037170024301,738.885126659443,0.0,1.157199087213539,7246.380684131181,738510.8664085512,10779.390772482371
1963,6260.11,6260.11,6443.273334935978,0.0016629915376912014,0,0,0,0,buy,True,0,0,0,0,-41.95513481757931,7244.193577856347,-738.3999017636688,738.885126659443,0.0,1.157199087213539,7244.193577856347,738510.8664085512,10779.390772482371
1964,6279.46,6279.46,6443.273334935978,0.0014689752832187076,0,0,0,0,hold,False,0,0,0.0030909999984026844,0,-41.9520438175809,7266.585380193929,-709.7722958748145,738.885126659443,0.0,1.157199087213539,7266.585380193929,738510.8664085512,10779.390772482371
1965,6296.73,6296.73,6443.273334935978,0.0013601222298484745,0,0,0,0,buy,True,0,0,0,0,-41.9520438175809,7286.5702084301065,-684.2219726861586,738.885126659443,0.0,1.157199087213539,7286.5702084301065,738510.8664085512,10779.390772482371
1966,6310.47,6310.47,6443.273334935978,0.0016100442937330448,0,0,0,0,buy,True,0,0,0,0,-41.9520438175809,7302.470123888421,-663.8941533108155,738.885126659443,0.0,1.157199087213539,7302.470123888421,738510.8664085512,10779.390772482371
1967,6295.81,6295.81,6443.273334935978,0.0014921120839806413,0,0,0,0,buy,True,0,0,0,0,-41.9520438175809,7285.505585269871,-685.5830784958598,738.885126659443,0.0,1.157199087213539,7285.505585269871,738510.8664085512,10779.390772482371
1968,6292.25,6292.25,6443.273334935978,0.001028163113318895,0,0,0,0,buy,True,0,0,0,0,-41.9520438175809,7281.385956519391,-690.8499661942751,738.885126659443,0.0,1.157199087213539,7281.385956519391,738510.8664085512,10779.390772482371
1969,6312.0,6312.0,6443.273334935978,0.0011332149581054713,0,0,0,0,hold,False,0,0,0.0031387818347967202,0,-41.9489050357461,7304.240638491858,-661.6305751707678,738.885126659443,0.0,1.157199087213539,7304.240638491858,738510.8664085512,10779.390772482371
1970,6320.01,6320.01,6443.273334935978,0.0012837033920029576,0,0,0,0,hold,False,0,0,0.001269011406844118,0,-41.94763602433925,7313.509803180438,-649.7800778493347,738.885126659443,0.0,1.157199087213539,7313.509803180438,738510.8664085512,10779.390772482371
1971,6392.1,6392.1,6443.273334935978,0.0011380595488242587,0,0,0,0,hold,False,0,0,0.011406627521159089,0,-41.93622939681809,7396.932285377663,-543.1256019564407,738.885126659443,0.0,1.157199087213539,7396.932285377663,738510.8664085512,10779.390772482371
1972,6357.94,6357.94,6443.273334935978,0.0016548370864074887,0,0,0,0,buy,True,0,0,0,0,-41.93622939681809,7357.4023645584475,-593.6640524558352,738.885126659443,0.0,1.157199087213539,7357.4023645584475,738510.8664085512,10779.390772482371
1973,6355.0,6355.0,6443.273334935978,0.001921258355009116,0,0,0,0,buy,True,0,0,0,0,-41.93622939681809,7354.00019924204,-598.0136731955372,738.885126659443,0.0,1.157199087213539,7354.00019924204,738510.8664085512,10779.390772482371
1974,6325.96,6325.96,6443.273334935978,0.001276926881930974,0,0,0,0,buy,True,0,0,0,0,-41.93622939681809,7320.395137749359,-640.9772739713662,738.885126659443,0.0,1.157199087213539,7320.395137749359,738510.8664085512,10779.390772482371
1975,6339.35,6339.35,6443.273334935978,0.001931056695348377,0,0,0,0,buy,True,0,0,0,0,-41.93622939681809,7335.890033527148,-621.1672665888473,738.885126659443,0.0,1.157199087213539,7335.890033527148,738510.8664085512,10779.390772482371
1976,6334.98,6334.98,6443.273334935978,0.001980675327204655,0,0,0,0,hold,False,0,0,-0.0006893451221340756,0,-41.936918741940225,7330.833073516024,-627.6325191849355,738.885126659443,0.0,1.157199087213539,7330.833073516024,738510.8664085512,10779.390772482371
1977,6310.19,6310.19,6443.273334935978,0.0011690111473655926,0,0,0,0,hold,False,0,0,-0.003913193096110746,0,-41.940831935036336,7302.146108144001,-664.3084029050733,738.885126659443,0.0,1.157199087213539,7302.146108144001,738510.8664085512,10779.390772482371
1978,6325.0,6325.0,6443.273334935978,0.0010341880054756862,0,0,0,0,buy,True,0,0,0,0,-41.940831935036336,7319.284226625634,-642.397558294535,738.885126659443,0.0,1.157199087213539,7319.284226625634,738510.8664085512,10779.390772482371
1979,6339.98,6339.98,6443.273334935978,0.0012469509729124792,0,0,0,0,buy,True,0,0,0,0,-41.940831935036336,7336.619068952092,-620.2352050017689,738.885126659443,0.0,1.157199087213539,7336.619068952092,738510.8664085512,10779.390772482371
1980,6315.36,6315.36,6443.273334935978,0.001662914202788896,0,0,0,0,buy,True,0,0,0,0,-41.940831935036336,7308.128827424895,-656.659580039679,738.885126659443,0.0,1.157199087213539,7308.128827424895,738510.8664085512,10779.390772482371
1981,6283.75,6283.75,6443.273334935978,0.0010568500578509955,0,0,0,0,buy,True,0,0,0,0,-41.940831935036336,7271.549764278076,-703.4254003056576,738.885126659443,0.0,1.157199087213539,7271.549764278076,738510.8664085512,10779.390772482371
1982,6276.79,6276.79,6443.273334935978,0.0010072554299603216,0,0,0,0,buy,True,0,0,0,0,-41.940831935036336,7263.495658631069,-713.7224616486255,738.885126659443,0.0,1.157199087213539,7263.495658631069,738510.8664085512,10779.390772482371
1983,6288.01,6288.01,6443.273334935978,0.0019780428103400045,0,0,0,0,buy,True,0,0,0,0,-41.940831935036336,7276.479432389605,-697.1228886215995,738.885126659443,0.0,1.157199087213539,7276.479432389605,738510.8664085512,10779.390772482371
1984,6204.15,6204.15,6443.273334935978,0.0018040666044020438,0,0,0,0,buy,True,0,0,0,0,-41.940831935036336,7179.4367169358775,-821.1906421016665,738.885126659443,0.0,1.157199087213539,7179.4367169358775,738510.8664085512,10779.390772482371
1985,6250.63,6250.63,6443.273334935978,0.0015123230174206295,0,0,0,0,hold,False,0,0,0.007491759548044529,0,-41.93334017548829,7233.223330509563,-752.425209454952,738.885126659443,0.0,1.157199087213539,7233.223330509563,738510.8664085512,10779.390772482371
1986,6257.74,6257.74,6443.273334935978,0.0014807451482378568,0,0,0,0,hold,False,0,0,0.001137485341477434,0,-41.93220269014681,7241.4510160196505,-741.9062286864882,738.885126659443,0.0,1.157199087213539,7241.4510160196505,738510.8664085512,10779.390772482371
1987,6244.0,6244.0,6443.273334935978,0.0019131152753634126,0,0,0,0,hold,False,0,0,-0.002195680868811983,0,-41.93439837101562,7225.551100561337,-762.2340480618295,738.885126659443,0.0,1.157199087213539,7225.551100561337,738510.8664085512,10779.390772482371
1988,6243.25,6243.25,6443.273334935978,0.0014982562769725281,0,0,0,0,hold,False,0,0,-0.00012011531069823325,0,-41.93451848632632,7224.683201245927,-763.3436451893049,738.885126659443,0.0,1.157199087213539,7224.683201245927,738510.8664085512,10779.390772482371
1989,6268.0,6268.0,6443.273334935978,0.0010717718090598515,0,0,0,0,hold,False,0,0,0.003964281423937762,0,-41.93055420490238,7253.323878654462,-726.7269399826309,738.885126659443,0.0,1.157199087213539,7253.323878654462,738510.8664085512,10779.390772482371
1990,6259.77,6259.77,6443.273334935978,0.0011713882787771424,0,0,0,0,hold,False,0,0,-0.001313018506700529,0,-41.93186722340908,7243.800130166695,-738.9029191281224,738.885126659443,0.0,1.157199087213539,7243.800130166695,738510.8664085512,10779.390772482371
1991,6316.63,6316.63,6443.273334935978,0.001279267395384946,0,0,0,0,hold,False,0,0,0.009083400827825895,0,-41.92278382258125,7309.598470265657,-654.7806622371554,738.885126659443,0.0,1.157199087213539,7309.598470265657,738510.8664085512,10779.390772482371
1992,6300.04,6300.04,6443.273334935978,0.001253461744156427,0,0,0,0,buy,True,0,0,0,0,-41.92278382258125,7290.400537408784,-679.3249506969005,738.885126659443,0.0,1.157199087213539,7290.400537408784,738510.8664085512,10779.390772482371
1993,6294.91,6294.91,6443.273334935978,0.0014312525337979742,0,0,0,0,buy,True,0,0,0,0,-41.92278382258125,7284.464106091378,-686.914595048831,738.885126659443,0.0,1.157199087213539,7284.464106091378,738510.8664085512,10779.390772482371
1994,6259.64,6259.64,6443.273334935978,0.0013173422845146547,0,0,0,0,hold,False,0,0,-0.005602939517800801,0,-41.92838676209905,7243.649694285357,-739.0952492968845,738.885126659443,0.0,1.157199087213539,7243.649694285357,738510.8664085512,10779.390772482371
1995,6266.79,6266.79,6443.273334935978,0.0010960162933710124,0,0,0,0,hold,False,0,0,0.001142238211782037,0,-41.92724452388727,7251.923667758933,-728.5170900149569,738.885126659443,0.0,1.157199087213539,7251.923667758933,738510.8664085512,10779.390772482371
1996,6256.0,6256.0,6443.273334935978,0.0011768140051075149,0,0,0,0,hold,False,0,0,-0.001721774624648268,0,-41.92896629851192,7239.4374896079,-744.4804940222311,738.885126659443,0.0,1.157199087213539,7239.4374896079,738510.8664085512,10779.390772482371
1997,6260.97,6260.97,6443.273334935978,0.001015307484245659,0,0,0,0,hold,False,0,0,0.0007944373401534519,0,-41.92817186117176,7245.188769071351,-737.1275637241633,738.885126659443,0.0,1.157199087213539,7245.188769071351,738510.8664085512,10779.390772482371
1998,6272.15,6272.15,6443.273334935978,0.0011967133586675766,0,0,0,0,hold,False,0,0,0.0017856657993888616,0,-41.92638619537237,7258.126254866398,-720.587169210603,738.885126659443,0.0,1.157199087213539,7258.126254866398,738510.8664085512,10779.390772482371
1999,6278.5,6278.5,6443.273334935978,0.001353222911264038,0,0,0,0,hold,False,0,0,0.0010124120118301459,0,-41.92537378336054,7265.474469070205,-711.1925801979814,738.885126659443,0.0,1.157199087213539,7265.474469070205,738510.8664085512,10779.390772482371
2000,6253.69,6253.69,6443.273334935978,0.00137729008034674,0,0,0,0,hold,False,0,0,-0.003951580791590434,0,-41.929325364152135,7236.764359716436,-747.8980531748548,738.885126659443,0.0,1.157199087213539,7236.764359716436,738510.8664085512,10779.390772482371
2001,6244.94,6244.94,6443.273334935978,0.0013702548323099354,0,0,0,0,hold,False,0,0,-0.001399173927713107,0,-41.93072453807985,7226.638867703317,-760.8433529953945,738.885126659443,0.0,1.157199087213539,7226.638867703317,738510.8664085512,10779.390772482371
2002,6249.0,6249.0,6443.273334935978,0.0011908311455737144,0,0,0,0,buy,True,0,0,0,0,-41.93072453807985,7231.3370959974045,-754.8367338786629,738.885126659443,0.0,1.157199087213539,7231.3370959974045,738510.8664085512,10779.390772482371
2003,6254.22,6254.22,6443.273334935978,0.0011849589726508018,0,0,0,0,hold,False,0,0,0.0008353336533845704,0,-41.929889204426466,7237.377675232659,-747.1139378714379,738.885126659443,0.0,1.157199087213539,7237.377675232659,738510.8664085512,10779.390772482371
2004,6243.95,6243.95,6443.273334935978,0.0011700670279498457,0,0,0,0,hold,False,0,0,-0.0016420912599812328,0,-41.93153129568645,7225.4932406069765,-762.3080212036621,738.885126659443,0.0,1.157199087213539,7225.4932406069765,738510.8664085512,10779.390772482371
2005,6243.74,6243.74,6443.273334935978,0.0010531729774861812,0,0,0,0,hold,False,0,0,-3.363255631463297e-05,0,-41.931564928242764,7225.250228798661,-762.6187083993555,738.885126659443,0.0,1.157199087213539,7225.250228798661,738510.8664085512,10779.390772482371
2006,6252.49,6252.49,6443.273334935978,0.001184352100794226,0,0,0,0,buy,True,0,0,0,0,-41.931564928242764,7235.3757208117795,-749.6734085788139,738.885126659443,0.0,1.157199087213539,7235.3757208117795,738510.8664085512,10779.390772482371
2007,6295.53,6295.53,6443.273334935978,0.0010947037805948852,0,0,0,0,hold,False,0,0,0.006883657550831713,0,-41.924681270691934,7285.18156952545,-685.9973280901177,738.885126659443,0.0,1.157199087213539,7285.18156952545,738510.8664085512,10779.390772482371
2008,6282.99,6282.99,6443.273334935978,0.001065512529189246,0,0,0,0,hold,False,0,0,-0.001991889483490547,0,-41.926673160175426,7270.670292971793,-704.549792061498,738.885126659443,0.0,1.157199087213539,7270.670292971793,738510.8664085512,10779.390772482371
2009,6269.39,6269.39,6443.273334935978,0.0013568683721825977,0,0,0,0,hold,False,0,0,-0.002164574509906831,0,-41.92883773468533,7254.9323853856895,-724.6704866397104,738.885126659443,0.0,1.157199087213539,7254.9323853856895,738510.8664085512,10779.390772482371
2010,6271.3,6271.3,6443.273334935978,0.0014463455545674897,0,0,0,0,hold,False,0,0,0.00030465483882798934,0,-41.9285330798465,7257.142635642267,-721.8447126217416,738.885126659443,0.0,1.157199087213539,7257.142635642267,738510.8664085512,10779.390772482371
2011,6291.0,6291.0,6443.273334935978,0.0010034149385896903,0,0,0,0,hold,False,0,0,0.0031412944684514827,0,-41.925391785378054,7279.939457660374,-692.6992947400668,738.885126659443,0.0,1.157199087213539,7279.939457660374,738510.8664085512,10779.390772482371
2012,6315.65,6315.65,6443.273334935978,0.0014244368269170087,0,0,0,0,hold,False,0,0,0.003918295978381763,0,-41.92147348939967,7308.464415160187,-656.2305358170561,738.885126659443,0.0,1.157199087213539,7308.464415160187,738510.8664085512,10779.390772482371
2013,6312.77,6312.77,6443.273334935978,0.0018018549781447487,0,0,0,0,hold,False,0,0,-0.0004560100702222582,0,-41.9219294994699,7305.131681789013,-660.4913887865587,738.885126659443,0.0,1.157199087213539,7305.131681789013,738510.8664085512,10779.390772482371
2014,6319.03,6319.03,6443.273334935978,0.001602781375878749,0,0,0,0,hold,False,0,0,0.0009916407535834157,0,-41.920937858716314,7312.375748074968,-651.2299514292354,738.885126659443,0.0,1.157199087213539,7312.375748074968,738510.8664085512,10779.390772482371
2015,6312.99,6312.99,6443.273334935978,0.0011318803485856493,0,0,0,0,buy,True,0,0,0,0,-41.920937858716314,7305.3862655881985,-660.1659069625002,738.885126659443,0.0,1.157199087213539,7305.3862655881985,738510.8664085512,10779.390772482371
2016,6350.0,6350.0,6443.273334935978,0.0010178654461770425,0,0,0,0,hold,False,0,0,0.005862515226540877,0,-41.915075343489775,7348.214203805972,-605.410987378702,738.885126659443,0.0,1.157199087213539,7348.214203805972,738510.8664085512,10779.390772482371
2017,6338.62,6328.177123441127,0,0.001647500017176138,1.157199087213539,7315.637830180699,7.3229607909716705,-140.51219167454929,sell,False,0,0,-1.0,0,-42.915075343489775,7315.637830180699,-622.2472744595889,746.2080874504147,7315.637830180699,0.0,0.0,745833.8271995229,10779.390772482371
2018,6413.94,6413.94,0,0.0014240844667080615,0,0,0,0,sell,True,0,0,0,0,-42.915075343489775,7315.637830180699,-510.8141336043718,746.2080874504147,7315.637830180699,0.0,0.0,745833.8271995229,10779.390772482371
2019,6400.05,6400.05,0,0.001668103445463462,0,0,0,0,sell,True,0,0,0,0,-42.915075343489775,7315.637830180699,-531.3638724052071,746.2080874504147,7315.637830180699,0.0,0.0,745833.8271995229,10779.390772482371
2020,6400.0,6400.0,0,0.0013383256256397514,0,0,0,0,sell,True,0,0,0,0,-42.915075343489775,7315.637830180699,-531.4378455470396,746.2080874504147,7315.637830180699,0.0,0.0,745833.8271995229,10779.390772482371
2021,6388.0,6388.0,0,0.0018189101203459515,0,0,0,0,sell,True,0,0,0,0,-42.915075343489775,7315.637830180699,-549.191399586638,746.2080874504147,7315.637830180699,0.0,0.0,745833.8271995229,10779.390772482371
2022,6399.17,6399.17,0,0.0019538786363668577,0,0,0,0,sell,True,0,0,0,0,-42.915075343489775,7315.637830180699,-532.6657997014445,746.2080874504147,7315.637830180699,0.0,0.0,745833.8271995229,10779.390772482371
2023,6376.37,6376.37,0,0.001979765187186288,0,0,0,0,sell,True,0,0,0,0,-42.915075343489775,7315.637830180699,-566.397552376684,746.2080874504147,7315.637830180699,0.0,0.0,745833.8271995229,10779.390772482371
2024,6390.71,6390.71,0,0.0013517598289254354,0,0,0,0,sell,True,0,0,0,0,-42.915075343489775,7315.637830180699,-545.1820552993613,746.2080874504147,7315.637830180699,0.0,0.0,745833.8271995229,10779.390772482371
2025,6385.01,6385.01,0,0.0017754894636705268,0,0,0,0,sell,True,0,0,0,0,-42.915075343489775,7315.637830180699,-553.6149934681707,746.2080874504147,7315.637830180699,0.0,0.0,745833.8271995229,10779.390772482371
2026,6419.66,6419.66,0,0.0016701970730009195,0,0,0,0,hold,False,0,0,0,0,-42.915075343489775,7315.637830180699,-502.35160617882866,746.2080874504147,7315.637830180699,0.0,0.0,745833.8271995229,10779.390772482371
2027,6439.59,6439.59,0,0.0018790830039879156,0,0,0,0,hold,False,0,0,0,0,-42.915075343489775,7315.637830180699,-472.8659118447267,746.2080874504147,7315.637830180699,0.0,0.0,745833.8271995229,10779.390772482371
2028,6445.88,6445.88,0,0.001660858170438163,0,0,0,0,sell,True,0,0,0,0,-42.915075343489775,7315.637830180699,-463.5600906023046,746.2080874504147,7315.637830180699,0.0,0.0,745833.8271995229,10779.390772482371
2029,6468.0,6468.0,0,0.0011930962466773865,0,0,0,0,sell,True,0,0,0,0,-42.915075343489775,7315.637830180699,-430.83437265597604,746.2080874504147,7315.637830180699,0.0,0.0,745833.8271995229,10779.390772482371
2030,6458.08,6458.08,0,0.0011813900720186764,0,0,0,0,sell,True,0,0,0,0,-42.915075343489775,7315.637830180699,-445.5106439953779,746.2080874504147,7315.637830180699,0.0,0.0,745833.8271995229,10779.390772482371
2031,6508.29,6508.29,0,0.001972905452451017,0,0,0,0,sell,True,0,0,0,0,-42.915075343489775,7315.637830180699,-371.22681496802215,746.2080874504147,7315.637830180699,0.0,0.0,745833.8271995229,10779.390772482371
2032,6493.01,6493.01,0,0.0015309255327096653,0,0,0,0,sell,True,0,0,0,0,-42.915075343489775,7315.637830180699,-393.833007111778,746.2080874504147,7315.637830180699,0.0,0.0,745833.8271995229,10779.390772482371
2033,6480.0,6489.232214986721,6495.727942929651,0.001424724534987926,1.1262229413630982,7315.637830180699,7.315637830180698,0,buy,False,0,0,0,0,-42.915075343489775,7297.924660032876,-413.08081861637766,753.5237252805954,0.0,1.1262229413630982,7297.924660032876,753142.1493918734,10779.390772482371
2034,6513.15,6513.15,6495.727942929651,0.0010129332892235723,0,0,0,0,hold,False,0,0,0.00511574074074069,0,-42.90995960274903,7335.258950539062,-364.0366255819845,753.5237252805954,0.0,1.1262229413630982,7335.258950539062,753142.1493918734,10779.390772482371
2035,6500.92,6500.92,6495.727942929651,0.001386945374564647,0,0,0,0,buy,True,0,0,0,0,-42.90995960274903,7321.485243966193,-382.1304560740082,753.5237252805954,0.0,1.1262229413630982,7321.485243966193,753142.1493918734,10779.390772482371
2036,6482.17,6482.17,6495.727942929651,0.0010706322324954397,0,0,0,0,hold,False,0,0,-0.0028842071583715205,0,-42.91284380990741,7300.368563815634,-409.87038426088293,753.5237252805954,0.0,1.1262229413630982,7300.368563815634,753142.1493918734,10779.390772482371
2037,6447.76,6447.76,6495.727942929651,0.0011224907065444378,0,0,0,0,hold,False,0,0,-0.005308407524023542,0,-42.918152217431434,7261.61523240333,-460.7787004694328,753.5237252805954,0.0,1.1262229413630982,7261.61523240333,753142.1493918734,10779.390772482371
2038,6467.36,6467.36,6495.727942929651,0.0014233707941580613,0,0,0,0,hold,False,0,0,0.0030398153777435174,0,-42.91511240205369,7283.689202054046,-431.78122887142126,753.5237252805954,0.0,1.1262229413630982,7283.689202054046,753142.1493918734,10779.390772482371
2039,6466.86,6466.86,6495.727942929651,0.0016955714428238755,0,0,0,0,hold,False,0,0,-7.731129858236918e-05,0,-42.91518971335227,7283.126090583365,-432.5209602897394,753.5237252805954,0.0,1.1262229413630982,7283.126090583365,753142.1493918734,10779.390772482371
2040,6475.89,6475.89,6495.727942929651,0.001343233055940181,0,0,0,0,hold,False,0,0,0.001396350006030843,0,-42.91379336334624,7293.295883743875,-419.16141087494,753.5237252805954,0.0,1.1262229413630982,7293.295883743875,753142.1493918734,10779.390772482371
2041,6487.38,6487.38,6495.727942929651,0.0019076666533141314,0,0,0,0,hold,False,0,0,0.0017742734975423726,0,-42.91201908984869,7306.236185340136,-402.16238288202294,753.5237252805954,0.0,1.1262229413630982,7306.236185340136,753142.1493918734,10779.390772482371
2042,6461.76,6461.76,6495.727942929651,0.00164773715720695,0,0,0,0,hold,False,0,0,-0.003949205996873882,0,-42.915968295845566,7277.382353582414,-440.0662207565674,753.5237252805954,0.0,1.1262229413630982,7277.382353582414,753142.1493918734,10779.390772482371
2043,6488.99,6488.99,6495.727942929651,0.0012058358581884538,0,0,0,0,hold,False,0,0,0.0042140221859058484,0,-42.91175427365966,7308.04940427573,-399.7804477150439,753.5237252805954,0.0,1.1262229413630982,7308.04940427573,753142.1493918734,10779.390772482371
2044,6551.0,6551.0,6495.727942929651,0.0016587404471403873,0,0,0,0,hold,False,0,0,0.009556186710104412,0,-42.902198086949554,7377.886488869656,-308.0389572154145,753.5237252805954,0.0,1.1262229413630982,7377.886488869656,753142.1493918734,10779.390772482371
2045,6542.37,6542.37,6495.727942929651,0.0018052114866048993,0,0,0,0,hold,False,0,0,-0.0013173561288353525,0,-42.90351544307839,7368.167184885692,-320.80672149555903,753.5237252805954,0.0,1.1262229413630982,7368.167184885692,753142.1493918734,10779.390772482371
2046,6545.0,6545.0,6495.727942929651,0.001295037204375023,0,0,0,0,hold,False,0,0,0.0004019949956973245,0,-42.90311344808269,7371.1291512214775,-316.9157342352137,753.5237252805954,0.0,1.1262229413630982,7371.1291512214775,753142.1493918734,10779.390772482371
2047,6548.48,6548.48,6495.727942929651,0.0012104671478846956,0,0,0,0,hold,False,0,0,0.0005317035905271305,0,-42.90258174449217,7375.048407057421,-311.7672035637315,753.5237252805954,0.0,1.1262229413630982,7375.048407057421,753142.1493918734,10779.390772482371
2048,6548.48,6548.48,6495.727942929651,0.0010610349230386104,0,0,0,0,hold,False,0,0,0.0,0,-42.90258174449217,7375.048407057421,-311.7672035637315,753.5237252805954,0.0,1.1262229413630982,7375.048407057421,753142.1493918734,10779.390772482371
2049,6555.04,6555.04,6495.727942929651,0.0010927878520841413,0,0,0,0,hold,False,0,0,0.0010017591868647252,0,-42.901579985305304,7382.436429552763,-302.0619273554166,753.5237252805954,0.0,1.1262229413630982,7382.436429552763,753142.1493918734,10779.390772482371
2050,6543.84,6543.84,6495.727942929651,0.0019096511408190431,0,0,0,0,hold,False,0,0,-0.0017086089482291089,0,-42.90328859425353,7369.822732609497,-318.63191112570894,753.5237252805954,0.0,1.1262229413630982,7369.822732609497,753142.1493918734,10779.390772482371
2051,6414.66,6414.66,6495.727942929651,0.0011672161103760549,0,0,0,0,buy,True,0,0,0,0,-42.90328859425353,7224.337253044211,-509.74892036199526,753.5237252805954,0.0,1.1262229413630982,7224.337253044211,753142.1493918734,10779.390772482371
2052,6426.07,6426.07,6495.727942929651,0.0010326296473217285,0,0,0,0,hold,False,0,0,0.0017787380780899188,0,-42.901509856175444,7237.187456805164,-492.86824939600956,753.5237252805954,0.0,1.1262229413630982,7237.187456805164,753142.1493918734,10779.390772482371
2053,6441.0,6441.0,6495.727942929651,0.0019358219572592154,0,0,0,0,hold,False,0,0,0.0023233484851549456,0,-42.89918650769029,7254.001965319715,-470.7798692450742,753.5237252805954,0.0,1.1262229413630982,7254.001965319715,753142.1493918734,10779.390772482371
2054,6459.28,6459.28,6495.727942929651,0.001926875523155574,0,0,0,0,buy,True,0,0,0,0,-42.89918650769029,7274.589320687833,-443.7352885914188,753.5237252805954,0.0,1.1262229413630982,7274.589320687833,753142.1493918734,10779.390772482371
2055,6465.96,6465.96,6495.727942929651,0.0012619947997083514,0,0,0,0,buy,True,0,0,0,0,-42.89918650769029,7282.112489936138,-433.8524768427087,753.5237252805954,0.0,1.1262229413630982,7282.112489936138,753142.1493918734,10779.390772482371
2056,6443.82,6443.82,6495.727942929651,0.0011212076338580487,0,0,0,0,buy,True,0,0,0,0,-42.89918650769029,7257.177914014359,-466.6077840457692,753.5237252805954,0.0,1.1262229413630982,7257.177914014359,753142.1493918734,10779.390772482371
2057,6449.99,6449.99,6495.727942929651,0.0013391256111458614,0,0,0,0,buy,True,0,0,0,0,-42.89918650769029,7264.12670956257,-457.4794983437423,753.5237252805954,0.0,1.1262229413630982,7264.12670956257,753142.1493918734,10779.390772482371
2058,6480.0,6480.0,6495.727942929651,0.001467325449128514,0,0,0,0,buy,True,0,0,0,0,-42.89918650769029,7297.924660032876,-413.08081861637766,753.5237252805954,0.0,1.1262229413630982,7297.924660032876,753142.1493918734,10779.390772482371
2059,6507.65,6507.65,6495.727942929651,0.0010337309693269699,0,0,0,0,buy,True,0,0,0,0,-42.89918650769029,7329.064724361566,-372.1736711834674,753.5237252805954,0.0,1.1262229413630982,7329.064724361566,753142.1493918734,10779.390772482371
2060,6465.63,6465.63,6495.727942929651,0.0017571429329827025,0,0,0,0,buy,True,0,0,0,0,-42.89918650769029,7281.740836365489,-434.3406995787973,753.5237252805954,0.0,1.1262229413630982,7281.740836365489,753142.1493918734,10779.390772482371
2061,6477.95,6477.95,6495.727942929651,0.0014427063308966584,0,0,0,0,hold,False,0,0,0.001905460102109183,0,-42.89728104758818,7295.615903003082,-416.1137174314754,753.5237252805954,0.0,1.1262229413630982,7295.615903003082,753142.1493918734,10779.390772482371
2062,6531.0,6531.0,6495.727942929651,0.001809374735497673,0,0,0,0,buy,True,0,0,0,0,-42.89728104758818,7355.3620300423945,-337.62821394807906,753.5237252805954,0.0,1.1262229413630982,7355.3620300423945,753142.1493918734,10779.390772482371
2063,6531.26,6531.26,6495.727942929651,0.0018702403792311391,0,0,0,0,buy,True,0,0,0,0,-42.89728104758818,7355.654848007149,-337.24355361055495,753.5237252805954,0.0,1.1262229413630982,7355.654848007149,753142.1493918734,10779.390772482371
2064,6509.2,6509.2,6495.727942929651,0.001773540392085958,0,0,0,0,buy,True,0,0,0,0,-42.89728104758818,7330.810369920679,-369.88050378668595,753.5237252805954,0.0,1.1262229413630982,7330.810369920679,753142.1493918734,10779.390772482371
2065,6514.09,6514.09,6495.727942929651,0.0018611182017298539,0,0,0,0,buy,True,0,0,0,0,-42.89728104758818,7336.317600103945,-362.64593051554766,753.5237252805954,0.0,1.1262229413630982,7336.317600103945,753142.1493918734,10779.390772482371
2066,6476.63,6476.63,6495.727942929651,0.0011912994595161346,0,0,0,0,buy,True,0,0,0,0,-42.89728104758818,7294.129288720483,-418.0666083758315,753.5237252805954,0.0,1.1262229413630982,7294.129288720483,753142.1493918734,10779.390772482371
2067,6486.22,6486.22,6495.727942929651,0.0015075582662526746,0,0,0,0,buy,True,0,0,0,0,-42.89728104758818,7304.929766728155,-403.8785597725182,753.5237252805954,0.0,1.1262229413630982,7304.929766728155,753142.1493918734,10779.390772482371
2068,6520.52,6520.52,6495.727942929651,0.001364442879036151,0,0,0,0,buy,True,0,0,0,0,-42.89728104758818,7343.55921361691,-353.13298447599664,753.5237252805954,0.0,1.1262229413630982,7343.55921361691,753142.1493918734,10779.390772482371
2069,6499.57,6499.57,6495.727942929651,0.0014412949311519195,0,0,0,0,hold,False,0,0,-0.0032129339377841935,0,-42.90049398152596,7319.964842995352,-384.1277309034649,753.5237252805954,0.0,1.1262229413630982,7319.964842995352,753142.1493918734,10779.390772482371
2070,6496.85,6496.85,6495.727942929651,0.0016086827574974098,0,0,0,0,buy,True,0,0,0,0,-42.90049398152596,7316.901516594845,-388.15186981910665,753.5237252805954,0.0,1.1262229413630982,7316.901516594845,753142.1493918734,10779.390772482371
2071,6511.07,6511.07,6495.727942929651,0.001989464886571371,0,0,0,0,buy,True,0,0,0,0,-42.90049398152596,7332.9164068210275,-367.113908282181,753.5237252805954,0.0,1.1262229413630982,7332.9164068210275,753142.1493918734,10779.390772482371
2072,6491.05,6491.05,6495.727942929651,0.0013618323729493237,0,0,0,0,buy,True,0,0,0,0,-42.90049398152596,7310.3694235349385,-396.7327542715793,753.5237252805954,0.0,1.1262229413630982,7310.3694235349385,753142.1493918734,10779.390772482371
2073,6483.85,6483.85,6495.727942929651,0.0010301998310131635,0,0,0,0,buy,True,0,0,0,0,-42.90049398152596,7302.260618357124,-407.3848866953376,753.5237252805954,0.0,1.1262229413630982,7302.260618357124,753142.1493918734,10779.390772482371
2074,6498.01,6498.01,6495.727942929651,0.0019033161939705397,0,0,0,0,buy,True,0,0,0,0,-42.90049398152596,7318.207935206826,-386.4356929286114,753.5237252805954,0.0,1.1262229413630982,7318.207935206826,753142.1493918734,10779.390772482371
2075,6512.89,6512.89,6495.727942929651,0.0013976548714845147,0,0,0,0,buy,True,0,0,0,0,-42.90049398152596,7334.966132574309,-364.4212859195086,753.5237252805954,0.0,1.1262229413630982,7334.966132574309,753142.1493918734,10779.390772482371
2076,6535.93,6535.93,6495.727942929651,0.0017985344949737422,0,0,0,0,buy,True,0,0,0,0,-42.90049398152596,7360.914309143314,-330.3344621634769,753.5237252805954,0.0,1.1262229413630982,7360.914309143314,753142.1493918734,10779.390772482371
2077,6520.02,6520.02,6495.727942929651,0.0015535884299418875,0,0,0,0,buy,True,0,0,0,0,-42.90049398152596,7342.996102146228,-353.87271589431293,753.5237252805954,0.0,1.1262229413630982,7342.996102146228,753142.1493918734,10779.390772482371
2078,6523.51,6523.51,6495.727942929651,0.001573057589232524,0,0,0,0,buy,True,0,0,0,0,-42.90049398152596,7346.926620211585,-348.7093905944621,753.5237252805954,0.0,1.1262229413630982,7346.926620211585,753142.1493918734,10779.390772482371
2079,6531.02,6531.02,6495.727942929651,0.0010103837199029442,0,0,0,0,buy,True,0,0,0,0,-42.90049398152596,7355.384554501222,-337.59862469134714,753.5237252805954,0.0,1.1262229413630982,7355.384554501222,753142.1493918734,10779.390772482371
2080,6540.0,6540.0,6495.727942929651,0.0010420868702630684,0,0,0,0,buy,True,0,0,0,0,-42.90049398152596,7365.498036514662,-324.3130484183803,753.5237252805954,0.0,1.1262229413630982,7365.498036514662,753142.1493918734,10779.390772482371
2081,6540.02,6540.02,6495.727942929651,0.0011633658373957554,0,0,0,0,buy,True,0,0,0,0,-42.90049398152596,7365.52056097349,-324.28345916164653,753.5237252805954,0.0,1.1262229413630982,7365.52056097349,753142.1493918734,10779.390772482371
2082,6542.22,6542.22,6495.727942929651,0.0016258545256847747,0,0,0,0,buy,True,0,0,0,0,-42.90049398152596,7367.998251444488,-321.02864092105483,753.5237252805954,0.0,1.1262229413630982,7367.998251444488,753142.1493918734,10779.390772482371
2083,6547.51,6547.51,6495.727942929651,0.0013694623332927145,0,0,0,0,buy,True,0,0,0,0,-42.90049398152596,7373.955970804299,-313.2022825152635,753.5237252805954,0.0,1.1262229413630982,7373.955970804299,753142.1493918734,10779.390772482371
2084,6548.02,6548.02,6495.727942929651,0.0014943240074715355,0,0,0,0,buy,True,0,0,0,0,-42.90049398152596,7374.530344504395,-312.44775646858034,753.5237252805954,0.0,1.1262229413630982,7374.530344504395,753142.1493918734,10779.390772482371
2085,6523.02,6523.02,6495.727942929651,0.0012025024653321208,0,0,0,0,buy,True,0,0,0,0,-42.90049398152596,7346.3747709703175,-349.43432738441334,753.5237252805954,0.0,1.1262229413630982,7346.3747709703175,753142.1493918734,10779.390772482371
2086,6530.0,6530.0,6495.727942929651,0.0015547688449472474,0,0,0,0,buy,True,0,0,0,0,-42.90049398152596,7354.235807101031,-339.1076767847135,753.5237252805954,0.0,1.1262229413630982,7354.235807101031,753142.1493918734,10779.390772482371
2087,6533.0,6533.0,6495.727942929651,0.0010062954502316835,0,0,0,0,buy,True,0,0,0,0,-42.90049398152596,7357.61447592512,-334.6692882748139,753.5237252805954,0.0,1.1262229413630982,7357.61447592512,753142.1493918734,10779.390772482371
2088,6495.0,6495.0,6495.727942929651,0.0010041459667212765,0,0,0,0,buy,True,0,0,0,0,-42.90049398152596,7314.818004153322,-390.88887606687786,753.5237252805954,0.0,1.1262229413630982,7314.818004153322,753142.1493918734,10779.390772482371
2089,6517.95,6517.95,6495.727942929651,0.0016407610508994072,0,0,0,0,hold,False,0,0,0.003533487297921491,0,-42.89696049422804,7340.664820657606,-356.9352039661444,753.5237252805954,0.0,1.1262229413630982,7340.664820657606,753142.1493918734,10779.390772482371
2090,6514.96,6514.96,6495.727942929651,0.0015338301861723214,0,0,0,0,buy,True,0,0,0,0,-42.89696049422804,7337.29741406293,-361.3587978476771,753.5237252805954,0.0,1.1262229413630982,7337.29741406293,753142.1493918734,10779.390772482371
2091,6511.07,6498.718851336643,0,0.0018969460723593135,1.1262229413630982,7311.687253584324,7.319006259844168,-3.950576596374958,sell,False,0,0,-1.0,0,-43.89696049422804,7311.687253584324,-367.113908282181,760.8427315404396,7311.687253584324,0.0,0.0,760461.1556517176,10779.390772482371
2092,6494.02,6494.02,0,0.001395368244417104,0,0,0,0,sell,True,0,0,0,0,-43.89696049422804,7311.687253584324,-392.3387496467785,760.8427315404396,7311.687253584324,0.0,0.0,760461.1556517176,10779.390772482371
2093,6499.01,6499.01,0,0.0016117501121692107,0,0,0,0,sell,True,0,0,0,0,-43.89696049422804,7311.687253584324,-384.9562300919788,760.8427315404396,7311.687253584324,0.0,0.0,760461.1556517176,10779.390772482371
2094,6478.33,6478.33,0,0.0015465447482897175,0,0,0,0,sell,True,0,0,0,0,-43.89696049422804,7311.687253584324,-415.55152155355427,760.8427315404396,7311.687253584324,0.0,0.0,760461.1556517176,10779.390772482371
2095,6454.9,6454.9,0,0.0013652257490753459,0,0,0,0,sell,True,0,0,0,0,-43.89696049422804,7311.687253584324,-450.2153358158721,760.8427315404396,7311.687253584324,0.0,0.0,760461.1556517176,10779.390772482371
2096,6467.15,6467.15,0,0.001961866734866721,0,0,0,0,sell,True,0,0,0,0,-43.89696049422804,7311.687253584324,-432.09191606711465,760.8427315404396,7311.687253584324,0.0,0.0,760461.1556517176,10779.390772482371
2097,6462.47,6462.47,0,0.001566035791911855,0,0,0,0,sell,True,0,0,0,0,-43.89696049422804,7311.687253584324,-439.01580214255773,760.8427315404396,7311.687253584324,0.0,0.0,760461.1556517176,10779.390772482371
2098,6447.82,6447.82,0,0.0017928333356387047,0,0,0,0,hold,False,0,0,0,0,-43.89696049422804,7311.687253584324,-460.68993269923703,760.8427315404396,7311.687253584324,0.0,0.0,760461.1556517176,10779.390772482371
2099,6485.99,6485.99,0,0.0012110660492354014,0,0,0,0,hold,False,0,0,0,0,-43.89696049422804,7311.687253584324,-404.2188362249435,760.8427315404396,7311.687253584324,0.0,0.0,760461.1556517176,10779.390772482371
2100,6492.06,6492.06,0,0.0019424369529963091,0,0,0,0,sell,True,0,0,0,0,-43.89696049422804,7311.687253584324,-395.23849680657986,760.8427315404396,7311.687253584324,0.0,0.0,760461.1556517176,10779.390772482371
2101,6509.88,6509.88,0,0.001899428414009185,0,0,0,0,hold,False,0,0,0,0,-43.89696049422804,7311.687253584324,-368.87446905777506,760.8427315404396,7311.687253584324,0.0,0.0,760461.1556517176,10779.390772482371
2102,6499.35,6499.35,0,0.0015412937214378708,0,0,0,0,hold,False,0,0,0,0,-43.89696049422804,7311.687253584324,-384.45321272752335,760.8427315404396,7311.687253584324,0.0,0.0,760461.1556517176,10779.390772482371
2103,6502.73,6509.751572586241,6516.267840426668,0.001079788425206258,1.1220667155857076,7311.687253584323,7.311687253584324,0,buy,False,0,0,0,0,-43.89696049422804,7296.496893440649,-379.45262833970264,768.1544187940239,9.094947017729282e-13,1.1220667155857076,7296.496893440648,767765.5312180483,10779.390772482371
2104,6480.14,6480.14,6516.267840426668,0.0017909457140286651,0,0,0,0,buy,True,0,0,0,0,-43.89696049422804,7271.1494063355685,-412.87369381924873,768.1544187940239,9.094947017729282e-13,1.1220667155857076,7271.149406335568,767765.5312180483,10779.390772482371
2105,6476.5,6476.5,6516.267840426668,0.0018176037008193042,0,0,0,0,buy,True,0,0,0,0,-43.89696049422804,7267.0650834908365,-418.25893854459355,768.1544187940239,9.094947017729282e-13,1.1220667155857076,7267.065083490836,767765.5312180483,10779.390772482371
2106,6482.0,6482.0,6516.267840426668,0.0015636544908801187,0,0,0,0,buy,True,0,0,0,0,-43.89696049422804,7273.236450426558,-410.12189294311065,768.1544187940239,9.094947017729282e-13,1.1220667155857076,7273.236450426557,767765.5312180483,10779.390772482371
2107,6480.83,6480.83,6516.267840426668,0.0012617416825419095,0,0,0,0,buy,True,0,0,0,0,-43.89696049422804,7271.923632369322,-411.85286446197097,768.1544187940239,9.094947017729282e-13,1.1220667155857076,7271.923632369321,767765.5312180483,10779.390772482371
2108,6473.99,6473.99,6516.267840426668,0.0011660047368678287,0,0,0,0,buy,True,0,0,0,0,-43.89696049422804,7264.248696034716,-421.9723902645437,768.1544187940239,9.094947017729282e-13,1.1220667155857076,7264.248696034715,767765.5312180483,10779.390772482371
2109,6487.96,6487.96,6516.267840426668,0.001556041357658633,0,0,0,0,buy,True,0,0,0,0,-43.89696049422804,7279.923968051448,-401.3042944367753,768.1544187940239,9.094947017729282e-13,1.1220667155857076,7279.923968051447,767765.5312180483,10779.390772482371
2110,6505.75,6505.75,6516.267840426668,0.0011042114550978885,0,0,0,0,buy,True,0,0,0,0,-43.89696049422804,7299.885534921718,-374.9846505730693,768.1544187940239,9.094947017729282e-13,1.1220667155857076,7299.885534921717,767765.5312180483,10779.390772482371
2111,6502.24,6502.24,6516.267840426668,0.001155195166387869,0,0,0,0,buy,True,0,0,0,0,-43.89696049422804,7295.947080750012,-380.1775651296539,768.1544187940239,9.094947017729282e-13,1.1220667155857076,7295.947080750011,767765.5312180483,10779.390772482371
2112,6490.0,6490.0,6516.267840426668,0.0018959775403499806,0,0,0,0,hold,False,0,0,-0.001882428209355496,0,-43.898842922437396,7282.212984151243,-398.28619025004446,768.1544187940239,9.094947017729282e-13,1.1220667155857076,7282.212984151242,767765.5312180483,10779.390772482371
2113,6499.78,6499.78,6516.267840426668,0.0014603454109039112,0,0,0,0,buy,True,0,0,0,0,-43.898842922437396,7293.186796629671,-383.8170437077715,768.1544187940239,9.094947017729282e-13,1.1220667155857076,7293.18679662967,767765.5312180483,10779.390772482371
2114,6505.0,6505.0,6516.267840426668,0.0013027090992282994,0,0,0,0,buy,True,0,0,0,0,-43.898842922437396,7299.043984885029,-376.09424770054466,768.1544187940239,9.094947017729282e-13,1.1220667155857076,7299.043984885028,767765.5312180483,10779.390772482371
2115,6523.71,6523.71,6516.267840426668,0.001931560873549053,0,0,0,0,buy,True,0,0,0,0,-43.898842922437396,7320.037853133637,-348.4134980271356,768.1544187940239,9.094947017729282e-13,1.1220667155857076,7320.037853133636,767765.5312180483,10779.390772482371
2116,6518.01,6518.01,6516.267840426668,0.0019690437766012804,0,0,0,0,buy,True,0,0,0,0,-43.898842922437396,7313.642072854799,-356.846436195945,768.1544187940239,9.094947017729282e-13,1.1220667155857076,7313.642072854798,767765.5312180483,10779.390772482371
2117,6517.47,6517.47,6516.267840426668,0.0017195642933321366,0,0,0,0,buy,True,0,0,0,0,-43.898842922437396,7313.036156828382,-357.64534612772695,768.1544187940239,9.094947017729282e-13,1.1220667155857076,7313.0361568283815,767765.5312180483,10779.390772482371
2118,6517.16,6517.16,6516.267840426668,0.0019430075025385991,0,0,0,0,hold,False,0,0,-4.7564469034720894e-05,0,-43.89889048690643,7312.688316146551,-358.1039796070854,768.1544187940239,9.094947017729282e-13,1.1220667155857076,7312.68831614655,767765.5312180483,10779.390772482371
2119,6477.07,6477.07,6516.267840426668,0.001018307715562523,0,0,0,0,hold,False,0,0,-0.006151452473163172,0,-43.90504193937959,7267.70466151872,-417.4156447277128,768.1544187940239,9.094947017729282e-13,1.1220667155857076,7267.704661518719,767765.5312180483,10779.390772482371
2120,6483.02,6483.02,6516.267840426668,0.001104644033411024,0,0,0,0,hold,False,0,0,0.0009186252425866497,0,-43.90412331413701,7274.380958476456,-408.6128408497443,768.1544187940239,9.094947017729282e-13,1.1220667155857076,7274.380958476455,767765.5312180483,10779.390772482371
2121,6482.2,6482.2,6516.267840426668,0.0015694160298898698,0,0,0,0,hold,False,0,0,-0.00012648426196444802,0,-43.90424979839897,7273.460863769675,-409.82600037578413,768.1544187940239,9.094947017729282e-13,1.1220667155857076,7273.460863769674,767765.5312180483,10779.390772482371
2122,6480.01,6480.01,6516.267840426668,0.0014992028750208113,0,0,0,0,hold,False,0,0,-0.00033784826139274504,0,-43.90458764666037,7271.003537662542,-413.0660239880108,768.1544187940239,9.094947017729282e-13,1.1220667155857076,7271.003537662541,767765.5312180483,10779.390772482371
2123,6476.19,6476.19,6516.267840426668,0.0017317095845060771,0,0,0,0,buy,True,0,0,0,0,-43.90458764666037,7266.717242809004,-418.7175720239502,768.1544187940239,9.094947017729282e-13,1.1220667155857076,7266.717242809003,767765.5312180483,10779.390772482371
2124,6492.66,6492.66,6516.267840426668,0.0010590768793131036,0,0,0,0,buy,True,0,0,0,0,-43.90458764666037,7285.197681614701,-394.3508191046003,768.1544187940239,9.094947017729282e-13,1.1220667155857076,7285.1976816147,767765.5312180483,10779.390772482371
2125,6478.1,6478.1,6516.267840426668,0.0018570660893936775,0,0,0,0,buy,True,0,0,0,0,-43.90458764666037,7268.860390235774,-415.8917980059796,768.1544187940239,9.094947017729282e-13,1.1220667155857076,7268.860390235773,767765.5312180483,10779.390772482371
2126,6475.94,6475.94,6516.267840426668,0.001853721880172252,0,0,0,0,buy,True,0,0,0,0,-43.90458764666037,7266.436726130108,-419.08743773310925,768.1544187940239,9.094947017729282e-13,1.1220667155857076,7266.436726130107,767765.5312180483,10779.390772482371
2127,6452.74,6452.74,6516.267840426668,0.0013924812545680182,0,0,0,0,buy,True,0,0,0,0,-43.90458764666037,7240.40477832852,-453.41097554299995,768.1544187940239,9.094947017729282e-13,1.1220667155857076,7240.404778328519,767765.5312180483,10779.390772482371
2128,6421.64,6421.64,6516.267840426668,0.0017597307731163547,0,0,0,0,buy,True,0,0,0,0,-43.90458764666037,7205.508503473805,-499.4222697622936,768.1544187940239,9.094947017729282e-13,1.1220667155857076,7205.508503473804,767765.5312180483,10779.390772482371
2129,6354.78,6354.78,6516.267840426668,0.0010914553388252743,0,0,0,0,buy,True,0,0,0,0,-43.90458764666037,7130.487122869744,-598.3391550195956,768.1544187940239,9.094947017729282e-13,1.1220667155857076,7130.487122869743,767765.5312180483,10779.390772482371
2130,6265.06,6265.06,6516.267840426668,0.001643035063234848,0,0,0,0,buy,True,0,0,0,0,-43.90458764666037,7029.815297147395,-731.0765607223329,768.1544187940239,9.094947017729282e-13,1.1220667155857076,7029.815297147394,767765.5312180483,10779.390772482371
2131,6264.77,6264.77,6516.267840426668,0.0018423740474679583,0,0,0,0,buy,True,0,0,0,0,-43.90458764666037,7029.489897799875,-731.5056049449558,768.1544187940239,9.094947017729282e-13,1.1220667155857076,7029.489897799874,767765.5312180483,10779.390772482371
2132,6296.07,6285.202617262893,0,0.001726058118335163,1.1220667155857076,7045.364240885324,7.052416657542867,-266.32301269899926,sell,False,0,0,-1.0,0,-44.90458764666037,7045.364240885325,-685.1984181583357,775.2068354515667,7045.364240885325,0.0,0.0,774817.9478755911,10779.390772482371
2133,6298.0,6298.0,0,0.0016944418896630118,0,0,0,0,sell,True,0,0,0,0,-44.90458764666037,7045.364240885325,-682.3430548836332,775.2068354515667,7045.364240885325,0.0,0.0,774817.9478755911,10779.390772482371
2134,6270.0,6270.0,0,0.0012806132889756512,0,0,0,0,sell,True,0,0,0,0,-44.90458764666037,7045.364240885325,-723.7680143093639,775.2068354515667,7045.364240885325,0.0,0.0,774817.9478755911,10779.390772482371
2135,6222.0,6222.0,0,0.001982830019868614,0,0,0,0,sell,True,0,0,0,0,-44.90458764666037,7045.364240885325,-794.7822304677611,775.2068354515667,7045.364240885325,0.0,0.0,774817.9478755911,10779.390772482371
2136,6251.37,6251.37,0,0.0018853768608412614,0,0,0,0,sell,True,0,0,0,0,-44.90458764666037,7045.364240885325,-751.3304069558435,775.2068354515667,7045.364240885325,0.0,0.0,774817.9478755911,10779.390772482371
2137,6249.01,6249.01,0,0.001195356906058256,0,0,0,0,sell,True,0,0,0,0,-44.90458764666037,7045.364240885325,-754.821939250296,775.2068354515667,7045.364240885325,0.0,0.0,774817.9478755911,10779.390772482371
2138,6248.69,6259.609910578862,6265.875786365227,0.0017475519795128779,1.1244021555959174,7045.364240885326,7.045364240885325,0,buy,False,0,0,0,0,-44.90458764666037,7026.0405056506515,-755.2953673580196,782.252199692452,-9.094947017729282e-13,1.1244021555959174,7026.040505650652,781856.2667522356,10779.390772482371
2139,6250.99,6250.99,6265.875786365227,0.0013149592589826024,0,0,0,0,hold,False,0,0,0.0003680771489704949,0,-44.9042195695114,7028.626630608523,-751.8926028337628,782.252199692452,-9.094947017729282e-13,1.1244021555959174,7028.626630608524,781856.2667522356,10779.390772482371
2140,6256.01,6256.01,6265.875786365227,0.0016105360678112988,0,0,0,0,buy,True,0,0,0,0,-44.9042195695114,7034.271129429614,-744.4656993938643,782.252199692452,-9.094947017729282e-13,1.1244021555959174,7034.271129429615,781856.2667522356,10779.390772482371
2141,6249.57,6249.57,6265.875786365227,0.0015978775693854565,0,0,0,0,buy,True,0,0,0,0,-44.9042195695114,7027.029979547576,-753.9934400617822,782.252199692452,-9.094947017729282e-13,1.1244021555959174,7027.029979547577,781856.2667522356,10779.390772482371
2142,6238.74,6238.74,6265.875786365227,0.0011847519875232441,0,0,0,0,buy,True,0,0,0,0,-44.9042195695114,7014.8527042024725,-770.016022582522,782.252199692452,-9.094947017729282e-13,1.1244021555959174,7014.852704202473,781856.2667522356,10779.390772482371
2143,6265.01,6265.01,6265.875786365227,0.0011724226204735616,0,0,0,0,buy,True,0,0,0,0,-44.9042195695114,7044.390748829977,-731.1505338641637,782.252199692452,-9.094947017729282e-13,1.1244021555959174,7044.390748829978,781856.2667522356,10779.390772482371
2144,6276.01,6276.01,6265.875786365227,0.0012612554619572153,0,0,0,0,buy,True,0,0,0,0,-44.9042195695114,7056.759172541533,-714.8764426611979,782.252199692452,-9.094947017729282e-13,1.1244021555959174,7056.759172541534,781856.2667522356,10779.390772482371
2145,6273.0,6273.0,6265.875786365227,0.0019062218365883666,0,0,0,0,hold,False,0,0,-0.00047960407966219786,0,-44.90469917359106,7053.374722053189,-719.3296257994643,782.252199692452,-9.094947017729282e-13,1.1244021555959174,7053.3747220531895,781856.2667522356,10779.390772482371
2146,6290.15,6290.15,6265.875786365227,0.00116570614410479,0,0,0,0,hold,False,0,0,0.0027339391040969246,0,-44.901965234486966,7072.658219021659,-693.9568381512054,782.252199692452,-9.094947017729282e-13,1.1244021555959174,7072.6582190216595,781856.2667522356,10779.390772482371
2147,6261.0,6261.0,6265.875786365227,0.0010723734324740116,0,0,0,0,buy,True,0,0,0,0,-44.901965234486966,7039.881896186038,-737.0831798390645,782.252199692452,-9.094947017729282e-13,1.1244021555959174,7039.881896186039,781856.2667522356,10779.390772482371
2148,6261.03,6261.03,6265.875786365227,0.001721319940630399,0,0,0,0,buy,True,0,0,0,0,-44.901965234486966,7039.915628250706,-737.0387959539657,782.252199692452,-9.094947017729282e-13,1.1244021555959174,7039.9156282507065,781856.2667522356,10779.390772482371
2149,6249.93,6249.93,6265.875786365227,0.0010116421421809952,0,0,0,0,hold,False,0,0,-0.0017728712368411418,0,-44.903738105723804,7027.4347643235915,-753.4608334405948,782.252199692452,-9.094947017729282e-13,1.1244021555959174,7027.434764323592,781856.2667522356,10779.390772482371
2150,6287.65,6287.65,6265.875786365227,0.0011808670107775559,0,0,0,0,buy,True,0,0,0,0,-44.903738105723804,7069.847213632669,-697.6554952427887,782.252199692452,-9.094947017729282e-13,1.1244021555959174,7069.84721363267,781856.2667522356,10779.390772482371
2151,6328.92,6328.92,6265.875786365227,0.0012313780969257751,0,0,0,0,buy,True,0,0,0,0,-44.903738105723804,7116.251290594113,-636.5980639749323,782.252199692452,-9.094947017729282e-13,1.1244021555959174,7116.251290594114,781856.2667522356,10779.390772482371
2152,6364.45,6364.45,6265.875786365227,0.0013857426517391398,0,0,0,0,buy,True,0,0,0,0,-44.903738105723804,7156.201299182435,-584.0327493893528,782.252199692452,-9.094947017729282e-13,1.1244021555959174,7156.201299182436,781856.2667522356,10779.390772482371
2153,6363.04,6363.04,6265.875786365227,0.0018371740377518921,0,0,0,0,buy,True,0,0,0,0,-44.903738105723804,7154.615892143045,-586.1187919890053,782.252199692452,-9.094947017729282e-13,1.1244021555959174,7154.615892143046,781856.2667522356,10779.390772482371
2154,6360.01,6360.01,6265.875786365227,0.0018087434834848453,0,0,0,0,buy,True,0,0,0,0,-44.903738105723804,7151.20895361159,-590.6015643840037,782.252199692452,-9.094947017729282e-13,1.1244021555959174,7151.208953611591,781856.2667522356,10779.390772482371
2155,6352.98,6352.98,6265.875786365227,0.0012341109444944719,0,0,0,0,hold,False,0,0,-0.0011053441739872754,0,-44.90484344989779,7143.30440645775,-601.0021881255361,782.252199692452,-9.094947017729282e-13,1.1244021555959174,7143.304406457751,781856.2667522356,10779.390772482371
2156,6323.6,6323.6,6265.875786365227,0.0016957024809923233,0,0,0,0,buy,True,0,0,0,0,-44.90484344989779,7110.269471126343,-644.4688062658206,782.252199692452,-9.094947017729282e-13,1.1244021555959174,7110.269471126344,781856.2667522356,10779.390772482371
2157,6335.0,6335.0,6265.875786365227,0.0011756739018163786,0,0,0,0,hold,False,0,0,0.0018027705737237183,0,-44.903040679324064,7123.087655700136,-627.6029299282018,782.252199692452,-9.094947017729282e-13,1.1244021555959174,7123.087655700137,781856.2667522356,10779.390772482371
2158,6302.0,6302.0,6265.875786365227,0.0014467104180967993,0,0,0,0,hold,False,0,0,-0.005209155485398625,0,-44.90824983480946,7085.98238456547,-676.4252035370992,782.252199692452,-9.094947017729282e-13,1.1244021555959174,7085.982384565471,781856.2667522356,10779.390772482371
2159,6325.25,6325.25,6265.875786365227,0.0018490764447207275,0,0,0,0,hold,False,0,0,0.0036893049825453437,0,-44.90456052982692,7112.124734683076,-642.0276925853759,782.252199692452,-9.094947017729282e-13,1.1244021555959174,7112.124734683077,781856.2667522356,10779.390772482371
2160,6324.01,6324.01,6265.875786365227,0.0016077502833774383,0,0,0,0,buy,True,0,0,0,0,-44.90456052982692,7110.730476010137,-643.8622265028007,782.252199692452,-9.094947017729282e-13,1.1244021555959174,7110.730476010138,781856.2667522356,10779.390772482371
2161,6358.32,6358.32,6265.875786365227,0.0014917879439015633,0,0,0,0,hold,False,0,0,0.0054253551148716415,0,-44.89913517471204,7149.308713968632,-593.1018565779141,782.252199692452,-9.094947017729282e-13,1.1244021555959174,7149.308713968633,781856.2667522356,10779.390772482371
2162,6336.45,6336.45,6265.875786365227,0.0012826641013113118,0,0,0,0,buy,True,0,0,0,0,-44.89913517471204,7124.718038825749,-625.4577088150836,782.252199692452,-9.094947017729282e-13,1.1244021555959174,7124.71803882575,781856.2667522356,10779.390772482371
2163,6321.96,6321.96,6265.875786365227,0.0011122314730620995,0,0,0,0,hold,False,0,0,-0.0022867694055818803,0,-44.90142194411762,7108.425451591165,-646.8951253179002,782.252199692452,-9.094947017729282e-13,1.1244021555959174,7108.425451591166,781856.2667522356,10779.390772482371
2164,6348.87,6348.87,6265.875786365227,0.0012451741322465483,0,0,0,0,hold,False,0,0,0.004256591310289807,0,-44.897165352807335,7138.683113598251,-607.0827803840984,782.252199692452,-9.094947017729282e-13,1.1244021555959174,7138.683113598252,781856.2667522356,10779.390772482371
2165,6349.19,6349.19,6265.875786365227,0.0013808824859137367,0,0,0,0,hold,False,0,0,5.040267008135643e-05,0,-44.89711495013725,7139.042922288041,-606.6093522763767,782.252199692452,-9.094947017729282e-13,1.1244021555959174,7139.042922288042,781856.2667522356,10779.390772482371
2166,6364.1,6364.1,6265.875786365227,0.0011790843753471739,0,0,0,0,hold,False,0,0,0.0023483310469525755,0,-44.8947666190903,7155.807758427977,-584.5505613821733,782.252199692452,-9.094947017729282e-13,1.1244021555959174,7155.807758427978,781856.2667522356,10779.390772482371
2167,6335.51,6335.51,6265.875786365227,0.0019016703764965603,0,0,0,0,hold,False,0,0,-0.004492386983234102,0,-44.899259006073535,7123.66110079949,-626.8484038815186,782.252199692452,-9.094947017729282e-13,1.1244021555959174,7123.661100799491,781856.2667522356,10779.390772482371
2168,6352.34,6352.34,6265.875786365227,0.0014202690443824136,0,0,0,0,hold,False,0,0,0.002656455439262155,0,-44.89660255063427,7142.584789078169,-601.9490443409813,782.252199692452,-9.094947017729282e-13,1.1244021555959174,7142.58478907817,781856.2667522356,10779.390772482371
2169,6351.51,6351.51,6265.875786365227,0.0016114741835107922,0,0,0,0,hold,False,0,0,-0.0001306605125039885,0,-44.896733211146774,7141.651535289025,-603.1769984953862,782.252199692452,-9.094947017729282e-13,1.1244021555959174,7141.651535289026,781856.2667522356,10779.390772482371
2170,6356.95,6356.95,6265.875786365227,0.0014106892660873233,0,0,0,0,hold,False,0,0,0.0008564892442899201,0,-44.89587672190248,7147.768283015466,-595.1287206641009,782.252199692452,-9.094947017729282e-13,1.1244021555959174,7147.768283015467,781856.2667522356,10779.390772482371
2171,6346.64,6346.64,6265.875786365227,0.0011600579269785585,0,0,0,0,hold,False,0,0,-0.0016218469549076108,0,-44.89749856885739,7136.1756967912725,-610.3819825097908,782.252199692452,-9.094947017729282e-13,1.1244021555959174,7136.175696791273,781856.2667522356,10779.390772482371
2172,6321.9,6321.9,6265.875786365227,0.0015687415583735364,0,0,0,0,hold,False,0,0,-0.0038981256223766295,0,-44.901396694479764,7108.357987461829,-646.9838930880978,782.252199692452,-9.094947017729282e-13,1.1244021555959174,7108.35798746183,781856.2667522356,10779.390772482371
2173,6320.01,6320.01,6265.875786365227,0.0010293976237698995,0,0,0,0,hold,False,0,0,-0.0002989607554690749,0,-44.90169565523524,7106.232867387753,-649.7800778493347,782.252199692452,-9.094947017729282e-13,1.1244021555959174,7106.232867387754,781856.2667522356,10779.390772482371
2174,6286.42,6286.42,6265.875786365227,0.0019311065860541392,0,0,0,0,buy,True,0,0,0,0,-44.90169565523524,7068.464198981286,-699.4752345318466,782.252199692452,-9.094947017729282e-13,1.1244021555959174,7068.464198981287,781856.2667522356,10779.390772482371
2175,6300.91,6300.91,6265.875786365227,0.0015192461136930694,0,0,0,0,hold,False,0,0,0.002304968487628778,0,-44.89939068674761,7084.75678621587,-678.03781802903,782.252199692452,-9.094947017729282e-13,1.1244021555959174,7084.756786215871,781856.2667522356,10779.390772482371
2176,6289.94,6289.94,6265.875786365227,0.0016700709839566879,0,0,0,0,hold,False,0,0,-0.0017410183608399434,0,-44.90113170510845,7072.422094568983,-694.267525346897,782.252199692452,-9.094947017729282e-13,1.1244021555959174,7072.422094568984,781856.2667522356,10779.390772482371
2177,6328.49,6316.790059420702,0,0.0018487728635578709,1.1244021555959174,7095.509746900241,7.102612359259501,50.145506014915554,sell,False,0,0,-1.0,0,-45.90113170510845,7095.50974690024,-637.2342329946841,789.3548120517115,7095.50974690024,0.0,0.0,788958.8791114951,10779.390772482371
2178,6327.95,6327.95,0,0.0016118449492368294,0,0,0,0,sell,True,0,0,0,0,-45.90113170510845,7095.50974690024,-638.0331429264661,789.3548120517115,7095.50974690024,0.0,0.0,788958.8791114951,10779.390772482371
2179,6326.66,6326.66,0,0.0019403766988072035,0,0,0,0,sell,True,0,0,0,0,-45.90113170510845,7095.50974690024,-639.9416499857234,789.3548120517115,7095.50974690024,0.0,0.0,788958.8791114951,10779.390772482371
2180,6325.56,6325.56,0,0.0010806823228010848,0,0,0,0,sell,True,0,0,0,0,-45.90113170510845,7095.50974690024,-641.5690591060193,789.3548120517115,7095.50974690024,0.0,0.0,788958.8791114951,10779.390772482371
2181,6167.4,6167.4,0,0.0017785862788769055,0,0,0,0,sell,True,0,0,0,0,-45.90113170510845,7095.50974690024,-875.5609013479389,789.3548120517115,7095.50974690024,0.0,0.0,788958.8791114951,10779.390772482371
2182,6410.2,6410.2,0,0.001439443138175527,0,0,0,0,hold,False,0,0,0,0,-45.90113170510845,7095.50974690024,-516.3473246133799,789.3548120517115,7095.50974690024,0.0,0.0,788958.8791114951,10779.390772482371
2183,6423.94,6423.94,0,0.0011340147779897104,0,0,0,0,hold,False,0,0,0,0,-45.90113170510845,7095.50974690024,-496.0195052380386,789.3548120517115,7095.50974690024,0.0,0.0,788958.8791114951,10779.390772482371
2184,6395.0,6395.0,0,0.0012111753572658392,0,0,0,0,hold,False,0,0,0,0,-45.90113170510845,7095.50974690024,-538.8351597302062,789.3548120517115,7095.50974690024,0.0,0.0,788958.8791114951,10779.390772482371
2185,6386.75,6386.75,0,0.001049738970350179,0,0,0,0,hold,False,0,0,0,0,-45.90113170510845,7095.50974690024,-551.0407281324296,789.3548120517115,7095.50974690024,0.0,0.0,788958.8791114951,10779.390772482371
2186,6391.89,6391.89,0,0.0016191014385600368,0,0,0,0,sell,True,0,0,0,0,-45.90113170510845,7095.50974690024,-543.4362891521341,789.3548120517115,7095.50974690024,0.0,0.0,788958.8791114951,10779.390772482371
2187,6420.07,6420.07,0,0.001549263448315359,0,0,0,0,hold,False,0,0,0,0,-45.90113170510845,7095.50974690024,-501.74502641580875,789.3548120517115,7095.50974690024,0.0,0.0,788958.8791114951,10779.390772482371
2188,6407.12,6407.12,0,0.0019369007968769846,0,0,0,0,sell,True,0,0,0,0,-45.90113170510845,7095.50974690024,-520.9040701502108,789.3548120517115,7095.50974690024,0.0,0.0,788958.8791114951,10779.390772482371
2189,6386.05,6386.05,0,0.0018463449294845698,0,0,0,0,sell,True,0,0,0,0,-45.90113170510845,7095.50974690024,-552.0763521180725,789.3548120517115,7095.50974690024,0.0,0.0,788958.8791114951,10779.390772482371
2190,6397.29,6397.29,0,0.0017695232253001018,0,0,0,0,hold,False,0,0,0,0,-45.90113170510845,7095.50974690024,-535.4471898343145,789.3548120517115,7095.50974690024,0.0,0.0,788958.8791114951,10779.390772482371
2191,6391.36,6391.36,0,0.0017531907364322552,0,0,0,0,sell,True,0,0,0,0,-45.90113170510845,7095.50974690024,-544.220404455551,789.3548120517115,7095.50974690024,0.0,0.0,788958.8791114951,10779.390772482371
2192,6389.05,6389.05,0,0.0018615443302048861,0,0,0,0,hold,False,0,0,0,0,-45.90113170510845,7095.50974690024,-547.6379636081729,789.3548120517115,7095.50974690024,0.0,0.0,788958.8791114951,10779.390772482371
2193,6399.91,6399.91,0,0.0014396138429821105,0,0,0,0,hold,False,0,0,0,0,-45.90113170510845,7095.50974690024,-531.570997202336,789.3548120517115,7095.50974690024,0.0,0.0,788958.8791114951,10779.390772482371
2194,6411.0,6411.0,0,0.0012107038524869836,0,0,0,0,hold,False,0,0,0,0,-45.90113170510845,7095.50974690024,-515.1637543440738,789.3548120517115,7095.50974690024,0.0,0.0,788958.8791114951,10779.390772482371
2195,6387.98,6387.98,0,0.0014910129102888594,0,0,0,0,hold,False,0,0,0,0,-45.90113170510845,7095.50974690024,-549.2209888433717,789.3548120517115,7095.50974690024,0.0,0.0,788958.8791114951,10779.390772482371
2196,6387.0,6387.0,0,0.0013253124860690703,0,0,0,0,hold,False,0,0,0,0,-45.90113170510845,7095.50974690024,-550.6708624232724,789.3548120517115,7095.50974690024,0.0,0.0,788958.8791114951,10779.390772482371
2197,6415.0,6415.0,0,0.0016246526516820949,0,0,0,0,sell,True,0,0,0,0,-45.90113170510845,7095.50974690024,-509.2459029975398,789.3548120517115,7095.50974690024,0.0,0.0,788958.8791114951,10779.390772482371
2198,6427.88,6427.88,0,0.001292888284591105,0,0,0,0,sell,True,0,0,0,0,-45.90113170510845,7095.50974690024,-490.190421661704,789.3548120517115,7095.50974690024,0.0,0.0,788958.8791114951,10779.390772482371
2199,6425.0,6425.0,0,0.0012579037619183254,0,0,0,0,sell,True,0,0,0,0,-45.90113170510845,7095.50974690024,-494.4512746312066,789.3548120517115,7095.50974690024,0.0,0.0,788958.8791114951,10779.390772482371
2200,6422.0,6422.0,0,0.0012156830026092205,0,0,0,0,sell,True,0,0,0,0,-45.90113170510845,7095.50974690024,-498.8896631411062,789.3548120517115,7095.50974690024,0.0,0.0,788958.8791114951,10779.390772482371
2201,6415.01,6415.01,0,0.0015935865679103322,0,0,0,0,sell,True,0,0,0,0,-45.90113170510845,7095.50974690024,-509.23110836917294,789.3548120517115,7095.50974690024,0.0,0.0,788958.8791114951,10779.390772482371
2202,6417.92,6417.92,0,0.0013395439256809914,0,0,0,0,hold,False,0,0,0,0,-45.90113170510845,7095.50974690024,-504.92587151456974,789.3548120517115,7095.50974690024,0.0,0.0,788958.8791114951,10779.390772482371
2203,6421.99,6421.99,0,0.001980611751322768,0,0,0,0,sell,True,0,0,0,0,-45.90113170510845,7095.50974690024,-498.9044577694731,789.3548120517115,7095.50974690024,0.0,0.0,788958.8791114951,10779.390772482371
2204,6400.51,6400.51,0,0.00138388615582858,0,0,0,0,sell,True,0,0,0,0,-45.90113170510845,7095.50974690024,-530.6833195003564,789.3548120517115,7095.50974690024,0.0,0.0,788958.8791114951,10779.390772482371
2205,6407.0,6407.0,0,0.0016090557418390761,0,0,0,0,sell,True,0,0,0,0,-45.90113170510845,7095.50974690024,-521.081605690606,789.3548120517115,7095.50974690024,0.0,0.0,788958.8791114951,10779.390772482371
2206,6420.01,6420.01,0,0.0013730922867867617,0,0,0,0,sell,True,0,0,0,0,-45.90113170510845,7095.50974690024,-501.83379418600634,789.3548120517115,7095.50974690024,0.0,0.0,788958.8791114951,10779.390772482371
2207,6378.47,6378.47,0,0.0010647844081409514,0,0,0,0,sell,True,0,0,0,0,-45.90113170510845,7095.50974690024,-563.2906804197537,789.3548120517115,7095.50974690024,0.0,0.0,788958.8791114951,10779.390772482371
2208,6490.06,6490.06,0,0.001745988215638661,0,0,0,0,sell,True,0,0,0,0,-45.90113170510845,7095.50974690024,-398.19742247984505,789.3548120517115,7095.50974690024,0.0,0.0,788958.8791114951,10779.390772482371
2209,6531.29,6531.29,0,0.001792375087672909,0,0,0,0,sell,True,0,0,0,0,-45.90113170510845,7095.50974690024,-337.19916972545616,789.3548120517115,7095.50974690024,0.0,0.0,788958.8791114951,10779.390772482371
2210,6492.0,6492.0,0,0.0010193413716549995,0,0,0,0,sell,True,0,0,0,0,-45.90113170510845,7095.50974690024,-395.32726457677745,789.3548120517115,7095.50974690024,0.0,0.0,788958.8791114951,10779.390772482371
2211,6516.48,6516.48,0,0.0017699967591736988,0,0,0,0,sell,True,0,0,0,0,-45.90113170510845,7095.50974690024,-359.1100143359963,789.3548120517115,7095.50974690024,0.0,0.0,788958.8791114951,10779.390772482371
2212,6502.01,6502.01,0,0.0018278048985993002,0,0,0,0,sell,True,0,0,0,0,-45.90113170510845,7095.50974690024,-380.5178415820774,789.3548120517115,7095.50974690024,0.0,0.0,788958.8791114951,10779.390772482371
2213,6555.67,6555.67,0,0.0010763453189095433,0,0,0,0,sell,True,0,0,0,0,-45.90113170510845,7095.50974690024,-301.12986576833646,789.3548120517115,7095.50974690024,0.0,0.0,788958.8791114951,10779.390772482371
2214,6554.7,6554.7,0,0.0015036807805645907,0,0,0,0,sell,True,0,0,0,0,-45.90113170510845,7095.50974690024,-302.5649447198721,789.3548120517115,7095.50974690024,0.0,0.0,788958.8791114951,10779.390772482371
2215,6548.06,6548.06,0,0.0011595451497687002,0,0,0,0,sell,True,0,0,0,0,-45.90113170510845,7095.50974690024,-312.3885779551165,789.3548120517115,7095.50974690024,0.0,0.0,788958.8791114951,10779.390772482371
2216,6535.85,6535.85,0,0.0011206379387096903,0,0,0,0,sell,True,0,0,0,0,-45.90113170510845,7095.50974690024,-330.45281919040826,789.3548120517115,7095.50974690024,0.0,0.0,788958.8791114951,10779.390772482371
2217,6550.07,6550.07,0,0.0012401941567574855,0,0,0,0,sell,True,0,0,0,0,-45.90113170510845,7095.50974690024,-309.41485765348443,789.3548120517115,7095.50974690024,0.0,0.0,788958.8791114951,10779.390772482371
2218,6647.91,6647.91,0,0.0013136814385055684,0,0,0,0,sell,True,0,0,0,0,-45.90113170510845,7095.50974690024,-164.66421371728393,789.3548120517115,7095.50974690024,0.0,0.0,788958.8791114951,10779.390772482371
2219,6701.33,6701.33,0,0.0015255916073449814,0,0,0,0,sell,True,0,0,0,0,-45.90113170510845,7095.50974690024,-85.63130898433519,789.3548120517115,7095.50974690024,0.0,0.0,788958.8791114951,10779.390772482371
2220,6706.01,6706.01,0,0.0015919535125580686,0,0,0,0,sell,True,0,0,0,0,-45.90113170510845,7095.50974690024,-78.7074229088903,789.3548120517115,7095.50974690024,0.0,0.0,788958.8791114951,10779.390772482371
2221,6694.89,6694.89,0,0.0010655922369592072,0,0,0,0,sell,True,0,0,0,0,-45.90113170510845,7095.50974690024,-95.15904965225127,789.3548120517115,7095.50974690024,0.0,0.0,788958.8791114951,10779.390772482371
2222,6742.23,6742.23,0,0.0014759371100888743,0,0,0,0,sell,True,0,0,0,0,-45.90113170510845,7095.50974690024,-25.12127896603306,789.3548120517115,7095.50974690024,0.0,0.0,788958.8791114951,10779.390772482371
2223,6732.02,6732.02,0,0.0017991385510693948,0,0,0,0,sell,True,0,0,0,0,-45.90113170510845,7095.50974690024,-40.22659452805783,789.3548120517115,7095.50974690024,0.0,0.0,788958.8791114951,10779.390772482371
2224,6727.83,6727.83,0,0.0012496738507514682,0,0,0,0,sell,True,0,0,0,0,-45.90113170510845,7095.50974690024,-46.425543813553304,789.3548120517115,7095.50974690024,0.0,0.0,788958.8791114951,10779.390772482371
2225,6721.59,6721.59,0,0.0017988396511145603,0,0,0,0,sell,True,0,0,0,0,-45.90113170510845,7095.50974690024,-55.65739191414468,789.3548120517115,7095.50974690024,0.0,0.0,788958.8791114951,10779.390772482371
2226,6681.65,6681.65,0,0.0015991166646652077,0,0,0,0,sell,True,0,0,0,0,-45.90113170510845,7095.50974690024,-114.74713760927807,789.3548120517115,7095.50974690024,0.0,0.0,788958.8791114951,10779.390772482371
2227,6717.23,6717.23,0,0.0010637199962121435,0,0,0,0,sell,True,0,0,0,0,-45.90113170510845,7095.50974690024,-62.10784988186606,789.3548120517115,7095.50974690024,0.0,0.0,788958.8791114951,10779.390772482371
2228,6703.34,6703.34,0,0.00179502210478468,0,0,0,0,sell,True,0,0,0,0,-45.90113170510845,7095.50974690024,-82.65758868270132,789.3548120517115,7095.50974690024,0.0,0.0,788958.8791114951,10779.390772482371
2229,6739.98,6739.98,0,0.0014821068137250055,0,0,0,0,sell,True,0,0,0,0,-45.90113170510845,7095.50974690024,-28.45007034845912,789.3548120517115,7095.50974690024,0.0,0.0,788958.8791114951,10779.390772482371
2230,6749.13,6749.13,0,0.001001777530973227,0,0,0,0,sell,True,0,0,0,0,-45.90113170510845,7095.50974690024,-14.912985393262716,789.3548120517115,7095.50974690024,0.0,0.0,788958.8791114951,10779.390772482371
2231,6708.0,6708.0,0,0.0014609625186796365,0,0,0,0,hold,False,0,0,0,0,-45.90113170510845,7095.50974690024,-75.76329186399016,789.3548120517115,7095.50974690024,0.0,0.0,788958.8791114951,10779.390772482371
2232,6727.97,6727.97,0,0.0010945697195890865,0,0,0,0,sell,True,0,0,0,0,-45.90113170510845,7095.50974690024,-46.21841901642256,789.3548120517115,7095.50974690024,0.0,0.0,788958.8791114951,10779.390772482371
2233,6737.86,6737.86,0,0.00134687886767796,0,0,0,0,sell,True,0,0,0,0,-45.90113170510845,7095.50974690024,-31.58653156212131,789.3548120517115,7095.50974690024,0.0,0.0,788958.8791114951,10779.390772482371
2234,6759.02,6759.02,0,0.0018836741149600906,0,0,0,0,hold,False,0,0,0,0,-45.90113170510845,7095.50974690024,-0.28109793895964685,789.3548120517115,7095.50974690024,0.0,0.0,788958.8791114951,10779.390772482371
2235,6802.95,6802.95,0,0.001730710488941105,0,0,0,0,sell,True,0,0,0,0,-45.90113170510845,7095.50974690024,64.71170447433906,789.3548120517115,7095.50974690024,0.0,0.0,788958.8791114951,10779.390772482371
2236,6771.99,6771.99,0,0.0013310328750777097,0,0,0,0,sell,True,0,0,0,0,-45.90113170510845,7095.50974690024,18.907535052172534,789.3548120517115,7095.50974690024,0.0,0.0,788958.8791114951,10779.390772482371
2237,6739.91,6739.91,0,0.0019891217950331296,0,0,0,0,sell,True,0,0,0,0,-45.90113170510845,7095.50974690024,-28.553632747021766,789.3548120517115,7095.50974690024,0.0,0.0,788958.8791114951,10779.390772482371
2238,6738.15,6738.15,0,0.0013956162985771581,0,0,0,0,sell,True,0,0,0,0,-45.90113170510845,7095.50974690024,-31.157487339498402,789.3548120517115,7095.50974690024,0.0,0.0,788958.8791114951,10779.390772482371
2239,6753.85,6753.85,0,0.0015961897296863144,0,0,0,0,sell,True,0,0,0,0,-45.90113170510845,7095.50974690024,-7.929920804353969,789.3548120517115,7095.50974690024,0.0,0.0,788958.8791114951,10779.390772482371
2240,6742.41,6742.41,0,0.0018408972585807273,0,0,0,0,sell,True,0,0,0,0,-45.90113170510845,7095.50974690024,-24.854975655440285,789.3548120517115,7095.50974690024,0.0,0.0,788958.8791114951,10779.390772482371
2241,6728.89,6728.89,0,0.0013090124414247627,0,0,0,0,sell,True,0,0,0,0,-45.90113170510845,7095.50974690024,-44.8573132067213,789.3548120517115,7095.50974690024,0.0,0.0,788958.8791114951,10779.390772482371
2242,6718.57,6718.57,0,0.0018676709967912256,0,0,0,0,sell,True,0,0,0,0,-45.90113170510845,7095.50974690024,-60.1253696807762,789.3548120517115,7095.50974690024,0.0,0.0,788958.8791114951,10779.390772482371
2243,6647.63,6647.63,0,0.0011509852243256572,0,0,0,0,hold,False,0,0,0,0,-45.90113170510845,7095.50974690024,-165.07846331154178,789.3548120517115,7095.50974690024,0.0,0.0,788958.8791114951,10779.390772482371
2244,6694.99,6694.99,0,0.00137537517898416,0,0,0,0,sell,True,0,0,0,0,-45.90113170510845,7095.50974690024,-95.01110336858983,789.3548120517115,7095.50974690024,0.0,0.0,788958.8791114951,10779.390772482371
2245,6697.99,6697.99,0,0.0019046768396925075,0,0,0,0,sell,True,0,0,0,0,-45.90113170510845,7095.50974690024,-90.57271485869023,789.3548120517115,7095.50974690024,0.0,0.0,788958.8791114951,10779.390772482371
2246,6666.78,6666.78,0,0.0010329745471656833,0,0,0,0,sell,True,0,0,0,0,-45.90113170510845,7095.50974690024,-136.746749990014,789.3548120517115,7095.50974690024,0.0,0.0,788958.8791114951,10779.390772482371
2247,6685.0,6685.0,0,0.001658210634099394,0,0,0,0,sell,True,0,0,0,0,-45.90113170510845,7095.50974690024,-109.79093710655616,789.3548120517115,7095.50974690024,0.0,0.0,788958.8791114951,10779.390772482371
2248,6692.51,6692.51,0,0.0019307128365305232,0,0,0,0,sell,True,0,0,0,0,-45.90113170510845,7095.50974690024,-98.68017120343939,789.3548120517115,7095.50974690024,0.0,0.0,788958.8791114951,10779.390772482371
2249,6671.6,6671.6,0,0.0018118698734356294,0,0,0,0,sell,True,0,0,0,0,-45.90113170510845,7095.50974690024,-129.61573911744017,789.3548120517115,7095.50974690024,0.0,0.0,788958.8791114951,10779.390772482371
2250,6685.21,6685.21,0,0.0016811977136780283,0,0,0,0,sell,True,0,0,0,0,-45.90113170510845,7095.50974690024,-109.48024991086277,789.3548120517115,7095.50974690024,0.0,0.0,788958.8791114951,10779.390772482371
2251,6674.4,6674.4,0,0.0014590077691831551,0,0,0,0,sell,True,0,0,0,0,-45.90113170510845,7095.50974690024,-125.47324317486891,789.3548120517115,7095.50974690024,0.0,0.0,788958.8791114951,10779.390772482371
2252,6685.0,6685.0,0,0.0012198944483698027,0,0,0,0,sell,True,0,0,0,0,-45.90113170510845,7095.50974690024,-109.79093710655616,789.3548120517115,7095.50974690024,0.0,0.0,788958.8791114951,10779.390772482371
2253,6741.98,6741.98,0,0.0019306160902139808,0,0,0,0,sell,True,0,0,0,0,-45.90113170510845,7095.50974690024,-25.491144675192118,789.3548120517115,7095.50974690024,0.0,0.0,788958.8791114951,10779.390772482371
2254,6725.54,6725.54,0,0.0017280491026456847,0,0,0,0,sell,True,0,0,0,0,-45.90113170510845,7095.50974690024,-49.813513709443214,789.3548120517115,7095.50974690024,0.0,0.0,788958.8791114951,10779.390772482371
2255,6721.9,6721.9,0,0.001015593370519365,0,0,0,0,sell,True,0,0,0,0,-45.90113170510845,7095.50974690024,-55.19875843478803,789.3548120517115,7095.50974690024,0.0,0.0,788958.8791114951,10779.390772482371
2256,6702.7,6702.7,0,0.001981574683162882,0,0,0,0,sell,True,0,0,0,0,-45.90113170510845,7095.50974690024,-83.60444489814654,789.3548120517115,7095.50974690024,0.0,0.0,788958.8791114951,10779.390772482371
2257,6709.17,6709.17,0,0.0014500689687451242,0,0,0,0,sell,True,0,0,0,0,-45.90113170510845,7095.50974690024,-74.03232034512985,789.3548120517115,7095.50974690024,0.0,0.0,788958.8791114951,10779.390772482371
2258,6723.05,6723.05,0,0.0013002313003263601,0,0,0,0,sell,True,0,0,0,0,-45.90113170510845,7095.50974690024,-53.49737617265964,789.3548120517115,7095.50974690024,0.0,0.0,788958.8791114951,10779.390772482371
2259,6717.3,6717.3,0,0.0011534166742847925,0,0,0,0,sell,True,0,0,0,0,-45.90113170510845,7095.50974690024,-62.00428748329978,789.3548120517115,7095.50974690024,0.0,0.0,788958.8791114951,10779.390772482371
2260,6692.59,6692.59,0,0.0015799899154394113,0,0,0,0,hold,False,0,0,0,0,-45.90113170510845,7095.50974690024,-98.56181417650805,789.3548120517115,7095.50974690024,0.0,0.0,788958.8791114951,10779.390772482371
2261,6699.01,6699.01,0,0.0017146478928850096,0,0,0,0,sell,True,0,0,0,0,-45.90113170510845,7095.50974690024,-89.0636627653239,789.3548120517115,7095.50974690024,0.0,0.0,788958.8791114951,10779.390772482371
2262,6711.6,6711.6,0,0.0012631433884167432,0,0,0,0,sell,True,0,0,0,0,-45.90113170510845,7095.50974690024,-70.43722565210919,789.3548120517115,7095.50974690024,0.0,0.0,788958.8791114951,10779.390772482371
2263,6728.44,6728.44,0,0.0010931533900035856,0,0,0,0,sell,True,0,0,0,0,-45.90113170510845,7095.50974690024,-45.52307148320688,789.3548120517115,7095.50974690024,0.0,0.0,788958.8791114951,10779.390772482371
2264,6729.1,6729.1,0,0.0014364043857646835,0,0,0,0,sell,True,0,0,0,0,-45.90113170510845,7095.50974690024,-44.54662601102791,789.3548120517115,7095.50974690024,0.0,0.0,788958.8791114951,10779.390772482371
2265,6707.55,6707.55,0,0.0018050688752662373,0,0,0,0,sell,True,0,0,0,0,-45.90113170510845,7095.50974690024,-76.42905014047574,789.3548120517115,7095.50974690024,0.0,0.0,788958.8791114951,10779.390772482371
2266,6721.4,6721.4,0,0.0015503824625780229,0,0,0,0,sell,True,0,0,0,0,-45.90113170510845,7095.50974690024,-55.93848985310433,789.3548120517115,7095.50974690024,0.0,0.0,788958.8791114951,10779.390772482371
2267,6733.31,6744.4361898565285,6751.187377233762,0.0016524101603116721,1.0510017498296071,7095.50974690024,7.095509746900239,0,buy,False,0,0,0,0,-45.90113170510845,7076.720592145192,-38.31808746880233,796.4503217986118,0.0,1.0510017498296071,7076.720592145192,796047.2933486485,10779.390772482371
2268,6773.47,6773.47,6751.187377233762,0.0016183774236024984,0,0,0,0,hold,False,0,0,0.005964377104277078,0,-45.89516732800417,7118.928822418349,21.097140050391317,796.4503217986118,0.0,1.0510017498296071,7118.928822418349,796047.2933486485,10779.390772482371
2269,6767.5,6767.5,6751.187377233762,0.0012382271921735698,0,0,0,0,hold,False,0,0,-0.0008813798540482286,0,-45.89604870785822,7112.654341971866,12.264746915689102,796.4503217986118,0.0,1.0510017498296071,7112.654341971866,796047.2933486485,10779.390772482371
2270,6747.24,6747.24,6751.187377233762,0.0010316407756449206,0,0,0,0,hold,False,0,0,-0.0029937199852235375,0,-45.89904242784345,7091.361046520318,-17.709170154501408,796.4503217986118,0.0,1.0510017498296071,7091.361046520318,796047.2933486485,10779.390772482371
2271,6738.8,6738.8,6751.187377233762,0.0010682161390076616,0,0,0,0,hold,False,0,0,-0.0012508818420567903,0,-45.9002933096855,7082.490591751757,-30.19583649568449,796.4503217986118,0.0,1.0510017498296071,7082.490591751757,796047.2933486485,10779.390772482371
2272,6734.0,6734.0,6751.187377233762,0.0012297528654253184,0,0,0,0,hold,False,0,0,-0.0007122929898498552,0,-45.901005602675355,7077.445783352575,-37.29725811152457,796.4503217986118,0.0,1.0510017498296071,7077.445783352575,796047.2933486485,10779.390772482371
2273,6696.01,6696.01,6751.187377233762,0.0010261271184414432,0,0,0,0,hold,False,0,0,-0.005641520641520593,0,-45.90664712331687,7037.518226876548,-93.5020512752235,796.4503217986118,0.0,1.0510017498296071,7037.518226876548,796047.2933486485,10779.390772482371
2274,6685.94,6685.94,6751.187377233762,0.001481799591285278,0,0,0,0,hold,False,0,0,-0.0015038806692344556,0,-45.908151003986106,7026.934639255764,-108.40024204012116,796.4503217986118,0.0,1.0510017498296071,7026.934639255764,796047.2933486485,10779.390772482371
2275,6693.28,6693.28,6751.187377233762,0.0011700293807406614,0,0,0,0,hold,False,0,0,0.0010978261845005796,0,-45.90705317780161,7034.648992099513,-97.54098481923211,796.4503217986118,0.0,1.0510017498296071,7034.648992099513,796047.2933486485,10779.390772482371
2276,6688.59,6688.59,6751.187377233762,0.0015925104020588997,0,0,0,0,hold,False,0,0,-0.0007007027944445514,0,-45.907753880596054,7029.719793892812,-104.47966552304206,796.4503217986118,0.0,1.0510017498296071,7029.719793892812,796047.2933486485,10779.390772482371
2277,6707.4,6707.4,6751.187377233762,0.0017013705191807368,0,0,0,0,hold,False,0,0,0.0028122519095952533,0,-45.90494162868646,7049.489136807107,-76.65096956597154,796.4503217986118,0.0,1.0510017498296071,7049.489136807107,796047.2933486485,10779.390772482371
2278,6693.3,6693.3,6751.187377233762,0.0019889650416089755,0,0,0,0,hold,False,0,0,-0.0021021558278915674,0,-45.90704378451435,7034.670012134509,-97.51139556249836,796.4503217986118,0.0,1.0510017498296071,7034.670012134509,796047.2933486485,10779.390772482371
2279,6684.78,6684.78,6751.187377233762,0.001973828252082638,0,0,0,0,hold,False,0,0,-0.001272914705750539,0,-45.9083166992201,7025.715477225961,-110.1164189306146,796.4503217986118,0.0,1.0510017498296071,7025.715477225961,796047.2933486485,10779.390772482371
2280,6689.02,6689.02,6751.187377233762,0.0013266949375669267,0,0,0,0,hold,False,0,0,0.000634276670286903,0,-45.90768242254981,7030.171724645239,-103.8434965032884,796.4503217986118,0.0,1.0510017498296071,7030.171724645239,796047.2933486485,10779.390772482371
2281,6718.22,6706.683673610235,0,0.00171717008221892,1.0510017498296071,7041.687540241497,7.0487362765180155,-53.8222066587432,sell,False,0,0,-1.0,0,-46.90768242254981,7041.687540241497,-60.64318167359852,803.4990580751298,7041.687540241497,0.0,0.0,803096.0296251664,10779.390772482371
2282,6708.0,6708.0,0,0.001073239801700684,0,0,0,0,hold,False,0,0,0,0,-46.90768242254981,7041.687540241497,-75.76329186399016,803.4990580751298,7041.687540241497,0.0,0.0,803096.0296251664,10779.390772482371
2283,6695.6,6695.6,0,0.0016134506524126241,0,0,0,0,hold,False,0,0,0,0,-46.90768242254981,7041.687540241497,-94.10863103824158,803.4990580751298,7041.687540241497,0.0,0.0,803096.0296251664,10779.390772482371
2284,6719.0,6719.0,0,0.0014413111650827218,0,0,0,0,hold,False,0,0,0,0,-46.90768242254981,7041.687540241497,-59.48920066102437,803.4990580751298,7041.687540241497,0.0,0.0,803096.0296251664,10779.390772482371
2285,6706.67,6706.67,0,0.0011742604216161748,0,0,0,0,hold,False,0,0,0,0,-46.90768242254981,7041.687540241497,-77.73097743671315,803.4990580751298,7041.687540241497,0.0,0.0,803096.0296251664,10779.390772482371
2286,6719.66,6719.66,0,0.0013005452341666845,0,0,0,0,hold,False,0,0,0,0,-46.90768242254981,7041.687540241497,-58.51275518884722,803.4990580751298,7041.687540241497,0.0,0.0,803096.0296251664,10779.390772482371
2287,6705.17,6705.17,0,0.0019209455159572572,0,0,0,0,hold,False,0,0,0,0,-46.90768242254981,7041.687540241497,-79.95017169166204,803.4990580751298,7041.687540241497,0.0,0.0,803096.0296251664,10779.390772482371
2288,6687.76,6687.76,0,0.0013856136770137289,0,0,0,0,sell,True,0,0,0,0,-46.90768242254981,7041.687540241497,-105.70761967744693,803.4990580751298,7041.687540241497,0.0,0.0,803096.0296251664,10779.390772482371
2289,6642.79,6642.79,0,0.0013031332471047383,0,0,0,0,hold,False,0,0,0,0,-46.90768242254981,7041.687540241497,-172.2390634408457,803.4990580751298,7041.687540241497,0.0,0.0,803096.0296251664,10779.390772482371
2290,6677.92,6677.92,0,0.0016511339195018422,0,0,0,0,hold,False,0,0,0,0,-46.90768242254981,7041.687540241497,-120.26553398991928,803.4990580751298,7041.687540241497,0.0,0.0,803096.0296251664,10779.390772482371
2291,6633.27,6633.27,0,0.001046724864310052,0,0,0,0,sell,True,0,0,0,0,-46.90768242254981,7041.687540241497,-186.32354964559454,803.4990580751298,7041.687540241497,0.0,0.0,803096.0296251664,10779.390772482371
2292,6603.15,6603.15,0,0.0012678215521378091,0,0,0,0,sell,True,0,0,0,0,-46.90768242254981,7041.687540241497,-230.88497028498932,803.4990580751298,7041.687540241497,0.0,0.0,803096.0296251664,10779.390772482371
2293,6617.74,6617.74,0,0.001925235429275338,0,0,0,0,sell,True,0,0,0,0,-46.90768242254981,7041.687540241497,-209.29960749850943,803.4990580751298,7041.687540241497,0.0,0.0,803096.0296251664,10779.390772482371
2294,6576.98,6576.98,0,0.0016565509765214801,0,0,0,0,sell,True,0,0,0,0,-46.90768242254981,7041.687540241497,-269.60251271968264,803.4990580751298,7041.687540241497,0.0,0.0,803096.0296251664,10779.390772482371
2295,6629.96,6629.96,0,0.0013115096346518896,0,0,0,0,sell,True,0,0,0,0,-46.90768242254981,7041.687540241497,-191.22057163485078,803.4990580751298,7041.687540241497,0.0,0.0,803096.0296251664,10779.390772482371
2296,6627.99,6627.99,0,0.0014512774941295838,0,0,0,0,sell,True,0,0,0,0,-46.90768242254981,7041.687540241497,-194.135113423019,803.4990580751298,7041.687540241497,0.0,0.0,803096.0296251664,10779.390772482371
2297,6615.02,6615.02,0,0.001352858521507211,0,0,0,0,sell,True,0,0,0,0,-46.90768242254981,7041.687540241497,-213.32374641415117,803.4990580751298,7041.687540241497,0.0,0.0,803096.0296251664,10779.390772482371
2298,6605.02,6605.02,0,0.0010154572393205096,0,0,0,0,hold,False,0,0,0,0,-46.90768242254981,7041.687540241497,-228.11837478048437,803.4990580751298,7041.687540241497,0.0,0.0,803096.0296251664,10779.390772482371
2299,6612.96,6612.96,0,0.0019464446364578748,0,0,0,0,hold,False,0,0,0,0,-46.90768242254981,7041.687540241497,-216.37143985761577,803.4990580751298,7041.687540241497,0.0,0.0,803096.0296251664,10779.390772482371
2300,6650.01,6650.01,0,0.0011602203225523008,0,0,0,0,sell,True,0,0,0,0,-46.90768242254981,7041.687540241497,-161.55734176035367,803.4990580751298,7041.687540241497,0.0,0.0,803096.0296251664,10779.390772482371
2301,6645.15,6645.15,0,0.0011263211216752899,0,0,0,0,hold,False,0,0,0,0,-46.90768242254981,7041.687540241497,-168.74753114639134,803.4990580751298,7041.687540241497,0.0,0.0,803096.0296251664,10779.390772482371
2302,6619.9,6619.9,0,0.0017100992948147556,0,0,0,0,hold,False,0,0,0,0,-46.90768242254981,7041.687540241497,-206.10396777138158,803.4990580751298,7041.687540241497,0.0,0.0,803096.0296251664,10779.390772482371
2303,6636.01,6636.01,0,0.0010822211156978339,0,0,0,0,sell,True,0,0,0,0,-46.90768242254981,7041.687540241497,-182.26982147321905,803.4990580751298,7041.687540241497,0.0,0.0,803096.0296251664,10779.390772482371
2304,6620.1,6620.1,0,0.0011659389487625636,0,0,0,0,sell,True,0,0,0,0,-46.90768242254981,7041.687540241497,-205.80807520405506,803.4990580751298,7041.687540241497,0.0,0.0,803096.0296251664,10779.390772482371
2305,6593.72,6593.72,0,0.001634390515008973,0,0,0,0,sell,True,0,0,0,0,-46.90768242254981,7041.687540241497,-244.83630483443994,803.4990580751298,7041.687540241497,0.0,0.0,803096.0296251664,10779.390772482371
2306,6581.39,6581.39,0,0.0013824581876813406,0,0,0,0,hold,False,0,0,0,0,-46.90768242254981,7041.687540241497,-263.0780816101287,803.4990580751298,7041.687540241497,0.0,0.0,803096.0296251664,10779.390772482371
2307,6518.16,6518.16,0,0.00121728918110784,0,0,0,0,sell,True,0,0,0,0,-46.90768242254981,7041.687540241497,-356.624516770451,803.4990580751298,7041.687540241497,0.0,0.0,803096.0296251664,10779.390772482371
2308,6441.91,6441.91,0,0.001834141057780635,0,0,0,0,sell,True,0,0,0,0,-46.90768242254981,7041.687540241497,-469.433558063738,803.4990580751298,7041.687540241497,0.0,0.0,803096.0296251664,10779.390772482371
2309,6434.05,6434.05,0,0.0017544501091924043,0,0,0,0,sell,True,0,0,0,0,-46.90768242254981,7041.687540241497,-481.0621359596753,803.4990580751298,7041.687540241497,0.0,0.0,803096.0296251664,10779.390772482371
2310,6468.18,6468.18,0,0.0012752856591566543,0,0,0,0,sell,True,0,0,0,0,-46.90768242254981,7041.687540241497,-430.56806934538145,803.4990580751298,7041.687540241497,0.0,0.0,803096.0296251664,10779.390772482371
2311,6455.01,6455.01,0,0.0011852078151097449,0,0,0,0,sell,True,0,0,0,0,-46.90768242254981,7041.687540241497,-450.05259490384196,803.4990580751298,7041.687540241497,0.0,0.0,803096.0296251664,10779.390772482371
2312,6467.49,6467.49,0,0.0015038336393361897,0,0,0,0,sell,True,0,0,0,0,-46.90768242254981,7041.687540241497,-431.5888987026592,803.4990580751298,7041.687540241497,0.0,0.0,803096.0296251664,10779.390772482371
2313,6423.81,6423.81,0,0.0016945970784609634,0,0,0,0,sell,True,0,0,0,0,-46.90768242254981,7041.687540241497,-496.2118354068007,803.4990580751298,7041.687540241497,0.0,0.0,803096.0296251664,10779.390772482371
2314,6382.89,6382.89,0,0.001541417022195045,0,0,0,0,sell,True,0,0,0,0,-46.90768242254981,7041.687540241497,-556.7514546818347,803.4990580751298,7041.687540241497,0.0,0.0,803096.0296251664,10779.390772482371
2315,6413.96,6413.96,0,0.0019684937890691416,0,0,0,0,sell,True,0,0,0,0,-46.90768242254981,7041.687540241497,-510.7845443476381,803.4990580751298,7041.687540241497,0.0,0.0,803096.0296251664,10779.390772482371
2316,6424.02,6424.02,0,0.0019252285700882108,0,0,0,0,sell,True,0,0,0,0,-46.90768242254981,7041.687540241497,-495.9011482111073,803.4990580751298,7041.687540241497,0.0,0.0,803096.0296251664,10779.390772482371
2317,6410.06,6410.06,0,0.0012365972276678911,0,0,0,0,sell,True,0,0,0,0,-46.90768242254981,7041.687540241497,-516.554449410507,803.4990580751298,7041.687540241497,0.0,0.0,803096.0296251664,10779.390772482371
2318,6407.99,6407.99,0,0.0016468215087574868,0,0,0,0,sell,True,0,0,0,0,-46.90768242254981,7041.687540241497,-519.6169374823403,803.4990580751298,7041.687540241497,0.0,0.0,803096.0296251664,10779.390772482371
2319,6443.23,6443.23,0,0.0013671315285208932,0,0,0,0,sell,True,0,0,0,0,-46.90768242254981,7041.687540241497,-467.4806671193837,803.4990580751298,7041.687540241497,0.0,0.0,803096.0296251664,10779.390772482371
2320,6422.64,6422.64,0,0.0015472644214131821,0,0,0,0,sell,True,0,0,0,0,-46.90768242254981,7041.687540241497,-497.942806925661,803.4990580751298,7041.687540241497,0.0,0.0,803096.0296251664,10779.390772482371
2321,6424.97,6424.97,0,0.0018193407061321857,0,0,0,0,sell,True,0,0,0,0,-46.90768242254981,7041.687540241497,-494.4956585163054,803.4990580751298,7041.687540241497,0.0,0.0,803096.0296251664,10779.390772482371
2322,6403.0,6403.0,0,0.0018506567994855615,0,0,0,0,sell,True,0,0,0,0,-46.90768242254981,7041.687540241497,-526.99945703714,803.4990580751298,7041.687540241497,0.0,0.0,803096.0296251664,10779.390772482371
2323,6389.08,6389.08,0,0.0012284078954047824,0,0,0,0,sell,True,0,0,0,0,-46.90768242254981,7041.687540241497,-547.5935797230741,803.4990580751298,7041.687540241497,0.0,0.0,803096.0296251664,10779.390772482371
2324,6387.2,6387.2,0,0.0011619362534087095,0,0,0,0,sell,True,0,0,0,0,-46.90768242254981,7041.687540241497,-550.3749698559459,803.4990580751298,7041.687540241497,0.0,0.0,803096.0296251664,10779.390772482371
2325,6347.58,6347.58,0,0.0012256611092094237,0,0,0,0,sell,True,0,0,0,0,-46.90768242254981,7041.687540241497,-608.9912874433558,803.4990580751298,7041.687540241497,0.0,0.0,803096.0296251664,10779.390772482371
2326,6363.92,6363.92,0,0.0013918322912007185,0,0,0,0,sell,True,0,0,0,0,-46.90768242254981,7041.687540241497,-584.8168646927679,803.4990580751298,7041.687540241497,0.0,0.0,803096.0296251664,10779.390772482371
2327,6393.54,6393.54,0,0.0016041596047295143,0,0,0,0,sell,True,0,0,0,0,-46.90768242254981,7041.687540241497,-540.9951754716894,803.4990580751298,7041.687540241497,0.0,0.0,803096.0296251664,10779.390772482371
2328,6397.98,6397.98,0,0.0010877083222994434,0,0,0,0,sell,True,0,0,0,0,-46.90768242254981,7041.687540241497,-534.4263604770385,803.4990580751298,7041.687540241497,0.0,0.0,803096.0296251664,10779.390772482371
2329,6398.47,6398.47,0,0.0010442854969876666,0,0,0,0,sell,True,0,0,0,0,-46.90768242254981,7041.687540241497,-533.7014236870873,803.4990580751298,7041.687540241497,0.0,0.0,803096.0296251664,10779.390772482371
2330,6447.54,6447.54,0,0.0014676648689015443,0,0,0,0,sell,True,0,0,0,0,-46.90768242254981,7041.687540241497,-461.10418229349307,803.4990580751298,7041.687540241497,0.0,0.0,803096.0296251664,10779.390772482371
2331,6409.99,6409.99,0,0.001573887521671555,0,0,0,0,sell,True,0,0,0,0,-46.90768242254981,7041.687540241497,-516.6580118090733,803.4990580751298,7041.687540241497,0.0,0.0,803096.0296251664,10779.390772482371
2332,6403.55,6403.55,0,0.0012589882122620915,0,0,0,0,sell,True,0,0,0,0,-46.90768242254981,7041.687540241497,-526.1857524769912,803.4990580751298,7041.687540241497,0.0,0.0,803096.0296251664,10779.390772482371
2333,6400.59,6400.59,0,0.0012260482524347044,0,0,0,0,sell,True,0,0,0,0,-46.90768242254981,7041.687540241497,-530.5649624734251,803.4990580751298,7041.687540241497,0.0,0.0,803096.0296251664,10779.390772482371
2334,6390.5,6390.5,0,0.0015274838133182626,0,0,0,0,sell,True,0,0,0,0,-46.90768242254981,7041.687540241497,-545.4927424950547,803.4990580751298,7041.687540241497,0.0,0.0,803096.0296251664,10779.390772482371
2335,6409.01,6409.01,0,0.0017513710468119253,0,0,0,0,sell,True,0,0,0,0,-46.90768242254981,7041.687540241497,-518.1078853889721,803.4990580751298,7041.687540241497,0.0,0.0,803096.0296251664,10779.390772482371
2336,6446.83,6446.83,0,0.0018229245770267173,0,0,0,0,sell,True,0,0,0,0,-46.90768242254981,7041.687540241497,-462.15460090750275,803.4990580751298,7041.687540241497,0.0,0.0,803096.0296251664,10779.390772482371
2337,6444.82,6444.82,0,0.0018878786033979132,0,0,0,0,sell,True,0,0,0,0,-46.90768242254981,7041.687540241497,-465.12832120913663,803.4990580751298,7041.687540241497,0.0,0.0,803096.0296251664,10779.390772482371
2338,6455.83,6455.83,0,0.0011380052747618531,0,0,0,0,sell,True,0,0,0,0,-46.90768242254981,7041.687540241497,-448.83943537780397,803.4990580751298,7041.687540241497,0.0,0.0,803096.0296251664,10779.390772482371
2339,6449.23,6449.23,0,0.001475301045854883,0,0,0,0,sell,True,0,0,0,0,-46.90768242254981,7041.687540241497,-458.6038900995827,803.4990580751298,7041.687540241497,0.0,0.0,803096.0296251664,10779.390772482371
2340,6464.18,6464.18,0,0.0015714812116213019,0,0,0,0,hold,False,0,0,0,0,-46.90768242254981,7041.687540241497,-436.48592069191545,803.4990580751298,7041.687540241497,0.0,0.0,803096.0296251664,10779.390772482371
2341,6471.67,6471.67,0,0.0019769049487788496,0,0,0,0,sell,True,0,0,0,0,-46.90768242254981,7041.687540241497,-425.4047440455324,803.4990580751298,7041.687540241497,0.0,0.0,803096.0296251664,10779.390772482371
2342,6528.58,6528.58,0,0.0017807685829685956,0,0,0,0,sell,True,0,0,0,0,-46.90768242254981,7041.687540241497,-341.20851401273285,803.4990580751298,7041.687540241497,0.0,0.0,803096.0296251664,10779.390772482371
2343,6494.24,6494.24,0,0.0018786835716616303,0,0,0,0,sell,True,0,0,0,0,-46.90768242254981,7041.687540241497,-392.0132678227201,803.4990580751298,7041.687540241497,0.0,0.0,803096.0296251664,10779.390772482371
2344,6481.78,6481.78,0,0.0014257005191896182,0,0,0,0,sell,True,0,0,0,0,-46.90768242254981,7041.687540241497,-410.4473747671709,803.4990580751298,7041.687540241497,0.0,0.0,803096.0296251664,10779.390772482371
2345,6520.21,6520.21,0,0.0017443177273226468,0,0,0,0,sell,True,0,0,0,0,-46.90768242254981,7041.687540241497,-353.5916179553533,803.4990580751298,7041.687540241497,0.0,0.0,803096.0296251664,10779.390772482371
2346,6544.51,6544.51,0,0.0013650390666332937,0,0,0,0,sell,True,0,0,0,0,-46.90768242254981,7041.687540241497,-317.6406710251649,803.4990580751298,7041.687540241497,0.0,0.0,803096.0296251664,10779.390772482371
2347,6529.37,6529.37,0,0.0014708962395141194,0,0,0,0,hold,False,0,0,0,0,-46.90768242254981,7041.687540241497,-340.0397383717918,803.4990580751298,7041.687540241497,0.0,0.0,803096.0296251664,10779.390772482371
2348,6536.44,6536.44,0,0.0015607031156814383,0,0,0,0,sell,True,0,0,0,0,-46.90768242254981,7041.687540241497,-329.5799361167956,803.4990580751298,7041.687540241497,0.0,0.0,803096.0296251664,10779.390772482371
2349,6520.01,6520.01,0,0.0010547373928282333,0,0,0,0,sell,True,0,0,0,0,-46.90768242254981,7041.687540241497,-353.8875105226798,803.4990580751298,7041.687540241497,0.0,0.0,803096.0296251664,10779.390772482371
2350,6492.11,6492.11,0,0.0018855884305049402,0,0,0,0,sell,True,0,0,0,0,-46.90768242254981,7041.687540241497,-395.16452366474914,803.4990580751298,7041.687540241497,0.0,0.0,803096.0296251664,10779.390772482371
2351,6510.0,6517.04019189748,6523.563755653134,0.0010814426877849698,1.079423426212302,7041.687540241497,7.041687540241497,0,buy,False,0,0,0,0,-46.90768242254981,7027.046504642086,-368.69693351737806,810.5407456153713,0.0,1.079423426212302,7027.046504642086,810130.6754778677,10779.390772482371
2352,6476.81,6476.81,6523.563755653134,0.0018713136989613201,0,0,0,0,hold,False,0,0,-0.005098310291858619,0,-46.91278073284167,6991.2204411261,-417.8003050652369,810.5407456153713,0.0,1.079423426212302,6991.2204411261,810130.6754778677,10779.390772482371
2353,6469.87,6469.87,6523.563755653134,0.0018106424607020363,0,0,0,0,hold,False,0,0,-0.0010715151440293938,0,-46.913852247985695,6983.7292425481855,-428.0677771514729,810.5407456153713,0.0,1.079423426212302,6983.7292425481855,810130.6754778677,10779.390772482371
2354,6465.12,6465.12,6523.563755653134,0.0018963282678819105,0,0,0,0,hold,False,0,0,-0.0007341724022274761,0,-46.91458642038792,6978.601981273678,-435.09522562548045,810.5407456153713,0.0,1.079423426212302,6978.601981273678,810130.6754778677,10779.390772482371
2355,6508.03,6508.03,6523.563755653134,0.0011155966439545062,0,0,0,0,hold,False,0,0,0.006637154453436178,0,-46.907949265934484,7024.920040492447,-371.61147530554626,810.5407456153713,0.0,1.079423426212302,7024.920040492447,810130.6754778677,10779.390772482371
2356,6495.01,6495.01,6523.563755653134,0.0014372190297076465,0,0,0,0,hold,False,0,0,-0.0020006054059369294,0,-46.90994987134042,7010.865947483163,-390.874081438511,810.5407456153713,0.0,1.079423426212302,7010.865947483163,810130.6754778677,10779.390772482371
2357,6509.1,6509.1,6523.563755653134,0.0016903991045235905,0,0,0,0,hold,False,0,0,0.0021693577069165962,0,-46.907780513633504,7026.075023558495,-370.0284500703474,810.5407456153713,0.0,1.079423426212302,7026.075023558495,810130.6754778677,10779.390772482371
2358,6508.47,6508.47,6523.563755653134,0.001956633827332108,0,0,0,0,hold,False,0,0,-9.678757431903441e-05,0,-46.907877301207826,7025.394986799981,-370.96051165742756,810.5407456153713,0.0,1.079423426212302,7025.394986799981,810130.6754778677,10779.390772482371
2359,6482.51,6472.856033213871,0,0.0014892328413113323,1.079423426212302,6979.965484313936,6.986952436750687,-61.722055927561996,sell,False,0,0,-1.0,0,-47.907877301207826,6979.965484313936,-409.3673668964275,817.527698052122,6979.965484313936,0.0,0.0,817117.6279146184,10779.390772482371
2360,6476.28,6476.28,0,0.0014816909445809255,0,0,0,0,hold,False,0,0,0,0,-47.907877301207826,6979.965484313936,-418.5844203686538,817.527698052122,6979.965484313936,0.0,0.0,817117.6279146184,10779.390772482371
2361,6482.9,6482.9,0,0.0014553666884741887,0,0,0,0,hold,False,0,0,0,0,-47.907877301207826,6979.965484313936,-408.7903763901413,817.527698052122,6979.965484313936,0.0,0.0,817117.6279146184,10779.390772482371
2362,6461.17,6461.17,0,0.0017048334661971013,0,0,0,0,hold,False,0,0,0,0,-47.907877301207826,6979.965484313936,-440.9391038301819,817.527698052122,6979.965484313936,0.0,0.0,817117.6279146184,10779.390772482371
2363,6465.0,6465.0,0,0.001600131420781754,0,0,0,0,hold,False,0,0,0,0,-47.907877301207826,6979.965484313936,-435.27276116587564,817.527698052122,6979.965484313936,0.0,0.0,817117.6279146184,10779.390772482371
2364,6471.53,6471.53,0,0.0012953149781734902,0,0,0,0,hold,False,0,0,0,0,-47.907877301207826,6979.965484313936,-425.61186884266135,817.527698052122,6979.965484313936,0.0,0.0,817117.6279146184,10779.390772482371
2365,6473.71,6473.71,0,0.0013266876848908034,0,0,0,0,hold,False,0,0,0,0,-47.907877301207826,6979.965484313936,-422.38663985879975,817.527698052122,6979.965484313936,0.0,0.0,817117.6279146184,10779.390772482371
2366,6489.87,6489.87,0,0.001415371723497099,0,0,0,0,hold,False,0,0,0,0,-47.907877301207826,6979.965484313936,-398.4785204188065,817.527698052122,6979.965484313936,0.0,0.0,817117.6279146184,10779.390772482371
2367,6518.29,6518.29,0,0.0014919533280463412,0,0,0,0,hold,False,0,0,0,0,-47.907877301207826,6979.965484313936,-356.43218660168895,817.527698052122,6979.965484313936,0.0,0.0,817117.6279146184,10779.390772482371
2368,6512.59,6512.59,0,0.0011023450203984323,0,0,0,0,sell,True,0,0,0,0,-47.907877301207826,6979.965484313936,-364.86512477049837,817.527698052122,6979.965484313936,0.0,0.0,817117.6279146184,10779.390772482371
2369,6516.77,6516.77,0,0.0014514152746935112,0,0,0,0,sell,True,0,0,0,0,-47.907877301207826,6979.965484313936,-358.6809701133716,817.527698052122,6979.965484313936,0.0,0.0,817117.6279146184,10779.390772482371
2370,6498.97,6498.97,0,0.0015874244007327855,0,0,0,0,sell,True,0,0,0,0,-47.907877301207826,6979.965484313936,-385.01540860544264,817.527698052122,6979.965484313936,0.0,0.0,817117.6279146184,10779.390772482371
2371,6510.04,6510.04,0,0.0019314617751536945,0,0,0,0,hold,False,0,0,0,0,-47.907877301207826,6979.965484313936,-368.6377550039142,817.527698052122,6979.965484313936,0.0,0.0,817117.6279146184,10779.390772482371
2372,6509.85,6509.85,0,0.0014755380618893938,0,0,0,0,sell,True,0,0,0,0,-47.907877301207826,6979.965484313936,-368.91885294287385,817.527698052122,6979.965484313936,0.0,0.0,817117.6279146184,10779.390772482371
2373,6526.98,6526.98,0,0.0011054458183642796,0,0,0,0,sell,True,0,0,0,0,-47.907877301207826,6979.965484313936,-343.5756545513468,817.527698052122,6979.965484313936,0.0,0.0,817117.6279146184,10779.390772482371
2374,6669.36,6681.410527480103,6688.098626106208,0.0018068491549568587,1.0436397359734586,6979.965484313935,6.9799654843139365,0,buy,False,0,0,0,0,-47.907877301207826,6960.409109511947,-132.92973587150118,824.507663536436,9.094947017729282e-13,1.0436397359734586,6960.409109511946,824090.613433448,10779.390772482371
2375,6690.69,6690.69,6688.098626106208,0.0014537317032383553,0,0,0,0,hold,False,0,0,0.003198207923998618,0,-47.904679093283825,6982.66994508026,-101.37279356611361,824.507663536436,9.094947017729282e-13,1.0436397359734586,6982.669945080259,824090.613433448,10779.390772482371
2376,6719.57,6719.57,6688.098626106208,0.0010731144674829781,0,0,0,0,hold,False,0,0,0.0043164456879634956,0,-47.90036264759586,7012.810260655174,-58.64590684414361,824.507663536436,9.094947017729282e-13,1.0436397359734586,7012.810260655173,824090.613433448,10779.390772482371
2377,6674.87,6674.87,6688.098626106208,0.0013459506022336955,0,0,0,0,hold,False,0,0,-0.006652211376620749,0,-47.90701485897248,6966.159564457161,-124.77789564165141,824.507663536436,9.094947017729282e-13,1.0436397359734586,6966.15956445716,824090.613433448,10779.390772482371
2378,6689.13,6689.13,6688.098626106208,0.0010404007126934907,0,0,0,0,buy,True,0,0,0,0,-47.90701485897248,6981.041867092142,-103.6807555912601,824.507663536436,9.094947017729282e-13,1.0436397359734586,6981.041867092141,824090.613433448,10779.390772482371
2379,6710.0,6710.0,6688.098626106208,0.0015188341175072966,0,0,0,0,hold,False,0,0,0.0031199872031191954,0,-47.90389487176936,7002.8226283819085,-72.80436619072316,824.507663536436,9.094947017729282e-13,1.0436397359734586,7002.822628381908,824090.613433448,10779.390772482371
2380,6722.01,6722.01,6688.098626106208,0.001879562843236939,0,0,0,0,hold,False,0,0,0.0017898658718331073,0,-47.902105005897525,7015.35674161095,-55.0360175227579,824.507663536436,9.094947017729282e-13,1.0436397359734586,7015.356741610949,824090.613433448,10779.390772482371
2381,6697.0,6697.0,6688.098626106208,0.0011449226226175565,0,0,0,0,hold,False,0,0,-0.0037206133284539145,0,-47.90582561922598,6989.255311814253,-92.03738306695595,824.507663536436,9.094947017729282e-13,1.0436397359734586,6989.255311814252,824090.613433448,10779.390772482371
2382,6702.26,6702.26,6688.098626106208,0.0018444918937083315,0,0,0,0,hold,False,0,0,0.0007854263102882468,0,-47.90504019291569,6994.744856825474,-84.25540854626524,824.507663536436,9.094947017729282e-13,1.0436397359734586,6994.744856825473,824090.613433448,10779.390772482371
2383,6715.67,6715.67,6688.098626106208,0.0019102268554122735,0,0,0,0,buy,True,0,0,0,0,-47.90504019291569,7008.740065684878,-64.41581190701254,824.507663536436,9.094947017729282e-13,1.0436397359734586,7008.740065684877,824090.613433448,10779.390772482371
2384,6720.5,6720.5,6688.098626106208,0.0015786424857316237,0,0,0,0,hold,False,0,0,0.0007192134217434175,0,-47.904320979493946,7013.780845609629,-57.27000640607366,824.507663536436,9.094947017729282e-13,1.0436397359734586,7013.780845609628,824090.613433448,10779.390772482371
2385,6735.03,6735.03,6688.098626106208,0.001100521670121293,0,0,0,0,hold,False,0,0,0.002162041514768273,0,-47.90215893797918,7028.944930973324,-35.77341138979318,824.507663536436,9.094947017729282e-13,1.0436397359734586,7028.944930973323,824090.613433448,10779.390772482371
2386,6788.99,6788.99,6688.098626106208,0.0015924386862117335,0,0,0,0,hold,False,0,0,0.008011842560463762,0,-47.89414709541872,7085.259731126452,44.05840327493752,824.507663536436,9.094947017729282e-13,1.0436397359734586,7085.259731126451,824090.613433448,10779.390772482371
2387,6731.65,6731.65,6688.098626106208,0.0012072834800254254,0,0,0,0,hold,False,0,0,-0.008446028054246667,0,-47.90259312347296,7025.4174286657335,-40.77399577761389,824.507663536436,9.094947017729282e-13,1.0436397359734586,7025.417428665733,824090.613433448,10779.390772482371
2388,6657.57,6657.57,6688.098626106208,0.001627623870912922,0,0,0,0,hold,False,0,0,-0.01100473138086502,0,-47.913597854853826,6948.10459702482,-150.37260271540617,824.507663536436,9.094947017729282e-13,1.0436397359734586,6948.104597024819,824090.613433448,10779.390772482371
2389,6654.84,6654.84,6688.098626106208,0.001147589365087473,0,0,0,0,hold,False,0,0,-0.000410059526223471,0,-47.91400791438005,6945.255460545613,-154.4115362594148,824.507663536436,9.094947017729282e-13,1.0436397359734586,6945.255460545612,824090.613433448,10779.390772482371
2390,6657.73,6657.73,6688.098626106208,0.0019427799273903526,0,0,0,0,hold,False,0,0,0.00043427039568176047,0,-47.91357364398437,6948.271579382575,-150.13588866154532,824.507663536436,9.094947017729282e-13,1.0436397359734586,6948.271579382574,824090.613433448,10779.390772482371
2391,6608.9,6608.9,6688.098626106208,0.001263368911135205,0,0,0,0,hold,False,0,0,-0.007334331671605697,0,-47.92090797565598,6897.310651074991,-222.3780589743492,824.507663536436,9.094947017729282e-13,1.0436397359734586,6897.31065107499,824090.613433448,10779.390772482371
2392,6654.91,6654.91,6688.098626106208,0.0016010039423014497,0,0,0,0,buy,True,0,0,0,0,-47.92090797565598,6945.32851532713,-154.30797386085032,824.507663536436,9.094947017729282e-13,1.0436397359734586,6945.328515327129,824090.613433448,10779.390772482371
2393,6664.38,6664.38,6688.098626106208,0.0012874229522512614,0,0,0,0,hold,False,0,0,0.001423009477213115,0,-47.919484966178764,6955.211783626799,-140.29746079793404,824.507663536436,9.094947017729282e-13,1.0436397359734586,6955.211783626798,824090.613433448,10779.390772482371
2394,6672.99,6672.99,6688.098626106208,0.001979182587863332,0,0,0,0,hold,False,0,0,0.0012919431364957668,0,-47.91819302304227,6964.19752175353,-127.55928577452141,824.507663536436,9.094947017729282e-13,1.0436397359734586,6964.197521753529,824090.613433448,10779.390772482371
2395,6655.19,6655.19,6688.098626106208,0.0019691840936119113,0,0,0,0,hold,False,0,0,-0.0026674699047953433,0,-47.920860492947064,6945.620734453202,-153.8937242665943,824.507663536436,9.094947017729282e-13,1.0436397359734586,6945.620734453201,824090.613433448,10779.390772482371
2396,6656.27,6656.27,6688.098626106208,0.0012386714644507975,0,0,0,0,hold,False,0,0,0.0001622793639251483,0,-47.92069821358314,6946.747865368055,-152.29590440302854,824.507663536436,9.094947017729282e-13,1.0436397359734586,6946.747865368054,824090.613433448,10779.390772482371
2397,6650.21,6650.21,6688.098626106208,0.001571297575047316,0,0,0,0,hold,False,0,0,-0.0009104197996775883,0,-47.92160863338282,6940.4234085680555,-161.26144919302715,824.507663536436,9.094947017729282e-13,1.0436397359734586,6940.423408568055,824090.613433448,10779.390772482371
2398,6684.0,6684.0,6688.098626106208,0.0017456060918044428,0,0,0,0,hold,False,0,0,0.005081042553543311,0,-47.916527590829276,6975.687995246598,-111.27039994318875,824.507663536436,9.094947017729282e-13,1.0436397359734586,6975.687995246597,824090.613433448,10779.390772482371
2399,6659.01,6659.01,6688.098626106208,0.0011902104278191355,0,0,0,0,hold,False,0,0,-0.0037387791741471926,0,-47.920266370003425,6949.607438244621,-148.24217623065488,824.507663536436,9.094947017729282e-13,1.0436397359734586,6949.60743824462,824090.613433448,10779.390772482371
2400,6652.35,6652.35,6688.098626106208,0.0017726550839235829,0,0,0,0,buy,True,0,0,0,0,-47.920266370003425,6942.656797603038,-158.09539872263122,824.507663536436,9.094947017729282e-13,1.0436397359734586,6942.656797603037,824090.613433448,10779.390772482371
2401,6633.81,6633.81,6688.098626106208,0.0018262783296363347,0,0,0,0,hold,False,0,0,-0.0027869850503956612,0,-47.923053355053824,6923.307716898091,-185.52463971381258,824.507663536436,9.094947017729282e-13,1.0436397359734586,6923.30771689809,824090.613433448,10779.390772482371
2402,6634.58,6634.58,6688.098626106208,0.0010705608580961858,0,0,0,0,hold,False,0,0,0.00011607206115337386,0,-47.92293728299267,6924.11131949479,-184.3854533296053,824.507663536436,9.094947017729282e-13,1.0436397359734586,6924.111319494789,824090.613433448,10779.390772482371
2403,6624.48,6624.48,6688.098626106208,0.0014628156412023214,0,0,0,0,hold,False,0,0,-0.001522326959656945,0,-47.92445960995233,6913.5705581614575,-199.32802797960176,824.507663536436,9.094947017729282e-13,1.0436397359734586,6913.570558161457,824090.613433448,10779.390772482371
2404,6490.01,6478.12331099102,0,0.001831536316427907,1.0436397359734586,6754.066074984289,6.760826901886176,-225.8994093296451,sell,False,0,0,-1.0,0,-48.92445960995233,6754.06607498429,-398.2713956216776,831.2684904383221,6754.06607498429,0.0,0.0,830851.4403353342,10779.390772482371
2405,6514.99,6514.99,0,0.0019582098239424423,0,0,0,0,sell,True,0,0,0,0,-48.92445960995233,6754.06607498429,-361.3144139625783,831.2684904383221,6754.06607498429,0.0,0.0,830851.4403353342,10779.390772482371
2406,6500.89,6500.89,0,0.0018711720467163742,0,0,0,0,sell,True,0,0,0,0,-48.92445960995233,6754.06607498429,-382.174839959107,831.2684904383221,6754.06607498429,0.0,0.0,830851.4403353342,10779.390772482371
2407,6509.0,6509.0,0,0.0015783719071018611,0,0,0,0,sell,True,0,0,0,0,-48.92445960995233,6754.06607498429,-370.17639635401247,831.2684904383221,6754.06607498429,0.0,0.0,830851.4403353342,10779.390772482371
2408,6505.54,6505.54,0,0.0017660039272745895,0,0,0,0,sell,True,0,0,0,0,-48.92445960995233,6754.06607498429,-375.2953377687627,831.2684904383221,6754.06607498429,0.0,0.0,830851.4403353342,10779.390772482371
2409,6513.97,6513.97,0,0.0018050912873449915,0,0,0,0,hold,False,0,0,0,0,-48.92445960995233,6754.06607498429,-362.82346605594466,831.2684904383221,6754.06607498429,0.0,0.0,830851.4403353342,10779.390772482371
2410,6545.81,6545.81,0,0.001353307161342582,0,0,0,0,hold,False,0,0,0,0,-48.92445960995233,6754.06607498429,-315.71736933754073,831.2684904383221,6754.06607498429,0.0,0.0,830851.4403353342,10779.390772482371
2411,6541.1,6541.1,0,0.0019399423107863524,0,0,0,0,sell,True,0,0,0,0,-48.92445960995233,6754.06607498429,-322.6856392980826,831.2684904383221,6754.06607498429,0.0,0.0,830851.4403353342,10779.390772482371
2412,6554.99,6554.99,0,0.001071448658973289,0,0,0,0,sell,True,0,0,0,0,-48.92445960995233,6754.06607498429,-302.13590049724735,831.2684904383221,6754.06607498429,0.0,0.0,830851.4403353342,10779.390772482371
2413,6563.91,6563.91,0,0.0018081980686941335,0,0,0,0,sell,True,0,0,0,0,-48.92445960995233,6754.06607498429,-288.9390919944799,831.2684904383221,6754.06607498429,0.0,0.0,830851.4403353342,10779.390772482371
2414,6584.96,6584.96,0,0.0014685142492480482,0,0,0,0,sell,True,0,0,0,0,-48.92445960995233,6754.06607498429,-257.79639928334836,831.2684904383221,6754.06607498429,0.0,0.0,830851.4403353342,10779.390772482371
2415,6583.0,6590.054411945286,6596.651063008295,0.0010716105036132322,1.0238628677600856,6754.06607498429,6.75406607498429,0,buy,False,0,0,0,0,-48.92445960995233,6740.0892584646435,-260.6961464431497,838.0225565133064,0.0,1.0238628677600856,6740.0892584646435,837598.7523442435,10779.390772482371
2416,6569.86,6569.86,6596.651063008295,0.0018106016129627474,0,0,0,0,hold,False,0,0,-0.0019960504329333295,0,-48.926455660385265,6726.635700382276,-280.1362881165114,838.0225565133064,0.0,1.0238628677600856,6726.635700382276,837598.7523442435,10779.390772482371
2417,6561.48,6561.48,6596.651063008295,0.0016652714931971592,0,0,0,0,hold,False,0,0,-0.0012755218528249413,0,-48.92773118223809,6718.055729550446,-292.53418668749873,838.0225565133064,0.0,1.0238628677600856,6718.055729550446,837598.7523442435,10779.390772482371
2418,6589.01,6589.01,6596.651063008295,0.0017294939610455417,0,0,0,0,hold,False,0,0,0.004195699750666195,0,-48.923535482487424,6746.242674299882,-251.80457479498364,838.0225565133064,0.0,1.0238628677600856,6746.242674299882,837598.7523442435,10779.390772482371
2419,6559.96,6559.96,6596.651063008295,0.0019422869251209192,0,0,0,0,hold,False,0,0,-0.004408856565705746,0,-48.92794433905313,6716.499457991451,-294.78297019917954,838.0225565133064,0.0,1.0238628677600856,6716.499457991451,837598.7523442435,10779.390772482371
2420,6593.0,6593.0,6596.651063008295,0.0014334346926091488,0,0,0,0,hold,False,0,0,0.005036616076927332,0,-48.9229077229762,6750.327887142244,-245.9015180768165,838.0225565133064,0.0,1.0238628677600856,6750.327887142244,837598.7523442435,10779.390772482371
2421,6592.03,6592.03,6596.651063008295,0.0013576225138317004,0,0,0,0,hold,False,0,0,-0.00014712573942062638,0,-48.923054848715616,6749.334740160517,-247.33659702835212,838.0225565133064,0.0,1.0238628677600856,6749.334740160517,837598.7523442435,10779.390772482371
2422,6588.59,6581.172373431012,0,0.0011258291332422558,1.0238628677600856,6731.4798014650405,6.738218019484525,-22.586273519249517,sell,False,0,0,-1.0,0,-49.923054848715616,6731.4798014650405,-252.4259491863686,844.760774532791,6731.4798014650405,0.0,0.0,844336.970363728,10779.390772482371
2423,6595.05,6595.05,0,0.001163785701525834,0,0,0,0,hold,False,0,0,0,0,-49.923054848715616,6731.4798014650405,-242.86861926171878,844.760774532791,6731.4798014650405,0.0,0.0,844336.970363728,10779.390772482371
2424,6598.93,6598.93,0,0.0017803525873542842,0,0,0,0,sell,True,0,0,0,0,-49.923054848715616,6731.4798014650405,-237.12830345558177,844.760774532791,6731.4798014650405,0.0,0.0,844336.970363728,10779.390772482371
2425,6606.54,6606.54,0,0.0019714824765522773,0,0,0,0,sell,True,0,0,0,0,-49.923054848715616,6731.4798014650405,-225.86959126880174,844.760774532791,6731.4798014650405,0.0,0.0,844336.970363728,10779.390772482371
2426,6596.38,6596.38,0,0.0011697643993135898,0,0,0,0,sell,True,0,0,0,0,-49.923054848715616,6731.4798014650405,-240.9009336889958,844.760774532791,6731.4798014650405,0.0,0.0,844336.970363728,10779.390772482371
2427,6577.3,6577.3,0,0.001251449052621318,0,0,0,0,sell,True,0,0,0,0,-49.923054848715616,6731.4798014650405,-269.1290846119591,844.760774532791,6731.4798014650405,0.0,0.0,844336.970363728,10779.390772482371
2428,6595.48,6595.48,0,0.00153495406353741,0,0,0,0,sell,True,0,0,0,0,-49.923054848715616,6731.4798014650405,-242.23245024196694,844.760774532791,6731.4798014650405,0.0,0.0,844336.970363728,10779.390772482371
2429,6575.16,6575.16,0,0.0019880764432743487,0,0,0,0,sell,True,0,0,0,0,-49.923054848715616,6731.4798014650405,-272.29513508235505,844.760774532791,6731.4798014650405,0.0,0.0,844336.970363728,10779.390772482371
2430,6580.0,6580.0,0,0.0011096415240971302,0,0,0,0,hold,False,0,0,0,0,-49.923054848715616,6731.4798014650405,-265.1345349530493,844.760774532791,6731.4798014650405,0.0,0.0,844336.970363728,10779.390772482371
2431,6552.49,6552.49,0,0.0013497121518045426,0,0,0,0,sell,True,0,0,0,0,-49.923054848715616,6731.4798014650405,-305.83455758883065,844.760774532791,6731.4798014650405,0.0,0.0,844336.970363728,10779.390772482371
2432,6564.03,6564.03,0,0.0017460461630905261,0,0,0,0,sell,True,0,0,0,0,-49.923054848715616,6731.4798014650405,-288.7615564540829,844.760774532791,6731.4798014650405,0.0,0.0,844336.970363728,10779.390772482371
2433,6583.68,6583.68,0,0.0019429340493346946,0,0,0,0,sell,True,0,0,0,0,-49.923054848715616,6731.4798014650405,-259.6901117142388,844.760774532791,6731.4798014650405,0.0,0.0,844336.970363728,10779.390772482371
2434,6577.75,6577.75,0,0.0014557656298845117,0,0,0,0,sell,True,0,0,0,0,-49.923054848715616,6731.4798014650405,-268.46332633547354,844.760774532791,6731.4798014650405,0.0,0.0,844336.970363728,10779.390772482371
2435,6588.03,6588.03,0,0.001597035533959539,0,0,0,0,sell,True,0,0,0,0,-49.923054848715616,6731.4798014650405,-253.2544483748843,844.760774532791,6731.4798014650405,0.0,0.0,844336.970363728,10779.390772482371
2436,6587.74,6587.74,0,0.0013306433351650947,0,0,0,0,sell,True,0,0,0,0,-49.923054848715616,6731.4798014650405,-253.68349259750903,844.760774532791,6731.4798014650405,0.0,0.0,844336.970363728,10779.390772482371
2437,6637.98,6637.98,0,0.0017023146613125394,0,0,0,0,sell,True,0,0,0,0,-49.923054848715616,6731.4798014650405,-179.35527968505266,844.760774532791,6731.4798014650405,0.0,0.0,844336.970363728,10779.390772482371
2438,6627.93,6627.93,0,0.0010148814698975014,0,0,0,0,sell,True,0,0,0,0,-49.923054848715616,6731.4798014650405,-194.22388119321658,844.760774532791,6731.4798014650405,0.0,0.0,844336.970363728,10779.390772482371
2439,6632.0,6632.0,0,0.0017831657765029541,0,0,0,0,sell,True,0,0,0,0,-49.923054848715616,6731.4798014650405,-188.20246744811993,844.760774532791,6731.4798014650405,0.0,0.0,844336.970363728,10779.390772482371
2440,6642.03,6642.03,0,0.0010081096997303386,0,0,0,0,sell,True,0,0,0,0,-49.923054848715616,6731.4798014650405,-173.36345519668794,844.760774532791,6731.4798014650405,0.0,0.0,844336.970363728,10779.390772482371
2441,6653.3,6653.3,0,0.0015994460605677867,0,0,0,0,sell,True,0,0,0,0,-49.923054848715616,6731.4798014650405,-156.68990902782934,844.760774532791,6731.4798014650405,0.0,0.0,844336.970363728,10779.390772482371
2442,6607.29,6607.29,0,0.0017105062635556212,0,0,0,0,sell,True,0,0,0,0,-49.923054848715616,6731.4798014650405,-224.7599941413282,844.760774532791,6731.4798014650405,0.0,0.0,844336.970363728,10779.390772482371
2443,6624.91,6624.91,0,0.0016132641163282841,0,0,0,0,sell,True,0,0,0,0,-49.923054848715616,6731.4798014650405,-198.69185895984992,844.760774532791,6731.4798014650405,0.0,0.0,844336.970363728,10779.390772482371
2444,6619.7,6619.7,0,0.001323416789574303,0,0,0,0,sell,True,0,0,0,0,-49.923054848715616,6731.4798014650405,-206.3998603387081,844.760774532791,6731.4798014650405,0.0,0.0,844336.970363728,10779.390772482371
2445,6624.03,6624.03,0,0.001384429688505176,0,0,0,0,sell,True,0,0,0,0,-49.923054848715616,6731.4798014650405,-199.99378625608733,844.760774532791,6731.4798014650405,0.0,0.0,844336.970363728,10779.390772482371
2446,6603.95,6603.95,0,0.0019669774038770034,0,0,0,0,hold,False,0,0,0,0,-49.923054848715616,6731.4798014650405,-229.70140001568325,844.760774532791,6731.4798014650405,0.0,0.0,844336.970363728,10779.390772482371
2447,6580.85,6580.85,0,0.0016323143929580525,0,0,0,0,sell,True,0,0,0,0,-49.923054848715616,6731.4798014650405,-263.8769915419107,844.760774532791,6731.4798014650405,0.0,0.0,844336.970363728,10779.390772482371
2448,6590.01,6590.01,0,0.0011077737158932707,0,0,0,0,sell,True,0,0,0,0,-49.923054848715616,6731.4798014650405,-250.32511195834923,844.760774532791,6731.4798014650405,0.0,0.0,844336.970363728,10779.390772482371
2449,6634.98,6634.98,0,0.0010986631515701017,0,0,0,0,sell,True,0,0,0,0,-49.923054848715616,6731.4798014650405,-183.79366819495226,844.760774532791,6731.4798014650405,0.0,0.0,844336.970363728,10779.390772482371
2450,6626.57,6626.57,0,0.0012015491870451956,0,0,0,0,sell,True,0,0,0,0,-49.923054848715616,6731.4798014650405,-196.23595065103837,844.760774532791,6731.4798014650405,0.0,0.0,844336.970363728,10779.390772482371
2451,6647.88,6647.88,0,0.001996441973174947,0,0,0,0,sell,True,0,0,0,0,-49.923054848715616,6731.4798014650405,-164.70859760238272,844.760774532791,6731.4798014650405,0.0,0.0,844336.970363728,10779.390772482371
2452,6637.85,6637.85,0,0.0015406967352176205,0,0,0,0,sell,True,0,0,0,0,-49.923054848715616,6731.4798014650405,-179.54760985381472,844.760774532791,6731.4798014650405,0.0,0.0,844336.970363728,10779.390772482371
2453,6644.72,6644.72,0,0.0016591136730400085,0,0,0,0,sell,True,0,0,0,0,-49.923054848715616,6731.4798014650405,-169.38370016614317,844.760774532791,6731.4798014650405,0.0,0.0,844336.970363728,10779.390772482371
2454,6644.61,6644.61,0,0.0016685478471639968,0,0,0,0,sell,True,0,0,0,0,-49.923054848715616,6731.4798014650405,-169.5464410781733,844.760774532791,6731.4798014650405,0.0,0.0,844336.970363728,10779.390772482371
2455,6641.94,6641.94,0,0.0011773034522054534,0,0,0,0,sell,True,0,0,0,0,-49.923054848715616,6731.4798014650405,-173.49660685198432,844.760774532791,6731.4798014650405,0.0,0.0,844336.970363728,10779.390772482371
2456,6629.12,6629.12,0,0.0018359939891349109,0,0,0,0,sell,True,0,0,0,0,-49.923054848715616,6731.4798014650405,-192.46332041762253,844.760774532791,6731.4798014650405,0.0,0.0,844336.970363728,10779.390772482371
2457,6635.0,6635.0,0,0.0015705324582050045,0,0,0,0,sell,True,0,0,0,0,-49.923054848715616,6731.4798014650405,-183.76407893821852,844.760774532791,6731.4798014650405,0.0,0.0,844336.970363728,10779.390772482371
2458,6604.81,6604.81,0,0.0012613644708776696,0,0,0,0,sell,True,0,0,0,0,-49.923054848715616,6731.4798014650405,-228.42906197617776,844.760774532791,6731.4798014650405,0.0,0.0,844336.970363728,10779.390772482371
2459,6631.93,6631.93,0,0.0015238419130898804,0,0,0,0,sell,True,0,0,0,0,-49.923054848715616,6731.4798014650405,-188.30602984668258,844.760774532791,6731.4798014650405,0.0,0.0,844336.970363728,10779.390772482371
2460,6615.07,6615.07,0,0.0013313943057878547,0,0,0,0,sell,True,0,0,0,0,-49.923054848715616,6731.4798014650405,-213.24977327232045,844.760774532791,6731.4798014650405,0.0,0.0,844336.970363728,10779.390772482371
2461,6583.33,6583.33,0,0.001289236074551585,0,0,0,0,sell,True,0,0,0,0,-49.923054848715616,6731.4798014650405,-260.2079237070611,844.760774532791,6731.4798014650405,0.0,0.0,844336.970363728,10779.390772482371
2462,6595.0,6605.467583613133,6612.0796632764095,0.0015871999413392983,1.0180578795581943,6731.4798014650405,6.731479801465041,0,buy,False,0,0,0,0,-49.923054848715616,6714.0917156862915,-242.9425924035495,851.492254334256,0.0,1.0180578795581943,6714.0917156862915,851061.7186853916,10779.390772482371
2463,6604.0,6595.393569151972,0,0.0013032148467638377,1.0180578795581943,6707.777899470745,6.714492391862607,-23.70190199429544,sell,False,0,0,-1.0,0,-50.923054848715616,6707.777899470745,-229.6274268738507,858.2067467261186,6707.777899470745,0.0,0.0,857776.2110772541,10779.390772482371
2464,6565.0,6565.0,0,0.001084038673738203,0,0,0,0,sell,True,0,0,0,0,-50.923054848715616,6707.777899470745,-287.3264775025491,858.2067467261186,6707.777899470745,0.0,0.0,857776.2110772541,10779.390772482371
2465,6567.97,6567.97,0,0.0012207494386115034,0,0,0,0,sell,True,0,0,0,0,-50.923054848715616,6707.777899470745,-282.9324728777465,858.2067467261186,6707.777899470745,0.0,0.0,857776.2110772541,10779.390772482371
2466,6569.92,6569.92,0,0.0011674787732721885,0,0,0,0,sell,True,0,0,0,0,-50.923054848715616,6707.777899470745,-280.047520346312,858.2067467261186,6707.777899470745,0.0,0.0,857776.2110772541,10779.390772482371
2467,6592.0,6592.0,0,0.0013401373175470357,0,0,0,0,sell,True,0,0,0,0,-50.923054848715616,6707.777899470745,-247.3809809134509,858.2067467261186,6707.777899470745,0.0,0.0,857776.2110772541,10779.390772482371
2468,6590.25,6590.25,0,0.0014388735424799182,0,0,0,0,sell,True,0,0,0,0,-50.923054848715616,6707.777899470745,-249.97004087755886,858.2067467261186,6707.777899470745,0.0,0.0,857776.2110772541,10779.390772482371
2469,6592.82,6592.82,0,0.0015439441163430541,0,0,0,0,sell,True,0,0,0,0,-50.923054848715616,6707.777899470745,-246.1678213874111,858.2067467261186,6707.777899470745,0.0,0.0,857776.2110772541,10779.390772482371
2470,6587.91,6587.91,0,0.0017739547094066345,0,0,0,0,sell,True,0,0,0,0,-50.923054848715616,6707.777899470745,-253.4319839152813,858.2067467261186,6707.777899470745,0.0,0.0,857776.2110772541,10779.390772482371
2471,6581.13,6581.13,0,0.0012155974931025118,0,0,0,0,sell,True,0,0,0,0,-50.923054848715616,6707.777899470745,-263.46274194765283,858.2067467261186,6707.777899470745,0.0,0.0,857776.2110772541,10779.390772482371
2472,6600.01,6600.01,0,0.0019267176688400733,0,0,0,0,sell,True,0,0,0,0,-50.923054848715616,6707.777899470745,-235.53048359201784,858.2067467261186,6707.777899470745,0.0,0.0,857776.2110772541,10779.390772482371
2473,6594.38,6594.38,0,0.0019261499878702659,0,0,0,0,sell,True,0,0,0,0,-50.923054848715616,6707.777899470745,-243.8598593622628,858.2067467261186,6707.777899470745,0.0,0.0,857776.2110772541,10779.390772482371
2474,6611.61,6611.61,0,0.0010890279535213127,0,0,0,0,hold,False,0,0,0,0,-50.923054848715616,6707.777899470745,-218.3687146870725,858.2067467261186,6707.777899470745,0.0,0.0,857776.2110772541,10779.390772482371
2475,6589.96,6589.96,0,0.0011148959895821335,0,0,0,0,hold,False,0,0,0,0,-50.923054848715616,6707.777899470745,-250.39908510018176,858.2067467261186,6707.777899470745,0.0,0.0,857776.2110772541,10779.390772482371
2476,6617.0,6617.0,0,0.0011637762519516488,0,0,0,0,sell,True,0,0,0,0,-50.923054848715616,6707.777899470745,-210.3944099976179,858.2067467261186,6707.777899470745,0.0,0.0,857776.2110772541,10779.390772482371
2477,6620.05,6620.05,0,0.0011580214436679775,0,0,0,0,sell,True,0,0,0,0,-50.923054848715616,6707.777899470745,-205.88204834588578,858.2067467261186,6707.777899470745,0.0,0.0,857776.2110772541,10779.390772482371
2478,6606.02,6606.02,0,0.0014546482584302507,0,0,0,0,sell,True,0,0,0,0,-50.923054848715616,6707.777899470745,-226.63891194385178,858.2067467261186,6707.777899470745,0.0,0.0,857776.2110772541,10779.390772482371
2479,6617.96,6617.96,0,0.0017836100980274862,0,0,0,0,sell,True,0,0,0,0,-50.923054848715616,6707.777899470745,-208.974125674451,858.2067467261186,6707.777899470745,0.0,0.0,857776.2110772541,10779.390772482371
2480,6616.37,6628.868096040449,6635.503599640089,0.0018889657078502852,1.0108920594715036,6707.777899470745,6.707777899470745,0,buy,False,0,0,0,0,-50.923054848715616,6688.435895525472,-211.32647158469808,864.9145246255894,0.0,1.0108920594715036,6688.435895525472,864477.2811988255,10779.390772482371
2481,6606.0,6598.406714905458,0,0.001149452784520482,1.0108920594715036,6663.606676308116,6.670276953261378,-44.17122316262976,sell,False,0,0,-1.0,0,-51.923054848715616,6663.606676308116,-226.6685012005837,871.5848015788507,6663.606676308116,0.0,0.0,871147.5581520868,10779.390772482371
2482,6606.86,6606.86,0,0.0018785658628040578,0,0,0,0,sell,True,0,0,0,0,-51.923054848715616,6663.606676308116,-225.39616316108004,871.5848015788507,6663.606676308116,0.0,0.0,871147.5581520868,10779.390772482371
2483,6602.06,6602.06,0,0.00123309638093844,0,0,0,0,sell,True,0,0,0,0,-51.923054848715616,6663.606676308116,-232.4975847769183,871.5848015788507,6663.606676308116,0.0,0.0,871147.5581520868,10779.390772482371
2484,6581.98,6581.98,0,0.0017013728443893705,0,0,0,0,sell,True,0,0,0,0,-51.923054848715616,6663.606676308116,-262.20519853651604,871.5848015788507,6663.606676308116,0.0,0.0,871147.5581520868,10779.390772482371
2485,6590.99,6590.99,0,0.0014781238945209675,0,0,0,0,sell,True,0,0,0,0,-51.923054848715616,6663.606676308116,-248.87523837845038,871.5848015788507,6663.606676308116,0.0,0.0,871147.5581520868,10779.390772482371
2486,6572.01,6572.01,0,0.0014612934307238741,0,0,0,0,sell,True,0,0,0,0,-51.923054848715616,6663.606676308116,-276.9554430177486,871.5848015788507,6663.606676308116,0.0,0.0,871147.5581520868,10779.390772482371
2487,6577.68,6577.68,0,0.0010799306868118565,0,0,0,0,sell,True,0,0,0,0,-51.923054848715616,6663.606676308116,-268.566888734038,871.5848015788507,6663.606676308116,0.0,0.0,871147.5581520868,10779.390772482371
2488,6574.01,6574.01,0,0.001385680383344925,0,0,0,0,sell,True,0,0,0,0,-51.923054848715616,6663.606676308116,-273.9965173444816,871.5848015788507,6663.606676308116,0.0,0.0,871147.5581520868,10779.390772482371
2489,6548.73,6548.73,0,0.0012827661800444254,0,0,0,0,sell,True,0,0,0,0,-51.923054848715616,6663.606676308116,-311.39733785457247,871.5848015788507,6663.606676308116,0.0,0.0,871147.5581520868,10779.390772482371
2490,6555.8,6555.8,0,0.0017873956389254748,0,0,0,0,sell,True,0,0,0,0,-51.923054848715616,6663.606676308116,-300.9375355995744,871.5848015788507,6663.606676308116,0.0,0.0,871147.5581520868,10779.390772482371
2491,6541.07,6541.07,0,0.0012023826482066003,0,0,0,0,sell,True,0,0,0,0,-51.923054848715616,6663.606676308116,-322.7300231831832,871.5848015788507,6663.606676308116,0.0,0.0,871147.5581520868,10779.390772482371
2492,6543.63,6543.63,0,0.001196145349401774,0,0,0,0,sell,True,0,0,0,0,-51.923054848715616,6663.606676308116,-318.94259832140233,871.5848015788507,6663.606676308116,0.0,0.0,871147.5581520868,10779.390772482371
2493,6572.01,6572.01,0,0.0015651853407782378,0,0,0,0,sell,True,0,0,0,0,-51.923054848715616,6663.606676308116,-276.9554430177486,871.5848015788507,6663.606676308116,0.0,0.0,871147.5581520868,10779.390772482371
2494,6564.11,6564.11,0,0.0015077054687445911,0,0,0,0,sell,True,0,0,0,0,-51.923054848715616,6663.606676308116,-288.6431994271534,871.5848015788507,6663.606676308116,0.0,0.0,871147.5581520868,10779.390772482371
2495,6562.28,6562.28,0,0.001208412108143552,0,0,0,0,sell,True,0,0,0,0,-51.923054848715616,6663.606676308116,-291.35061641819084,871.5848015788507,6663.606676308116,0.0,0.0,871147.5581520868,10779.390772482371
2496,6570.22,6570.22,0,0.0015322113143544467,0,0,0,0,sell,True,0,0,0,0,-51.923054848715616,6663.606676308116,-279.60368149532223,871.5848015788507,6663.606676308116,0.0,0.0,871147.5581520868,10779.390772482371
2497,6577.28,6577.28,0,0.0010242830234425532,0,0,0,0,sell,True,0,0,0,0,-51.923054848715616,6663.606676308116,-269.15867386869286,871.5848015788507,6663.606676308116,0.0,0.0,871147.5581520868,10779.390772482371
2498,6525.79,6525.79,0,0.0010180157945720316,0,0,0,0,sell,True,0,0,0,0,-51.923054848715616,6663.606676308116,-345.33621532693905,871.5848015788507,6663.606676308116,0.0,0.0,871147.5581520868,10779.390772482371
2499,6544.31,6544.31,0,0.00179176445362289,0,0,0,0,sell,True,0,0,0,0,-51.923054848715616,6663.606676308116,-317.9365635924896,871.5848015788507,6663.606676308116,0.0,0.0,871147.5581520868,10779.390772482371
2500,6528.01,6528.01,0,0.0015947782146608748,0,0,0,0,sell,True,0,0,0,0,-51.923054848715616,6663.606676308116,-342.0518078296136,871.5848015788507,6663.606676308116,0.0,0.0,871147.5581520868,10779.390772482371
2501,6500.1,6500.1,0,0.0016718084733735932,0,0,0,0,sell,True,0,0,0,0,-51.923054848715616,6663.606676308116,-383.343615600048,871.5848015788507,6663.606676308116,0.0,0.0,871147.5581520868,10779.390772482371
2502,6462.09,6462.09,0,0.001654099350206661,0,0,0,0,sell,True,0,0,0,0,-51.923054848715616,6663.606676308116,-439.57799802047884,871.5848015788507,6663.606676308116,0.0,0.0,871147.5581520868,10779.390772482371
2503,6462.34,6462.34,0,0.0016251329065490709,0,0,0,0,sell,True,0,0,0,0,-51.923054848715616,6663.606676308116,-439.2081323113198,871.5848015788507,6663.606676308116,0.0,0.0,871147.5581520868,10779.390772482371
2504,6470.01,6470.01,0,0.001201324453935588,0,0,0,0,sell,True,0,0,0,0,-51.923054848715616,6663.606676308116,-427.86065235434216,871.5848015788507,6663.606676308116,0.0,0.0,871147.5581520868,10779.390772482371
2505,6477.74,6477.74,0,0.0016345768183753662,0,0,0,0,sell,True,0,0,0,0,-51.923054848715616,6663.606676308116,-416.42440462716877,871.5848015788507,6663.606676308116,0.0,0.0,871147.5581520868,10779.390772482371
2506,6460.28,6460.28,0,0.0014195439560419289,0,0,0,0,sell,True,0,0,0,0,-51.923054848715616,6663.606676308116,-442.2558257547862,871.5848015788507,6663.606676308116,0.0,0.0,871147.5581520868,10779.390772482371
2507,6458.95,6458.95,0,0.001204458488825007,0,0,0,0,sell,True,0,0,0,0,-51.923054848715616,6663.606676308116,-444.22351132750737,871.5848015788507,6663.606676308116,0.0,0.0,871147.5581520868,10779.390772482371
2508,6470.01,6470.01,0,0.001152439863124357,0,0,0,0,sell,True,0,0,0,0,-51.923054848715616,6663.606676308116,-427.86065235434216,871.5848015788507,6663.606676308116,0.0,0.0,871147.5581520868,10779.390772482371
2509,6485.37,6485.37,0,0.001848564057229389,0,0,0,0,sell,True,0,0,0,0,-51.923054848715616,6663.606676308116,-405.1361031836568,871.5848015788507,6663.606676308116,0.0,0.0,871147.5581520868,10779.390772482371
2510,6496.13,6496.13,0,0.0015513400110885288,0,0,0,0,sell,True,0,0,0,0,-51.923054848715616,6663.606676308116,-389.2170830614814,871.5848015788507,6663.606676308116,0.0,0.0,871147.5581520868,10779.390772482371
2511,6474.27,6474.27,0,0.0013164930629660549,0,0,0,0,sell,True,0,0,0,0,-51.923054848715616,6663.606676308116,-421.55814067028587,871.5848015788507,6663.606676308116,0.0,0.0,871147.5581520868,10779.390772482371
2512,6485.73,6485.73,0,0.001174559248173253,0,0,0,0,sell,True,0,0,0,0,-51.923054848715616,6663.606676308116,-404.60349656246945,871.5848015788507,6663.606676308116,0.0,0.0,871147.5581520868,10779.390772482371
2513,6531.05,6531.05,0,0.0014787925471444465,0,0,0,0,sell,True,0,0,0,0,-51.923054848715616,6663.606676308116,-337.55424080624834,871.5848015788507,6663.606676308116,0.0,0.0,871147.5581520868,10779.390772482371
2514,6512.47,6512.47,0,0.001300601126960169,0,0,0,0,sell,True,0,0,0,0,-51.923054848715616,6663.606676308116,-365.04266031089355,871.5848015788507,6663.606676308116,0.0,0.0,871147.5581520868,10779.390772482371
2515,6513.81,6513.81,0,0.0013162789015984274,0,0,0,0,sell,True,0,0,0,0,-51.923054848715616,6663.606676308116,-363.0601801098055,871.5848015788507,6663.606676308116,0.0,0.0,871147.5581520868,10779.390772482371
2516,6511.0,6511.0,0,0.0012204835708717117,0,0,0,0,sell,True,0,0,0,0,-51.923054848715616,6663.606676308116,-367.21747068074546,871.5848015788507,6663.606676308116,0.0,0.0,871147.5581520868,10779.390772482371
2517,6497.43,6497.43,0,0.001610504408570461,0,0,0,0,sell,True,0,0,0,0,-51.923054848715616,6663.606676308116,-387.293781373859,871.5848015788507,6663.606676308116,0.0,0.0,871147.5581520868,10779.390772482371
2518,6478.89,6478.89,0,0.0014640467312465174,0,0,0,0,sell,True,0,0,0,0,-51.923054848715616,6663.606676308116,-414.72302236503856,871.5848015788507,6663.606676308116,0.0,0.0,871147.5581520868,10779.390772482371
2519,6482.68,6482.68,0,0.0011608144994411595,0,0,0,0,sell,True,0,0,0,0,-51.923054848715616,6663.606676308116,-409.11585821419976,871.5848015788507,6663.606676308116,0.0,0.0,871147.5581520868,10779.390772482371
2520,6452.83,6452.83,0,0.0016077683398518956,0,0,0,0,sell,True,0,0,0,0,-51.923054848715616,6663.606676308116,-453.27782388770356,871.5848015788507,6663.606676308116,0.0,0.0,871147.5581520868,10779.390772482371
2521,6482.58,6482.58,0,0.0012373501865083365,0,0,0,0,sell,True,0,0,0,0,-51.923054848715616,6663.606676308116,-409.263804497863,871.5848015788507,6663.606676308116,0.0,0.0,871147.5581520868,10779.390772482371
2522,6510.0,6510.0,0,0.0014064024458739564,0,0,0,0,sell,True,0,0,0,0,-51.923054848715616,6663.606676308116,-368.69693351737806,871.5848015788507,6663.606676308116,0.0,0.0,871147.5581520868,10779.390772482371
2523,6530.17,6530.17,0,0.001402297303207846,0,0,0,0,sell,True,0,0,0,0,-51.923054848715616,6663.606676308116,-338.85616810248575,871.5848015788507,6663.606676308116,0.0,0.0,871147.5581520868,10779.390772482371
2524,6598.69,6598.69,0,0.001949797642888045,0,0,0,0,sell,True,0,0,0,0,-51.923054848715616,6663.606676308116,-237.48337453637396,871.5848015788507,6663.606676308116,0.0,0.0,871147.5581520868,10779.390772482371
2525,6605.13,6605.13,0,0.001648657274874672,0,0,0,0,sell,True,0,0,0,0,-51.923054848715616,6663.606676308116,-227.95563386845424,871.5848015788507,6663.606676308116,0.0,0.0,871147.5581520868,10779.390772482371
2526,6598.51,6598.51,0,0.0016612809689963248,0,0,0,0,sell,True,0,0,0,0,-51.923054848715616,6663.606676308116,-237.74967784696673,871.5848015788507,6663.606676308116,0.0,0.0,871147.5581520868,10779.390772482371
2527,6604.61,6604.61,0,0.0019563726804718625,0,0,0,0,sell,True,0,0,0,0,-51.923054848715616,6663.606676308116,-228.72495454350428,871.5848015788507,6663.606676308116,0.0,0.0,871147.5581520868,10779.390772482371
2528,6588.0,6588.0,0,0.0016850640494132539,0,0,0,0,sell,True,0,0,0,0,-51.923054848715616,6663.606676308116,-253.2988322599831,871.5848015788507,6663.606676308116,0.0,0.0,871147.5581520868,10779.390772482371
2529,6580.8,6580.8,0,0.0017672377212947354,0,0,0,0,sell,True,0,0,0,0,-51.923054848715616,6663.606676308116,-263.9509646837432,871.5848015788507,6663.606676308116,0.0,0.0,871147.5581520868,10779.390772482371
2530,6574.45,6574.45,0,0.0013267164072056628,0,0,0,0,sell,True,0,0,0,0,-51.923054848715616,6663.606676308116,-273.34555369636473,871.5848015788507,6663.606676308116,0.0,0.0,871147.5581520868,10779.390772482371
2531,6600.95,6600.95,0,0.0015996938893322171,0,0,0,0,sell,True,0,0,0,0,-51.923054848715616,6663.606676308116,-234.13978852558284,871.5848015788507,6663.606676308116,0.0,0.0,871147.5581520868,10779.390772482371
2532,6591.23,6591.23,0,0.0014340751526371555,0,0,0,0,sell,True,0,0,0,0,-51.923054848715616,6663.606676308116,-248.5201672976582,871.5848015788507,6663.606676308116,0.0,0.0,871147.5581520868,10779.390772482371
2533,6576.85,6576.85,0,0.0013428765012928818,0,0,0,0,sell,True,0,0,0,0,-51.923054848715616,6663.606676308116,-269.7948428884429,871.5848015788507,6663.606676308116,0.0,0.0,871147.5581520868,10779.390772482371
2534,6570.81,6570.81,0,0.001478924814562505,0,0,0,0,sell,True,0,0,0,0,-51.923054848715616,6663.606676308116,-278.73079842170955,871.5848015788507,6663.606676308116,0.0,0.0,871147.5581520868,10779.390772482371
2535,6578.1,6578.1,0,0.0017083365293951301,0,0,0,0,sell,True,0,0,0,0,-51.923054848715616,6663.606676308116,-267.94551434265304,871.5848015788507,6663.606676308116,0.0,0.0,871147.5581520868,10779.390772482371
2536,6583.8,6583.8,0,0.0015176743071817417,0,0,0,0,sell,True,0,0,0,0,-51.923054848715616,6663.606676308116,-259.5125761738436,871.5848015788507,6663.606676308116,0.0,0.0,871147.5581520868,10779.390772482371
2537,6576.0,6576.0,0,0.0017379694590911928,0,0,0,0,sell,True,0,0,0,0,-51.923054848715616,6663.606676308116,-271.0523862995833,871.5848015788507,6663.606676308116,0.0,0.0,871147.5581520868,10779.390772482371
2538,6597.77,6597.77,0,0.0019410285224642047,0,0,0,0,sell,True,0,0,0,0,-51.923054848715616,6663.606676308116,-238.84448034607522,871.5848015788507,6663.606676308116,0.0,0.0,871147.5581520868,10779.390772482371
2539,6586.52,6586.52,0,0.0019409227507891748,0,0,0,0,sell,True,0,0,0,0,-51.923054848715616,6663.606676308116,-255.48843725820007,871.5848015788507,6663.606676308116,0.0,0.0,871147.5581520868,10779.390772482371
2540,6596.04,6596.04,0,0.0018740944573524482,0,0,0,0,sell,True,0,0,0,0,-51.923054848715616,6663.606676308116,-241.40395105345124,871.5848015788507,6663.606676308116,0.0,0.0,871147.5581520868,10779.390772482371
2541,6608.08,6608.08,0,0.0019989831467049383,0,0,0,0,sell,True,0,0,0,0,-51.923054848715616,6663.606676308116,-223.59121850038719,871.5848015788507,6663.606676308116,0.0,0.0,871147.5581520868,10779.390772482371
2542,6611.09,6611.09,0,0.0016294727291038375,0,0,0,0,sell,True,0,0,0,0,-51.923054848715616,6663.606676308116,-219.13803536212072,871.5848015788507,6663.606676308116,0.0,0.0,871147.5581520868,10779.390772482371
2543,6593.7,6593.7,0,0.0018257597345757842,0,0,0,0,sell,True,0,0,0,0,-51.923054848715616,6663.606676308116,-244.8658940911737,871.5848015788507,6663.606676308116,0.0,0.0,871147.5581520868,10779.390772482371
2544,6588.98,6588.98,0,0.0016777025858116833,0,0,0,0,hold,False,0,0,0,0,-51.923054848715616,6663.606676308116,-251.84895868008243,871.5848015788507,6663.606676308116,0.0,0.0,871147.5581520868,10779.390772482371
2545,6591.59,6591.59,0,0.0017691106962133205,0,0,0,0,sell,True,0,0,0,0,-51.923054848715616,6663.606676308116,-247.987560676469,871.5848015788507,6663.606676308116,0.0,0.0,871147.5581520868,10779.390772482371
2546,6593.79,6593.79,0,0.001778584701149074,0,0,0,0,sell,True,0,0,0,0,-51.923054848715616,6663.606676308116,-244.7327424358773,871.5848015788507,6663.606676308116,0.0,0.0,871147.5581520868,10779.390772482371
2547,6621.77,6621.77,0,0.001934963494426385,0,0,0,0,sell,True,0,0,0,0,-51.923054848715616,6663.606676308116,-203.33737226687663,871.5848015788507,6663.606676308116,0.0,0.0,871147.5581520868,10779.390772482371
2548,6616.52,6616.52,0,0.0018400066644492859,0,0,0,0,sell,True,0,0,0,0,-51.923054848715616,6663.606676308116,-211.10455215920229,871.5848015788507,6663.606676308116,0.0,0.0,871147.5581520868,10779.390772482371
2549,6572.93,6572.93,0,0.0013389522220854906,0,0,0,0,sell,True,0,0,0,0,-51.923054848715616,6663.606676308116,-275.59433720804554,871.5848015788507,6663.606676308116,0.0,0.0,871147.5581520868,10779.390772482371
2550,6579.0,6579.0,0,0.0015017616909711422,0,0,0,0,hold,False,0,0,0,0,-51.923054848715616,6663.606676308116,-266.6139977896819,871.5848015788507,6663.606676308116,0.0,0.0,871147.5581520868,10779.390772482371
2551,6581.8,6581.8,0,0.0018227065380019111,0,0,0,0,sell,True,0,0,0,0,-51.923054848715616,6663.606676308116,-262.4715018471088,871.5848015788507,6663.606676308116,0.0,0.0,871147.5581520868,10779.390772482371
2552,6583.76,6583.76,0,0.0017737471349915251,0,0,0,0,sell,True,0,0,0,0,-51.923054848715616,6663.606676308116,-259.5717546873075,871.5848015788507,6663.606676308116,0.0,0.0,871147.5581520868,10779.390772482371
2553,6600.0,6600.0,0,0.0010019646776237676,0,0,0,0,sell,True,0,0,0,0,-51.923054848715616,6663.606676308116,-235.54527822038472,871.5848015788507,6663.606676308116,0.0,0.0,871147.5581520868,10779.390772482371
2554,6578.76,6578.76,0,0.0013237283142162842,0,0,0,0,sell,True,0,0,0,0,-51.923054848715616,6663.606676308116,-266.9690688704741,871.5848015788507,6663.606676308116,0.0,0.0,871147.5581520868,10779.390772482371
2555,6570.0,6570.0,0,0.0018389394081561902,0,0,0,0,sell,True,0,0,0,0,-51.923054848715616,6663.606676308116,-279.9291633193825,871.5848015788507,6663.606676308116,0.0,0.0,871147.5581520868,10779.390772482371
2556,6584.0,6584.0,0,0.0011761607533869486,0,0,0,0,sell,True,0,0,0,0,-51.923054848715616,6663.606676308116,-259.2166836065171,871.5848015788507,6663.606676308116,0.0,0.0,871147.5581520868,10779.390772482371
2557,6579.0,6579.0,0,0.0010934307082978425,0,0,0,0,sell,True,0,0,0,0,-51.923054848715616,6663.606676308116,-266.6139977896819,871.5848015788507,6663.606676308116,0.0,0.0,871147.5581520868,10779.390772482371
2558,6590.0,6590.0,0,0.0017990298130635687,0,0,0,0,sell,True,0,0,0,0,-51.923054848715616,6663.606676308116,-250.3399065867161,871.5848015788507,6663.606676308116,0.0,0.0,871147.5581520868,10779.390772482371
2559,6589.0,6589.0,0,0.0017703319427688708,0,0,0,0,sell,True,0,0,0,0,-51.923054848715616,6663.606676308116,-251.8193694233505,871.5848015788507,6663.606676308116,0.0,0.0,871147.5581520868,10779.390772482371
2560,6593.03,6602.833717847422,6609.44316100843,0.001486982138322252,1.0081948681576107,6663.606676308117,6.663606676308117,0,buy,False,0,0,0,0,-51.923054848715616,6647.059011609171,-245.8571341917177,878.2484082551588,-9.094947017729282e-13,1.0081948681576107,6647.059011609172,877804.5012217186,10779.390772482371
2561,6601.13,6601.13,6609.44316100843,0.0014094213440666219,0,0,0,0,buy,True,0,0,0,0,-51.923054848715616,6655.225390041248,-233.87348521498825,878.2484082551588,-9.094947017729282e-13,1.0081948681576107,6655.225390041249,877804.5012217186,10779.390772482371
2562,6598.51,6598.51,6609.44316100843,0.0019884823114448926,0,0,0,0,buy,True,0,0,0,0,-51.923054848715616,6652.583919486675,-237.74967784696673,878.2484082551588,-9.094947017729282e-13,1.0081948681576107,6652.583919486676,877804.5012217186,10779.390772482371
2563,6588.14,6588.14,6609.44316100843,0.0016804407363836267,0,0,0,0,buy,True,0,0,0,0,-51.923054848715616,6642.1289387038805,-253.09170746285417,878.2484082551588,-9.094947017729282e-13,1.0081948681576107,6642.128938703881,877804.5012217186,10779.390772482371
2564,6584.06,6584.06,6609.44316100843,0.0011322083341245202,0,0,0,0,hold,False,0,0,-0.00061929467194068,0,-51.92367414338756,6638.015503641798,-259.1279158363177,878.2484082551588,-9.094947017729282e-13,1.0081948681576107,6638.015503641799,877804.5012217186,10779.390772482371
2565,6591.02,6591.02,6609.44316100843,0.0010653405327098226,0,0,0,0,buy,True,0,0,0,0,-51.92367414338756,6645.032539924175,-248.83085449334976,878.2484082551588,-9.094947017729282e-13,1.0081948681576107,6645.032539924176,877804.5012217186,10779.390772482371
2566,6595.5,6595.5,6609.44316100843,0.0014744970384000266,0,0,0,0,buy,True,0,0,0,0,-51.92367414338756,6649.549252933521,-242.2028609852332,878.2484082551588,-9.094947017729282e-13,1.0081948681576107,6649.5492529335215,877804.5012217186,10779.390772482371
2567,6596.5,6596.5,6609.44316100843,0.0014602492395975758,0,0,0,0,hold,False,0,0,0.00015161852778404266,0,-51.92352252485978,6650.557447801678,-240.7233981486006,878.2484082551588,-9.094947017729282e-13,1.0081948681576107,6650.557447801679,877804.5012217186,10779.390772482371
2568,6604.93,6604.93,6609.44316100843,0.0010948580369872505,0,0,0,0,buy,True,0,0,0,0,-51.92352252485978,6659.056530540247,-228.25152643578076,878.2484082551588,-9.094947017729282e-13,1.0081948681576107,6659.056530540248,877804.5012217186,10779.390772482371
2569,6633.33,6633.33,6609.44316100843,0.001517914373749203,0,0,0,0,hold,False,0,0,0.004299818468931525,0,-51.91922270639085,6687.689264795923,-186.23478187539695,878.2484082551588,-9.094947017729282e-13,1.0081948681576107,6687.689264795924,877804.5012217186,10779.390772482371
2570,6635.65,6627.454608803448,0,0.0012350547718085782,1.0081948681576107,6675.083959817598,6.6817657255431415,11.477283509481822,sell,False,0,0,-1.0,0,-52.91922270639085,6675.083959817597,-182.80242809440824,884.930173980702,6675.083959817597,0.0,0.0,884486.2669472618,10779.390772482371
2571,6624.47,6634.7447277828405,6641.386113896738,0.001551026388954901,1.005073917604391,6675.083959817596,6.675083959817597,0,buy,False,0,0,0,0,-52.91922270639085,6658.082014952762,-199.3428226079668,891.6052579405196,9.094947017729282e-13,1.005073917604391,6658.082014952761,891154.6758231196,10779.390772482371
2572,6626.02,6626.02,6641.386113896738,0.001479642922242609,0,0,0,0,buy,True,0,0,0,0,-52.91922270639085,6659.639879525048,-197.04965521118538,891.6052579405196,9.094947017729282e-13,1.005073917604391,6659.639879525047,891154.6758231196,10779.390772482371
2573,6604.01,6604.01,6641.386113896738,0.0018424714058722575,0,0,0,0,buy,True,0,0,0,0,-52.91922270639085,6637.518202598575,-229.61263224548384,891.6052579405196,9.094947017729282e-13,1.005073917604391,6637.518202598574,891154.6758231196,10779.390772482371
2574,6608.91,6608.91,6641.386113896738,0.0014861160599185194,0,0,0,0,hold,False,0,0,0.0007419734373509448,0,-52.9184807329535,6642.443064794837,-222.36326434598232,891.6052579405196,9.094947017729282e-13,1.005073917604391,6642.443064794836,891154.6758231196,10779.390772482371
2575,6612.0,6612.0,6641.386113896738,0.0016420130786893635,0,0,0,0,hold,False,0,0,0.0004675506248383615,0,-52.91801318232866,6645.548743200235,-217.7917241807845,891.6052579405196,9.094947017729282e-13,1.005073917604391,6645.548743200234,891154.6758231196,10779.390772482371
2576,6615.67,6615.67,6641.386113896738,0.0012353760580334288,0,0,0,0,hold,False,0,0,0.0005550514216575803,0,-52.917458130907,6649.237364477843,-212.3620955703409,891.6052579405196,9.094947017729282e-13,1.005073917604391,6649.237364477842,891154.6758231196,10779.390772482371
2577,6614.9,6614.9,6641.386113896738,0.0011124586307566535,0,0,0,0,hold,False,0,0,-0.00011639032781275131,0,-52.91757452123481,6648.463457561286,-213.50128195454818,891.6052579405196,9.094947017729282e-13,1.005073917604391,6648.463457561285,891154.6758231196,10779.390772482371
2578,6620.35,6620.35,6641.386113896738,0.0015538127834503544,0,0,0,0,hold,False,0,0,0.0008238975645891422,0,-52.916750623670225,6653.941110412231,-205.438209494896,891.6052579405196,9.094947017729282e-13,1.005073917604391,6653.94111041223,891154.6758231196,10779.390772482371
2579,6615.19,6615.19,6641.386113896738,0.0012958331936395045,0,0,0,0,buy,True,0,0,0,0,-52.916750623670225,6648.754928997392,-213.07223773192527,891.6052579405196,9.094947017729282e-13,1.005073917604391,6648.754928997391,891154.6758231196,10779.390772482371
2580,6620.0,6620.0,6641.386113896738,0.0014364152644774381,0,0,0,0,hold,False,0,0,0.0007271144139473283,0,-52.91602350925628,6653.58933454107,-205.95602148771832,891.6052579405196,9.094947017729282e-13,1.005073917604391,6653.589334541069,891154.6758231196,10779.390772482371
2581,6617.58,6617.58,6641.386113896738,0.001122833850317774,0,0,0,0,buy,True,0,0,0,0,-52.91602350925628,6651.1570556604665,-209.53632155237028,891.6052579405196,9.094947017729282e-13,1.005073917604391,6651.157055660466,891154.6758231196,10779.390772482371
2582,6587.16,6587.16,6641.386113896738,0.0013359695168842847,0,0,0,0,hold,False,0,0,-0.004596846581378701,0,-52.920620355837656,6620.582707086941,-254.54158104275484,891.6052579405196,9.094947017729282e-13,1.005073917604391,6620.58270708694,891154.6758231196,10779.390772482371
2583,6587.81,6587.81,6641.386113896738,0.0012760278727562524,0,0,0,0,hold,False,0,0,9.867681975246792e-05,0,-52.9205216790179,6621.236005133384,-253.57993019894275,891.6052579405196,9.094947017729282e-13,1.005073917604391,6621.2360051333835,891154.6758231196,10779.390772482371
2584,6579.0,6579.0,6641.386113896738,0.0014309669760715475,0,0,0,0,hold,False,0,0,-0.0013373184715407046,0,-52.921858997489444,6612.381303919289,-266.6139977896819,891.6052579405196,9.094947017729282e-13,1.005073917604391,6612.381303919288,891154.6758231196,10779.390772482371
2585,6588.92,6588.92,6641.386113896738,0.0017447032141301047,0,0,0,0,buy,True,0,0,0,0,-52.921858997489444,6622.351637181925,-251.93772645028002,891.6052579405196,9.094947017729282e-13,1.005073917604391,6622.351637181924,891154.6758231196,10779.390772482371
2586,6596.08,6596.08,6641.386113896738,0.0019177027358632868,0,0,0,0,hold,False,0,0,0.001086672777936334,0,-52.92077232471151,6629.547966431973,-241.3447725399874,891.6052579405196,9.094947017729282e-13,1.005073917604391,6629.547966431972,891154.6758231196,10779.390772482371
2587,6595.97,6595.97,6641.386113896738,0.0017133037810689836,0,0,0,0,buy,True,0,0,0,0,-52.92077232471151,6629.437408301036,-241.5075134520157,891.6052579405196,9.094947017729282e-13,1.005073917604391,6629.437408301035,891154.6758231196,10779.390772482371
2588,6599.95,6599.95,6641.386113896738,0.00136915729731705,0,0,0,0,hold,False,0,0,0.0006033987419591035,0,-52.92016892596955,6633.437602493102,-235.61925136221544,891.6052579405196,9.094947017729282e-13,1.005073917604391,6633.437602493101,891154.6758231196,10779.390772482371
2589,6591.0,6591.0,6641.386113896738,0.0011082975463832427,0,0,0,0,hold,False,0,0,-0.0013560708793248944,0,-52.92152499684887,6624.442190930542,-248.8604437500835,891.6052579405196,9.094947017729282e-13,1.005073917604391,6624.442190930541,891154.6758231196,10779.390772482371
2590,6593.34,6593.34,6641.386113896738,0.0014983233123743382,0,0,0,0,hold,False,0,0,0.0003550295857987962,0,-52.921169967263076,6626.794063897736,-245.39850071236106,891.6052579405196,9.094947017729282e-13,1.005073917604391,6626.794063897735,891154.6758231196,10779.390772482371
2591,6600.01,6600.01,6641.386113896738,0.0014111097187031471,0,0,0,0,hold,False,0,0,0.0010116268840982918,0,-52.920158340378975,6633.497906928158,-235.53048359201784,891.6052579405196,9.094947017729282e-13,1.005073917604391,6633.497906928157,891154.6758231196,10779.390772482371
2592,6602.99,6602.99,6641.386113896738,0.0019554427241950285,0,0,0,0,hold,False,0,0,0.0004515144674022388,0,-52.919706825911575,6636.493027202619,-231.12168433885017,891.6052579405196,9.094947017729282e-13,1.005073917604391,6636.493027202618,891154.6758231196,10779.390772482371
2593,6591.96,6591.96,6641.386113896738,0.0013218722561425763,0,0,0,0,hold,False,0,0,-0.0016704553543167744,0,-52.92137728126589,6625.407061891442,-247.44015942691476,891.6052579405196,9.094947017729282e-13,1.005073917604391,6625.407061891441,891154.6758231196,10779.390772482371
2594,6594.27,6594.27,6641.386113896738,0.0016897920682340068,0,0,0,0,hold,False,0,0,0.00035042688365844815,0,-52.921026854382234,6627.728782641109,-244.0226002742911,891.6052579405196,9.094947017729282e-13,1.005073917604391,6627.728782641108,891154.6758231196,10779.390772482371
2595,6600.02,6600.02,6641.386113896738,0.0013167308212214965,0,0,0,0,hold,False,0,0,0.0008719691489732298,0,-52.92015488523326,6633.507957667334,-235.51568896365097,891.6052579405196,9.094947017729282e-13,1.005073917604391,6633.507957667333,891154.6758231196,10779.390772482371
2596,6603.06,6603.06,6641.386113896738,0.0010573175589316112,0,0,0,0,hold,False,0,0,0.0004606046648342897,0,-52.91969428056842,6636.563382376851,-231.0181219402857,891.6052579405196,9.094947017729282e-13,1.005073917604391,6636.56338237685,891154.6758231196,10779.390772482371
2597,6603.5,6603.5,6641.386113896738,0.0014277185356573797,0,0,0,0,hold,False,0,0,6.663577189964314e-05,0,-52.91962764479652,6637.005614900597,-230.367158292167,891.6052579405196,9.094947017729282e-13,1.005073917604391,6637.005614900596,891154.6758231196,10779.390772482371
2598,6604.07,6604.07,6641.386113896738,0.001383266882600834,0,0,0,0,hold,False,0,0,8.631786174000953e-05,0,-52.919541326934784,6637.5785070336315,-229.52386447528625,891.6052579405196,9.094947017729282e-13,1.005073917604391,6637.578507033631,891154.6758231196,10779.390772482371
2599,6588.54,6588.54,6641.386113896738,0.0012413699967284135,0,0,0,0,hold,False,0,0,-0.002351580161930488,0,-52.92189290709671,6621.969709093235,-252.49992232820114,891.6052579405196,9.094947017729282e-13,1.005073917604391,6621.969709093234,891154.6758231196,10779.390772482371
2600,6596.69,6596.69,6641.386113896738,0.0016562052877231446,0,0,0,0,hold,False,0,0,0.0012369963603468639,0,-52.920655910736365,6630.1610615217105,-240.44230020964096,891.6052579405196,9.094947017729282e-13,1.005073917604391,6630.16106152171,891154.6758231196,10779.390772482371
2601,6588.01,6588.01,6641.386113896738,0.001899247074847355,0,0,0,0,buy,True,0,0,0,0,-52.920655910736365,6621.437019916905,-253.28403763161623,891.6052579405196,9.094947017729282e-13,1.005073917604391,6621.437019916904,891154.6758231196,10779.390772482371
2602,6570.93,6570.93,6641.386113896738,0.0016385866920235461,0,0,0,0,buy,True,0,0,0,0,-52.920655910736365,6604.2703574042225,-278.55326288131255,891.6052579405196,9.094947017729282e-13,1.005073917604391,6604.270357404222,891154.6758231196,10779.390772482371
2603,6550.0,6550.0,6641.386113896738,0.00183946114527266,0,0,0,0,hold,False,0,0,-0.0031852416629000926,0,-52.92384115239926,6583.2341603087625,-309.5184200520471,891.6052579405196,9.094947017729282e-13,1.005073917604391,6583.234160308762,891154.6758231196,10779.390772482371
2604,6555.4,6555.4,6641.386113896738,0.0018694951393444824,0,0,0,0,hold,False,0,0,0.0008244274809158662,0,-52.92301672491835,6588.661559463825,-301.52932073422926,891.6052579405196,9.094947017729282e-13,1.005073917604391,6588.661559463824,891154.6758231196,10779.390772482371
2605,6555.0,6555.0,6641.386113896738,0.0015390214832949759,0,0,0,0,buy,True,0,0,0,0,-52.92301672491835,6588.259529896784,-302.1211058688805,891.6052579405196,9.094947017729282e-13,1.005073917604391,6588.2595298967835,891154.6758231196,10779.390772482371
2606,6556.0,6556.0,6641.386113896738,0.0010651315899380322,0,0,0,0,hold,False,0,0,0.0001525553012966641,0,-52.92286416961705,6589.2646038143885,-300.6416430322479,891.6052579405196,9.094947017729282e-13,1.005073917604391,6589.264603814388,891154.6758231196,10779.390772482371
2607,6561.85,6561.85,6641.386113896738,0.0013263928256061546,0,0,0,0,hold,False,0,0,0.000892312385601063,0,-52.92197185723145,6595.144286232375,-291.9867854379427,891.6052579405196,9.094947017729282e-13,1.005073917604391,6595.144286232374,891154.6758231196,10779.390772482371
2608,6574.41,6574.41,6641.386113896738,0.0016051201929239336,0,0,0,0,hold,False,0,0,0.0019140943483924797,0,-52.920057762883054,6607.768014637485,-273.4047322098304,891.6052579405196,9.094947017729282e-13,1.005073917604391,6607.768014637484,891154.6758231196,10779.390772482371
2609,6566.42,6566.42,6641.386113896738,0.0019733436511507833,0,0,0,0,hold,False,0,0,-0.0012153181806427655,0,-52.921273081063696,6599.737474035826,-285.2256402745297,891.6052579405196,9.094947017729282e-13,1.005073917604391,6599.7374740358255,891154.6758231196,10779.390772482371
2610,6582.07,6582.07,6641.386113896738,0.0013805576991711276,0,0,0,0,buy,True,0,0,0,0,-52.921273081063696,6615.466880846335,-262.07204688121965,891.6052579405196,9.094947017729282e-13,1.005073917604391,6615.466880846334,891154.6758231196,10779.390772482371
2611,6581.38,6581.38,6641.386113896738,0.001237524376859983,0,0,0,0,buy,True,0,0,0,0,-52.921273081063696,6614.773379843188,-263.0928762384956,891.6052579405196,9.094947017729282e-13,1.005073917604391,6614.773379843187,891154.6758231196,10779.390772482371
2612,6589.18,6589.18,6641.386113896738,0.0016063614252584935,0,0,0,0,buy,True,0,0,0,0,-52.921273081063696,6622.612956400502,-251.55306611275591,891.6052579405196,9.094947017729282e-13,1.005073917604391,6622.612956400501,891154.6758231196,10779.390772482371
2613,6594.27,6594.27,6641.386113896738,0.0019238866671556973,0,0,0,0,buy,True,0,0,0,0,-52.921273081063696,6627.728782641109,-244.0226002742911,891.6052579405196,9.094947017729282e-13,1.005073917604391,6627.728782641108,891154.6758231196,10779.390772482371
2614,6584.0,6584.0,6641.386113896738,0.001156182825366216,0,0,0,0,hold,False,0,0,-0.0015574127234706978,0,-52.92283049378717,6617.406673507311,-259.2166836065171,891.6052579405196,9.094947017729282e-13,1.005073917604391,6617.40667350731,891154.6758231196,10779.390772482371
2615,6587.2,6587.2,6641.386113896738,0.001489222229449208,0,0,0,0,hold,False,0,0,0.0004860267314701901,0,-52.922344467055694,6620.622910043645,-254.482402529291,891.6052579405196,9.094947017729282e-13,1.005073917604391,6620.622910043644,891154.6758231196,10779.390772482371
2616,6588.54,6575.618385203985,0,0.001961225824843605,1.005073917604391,6602.373548557341,6.608982531088429,-72.71041126025557,sell,False,0,0,-1.0,0,-53.922344467055694,6602.373548557342,-252.49992232820114,898.214240471608,6602.373548557342,0.0,0.0,897763.658354208,10779.390772482371
2617,6590.02,6590.02,0,0.0013900438099926703,0,0,0,0,sell,True,0,0,0,0,-53.922344467055694,6602.373548557342,-250.31031732998417,898.214240471608,6602.373548557342,0.0,0.0,897763.658354208,10779.390772482371
2618,6615.26,6615.26,0,0.001361199219904136,0,0,0,0,sell,True,0,0,0,0,-53.922344467055694,6602.373548557342,-212.968675333359,898.214240471608,6602.373548557342,0.0,0.0,897763.658354208,10779.390772482371
2619,6613.9,6613.9,0,0.0011637448139688847,0,0,0,0,sell,True,0,0,0,0,-53.922344467055694,6602.373548557342,-214.9807447911826,898.214240471608,6602.373548557342,0.0,0.0,897763.658354208,10779.390772482371
2620,6605.02,6616.036686071003,6622.659345416419,0.0016679262244477682,0.9969369107180309,6602.373548557342,6.602373548557342,0,buy,False,0,0,0,0,-53.922344467055694,6584.788234030809,-228.11837478048437,904.8166140201654,0.0,0.9969369107180309,6584.788234030809,904359.4295292167,10779.390772482371
2621,6605.06,6605.06,6622.659345416419,0.0011993580645426505,0,0,0,0,buy,True,0,0,0,0,-53.922344467055694,6584.828111507238,-228.0591962670187,904.8166140201654,0.0,0.9969369107180309,6584.828111507238,904359.4295292167,10779.390772482371
2622,6605.26,6605.26,6622.659345416419,0.0016895387562751978,0,0,0,0,buy,True,0,0,0,0,-53.922344467055694,6585.027498889381,-227.7633036996922,904.8166140201654,0.0,0.9969369107180309,6585.027498889381,904359.4295292167,10779.390772482371
2623,6607.02,6607.02,6622.659345416419,0.001015446105271893,0,0,0,0,hold,False,0,0,0.0002664543106554938,0,-53.92207801274504,6586.782107852245,-225.15944910721737,904.8166140201654,0.0,0.9969369107180309,6586.782107852245,904359.4295292167,10779.390772482371
2624,6593.36,6593.36,6622.659345416419,0.0011648547017965268,0,0,0,0,buy,True,0,0,0,0,-53.92207801274504,6573.163949651836,-245.36891145562913,904.8166140201654,0.0,0.9969369107180309,6573.163949651836,904359.4295292167,10779.390772482371
2625,6602.0,6602.0,6622.659345416419,0.0018849830669799114,0,0,0,0,buy,True,0,0,0,0,-53.92207801274504,6581.77748456044,-232.5863525471177,904.8166140201654,0.0,0.9969369107180309,6581.77748456044,904359.4295292167,10779.390772482371
2626,6596.03,6596.03,6622.659345416419,0.001371550315962537,0,0,0,0,buy,True,0,0,0,0,-53.92207801274504,6575.825771203453,-241.4187456818181,904.8166140201654,0.0,0.9969369107180309,6575.825771203453,904359.4295292167,10779.390772482371
2627,6597.54,6597.54,6622.659345416419,0.001342727587486607,0,0,0,0,hold,False,0,0,0.00022892558099351618,0,-53.92184908716405,6577.331145938638,-239.18475679850235,904.8166140201654,0.0,0.9969369107180309,6577.331145938638,904359.4295292167,10779.390772482371
2628,6604.9,6604.9,6622.659345416419,0.0017895060814021248,0,0,0,0,hold,False,0,0,0.0011155673175152342,0,-53.920733519846536,6584.668601601522,-228.29591032088138,904.8166140201654,0.0,0.9969369107180309,6584.668601601522,904359.4295292167,10779.390772482371
2629,6628.0,6628.0,6622.659345416419,0.0011347922741027684,0,0,0,0,hold,False,0,0,0.0034974034428985634,0,-53.917236116403636,6607.697844239109,-194.12031879465212,904.8166140201654,0.0,0.9969369107180309,6607.697844239109,904359.4295292167,10779.390772482371
2630,6647.78,6647.78,6622.659345416419,0.0018827151841277951,0,0,0,0,hold,False,0,0,0.002984308992154414,0,-53.91425180741148,6627.417256333111,-164.85654388604598,904.8166140201654,0.0,0.9969369107180309,6627.417256333111,904359.4295292167,10779.390772482371
2631,6666.09,6666.09,6622.659345416419,0.0013172326259701726,0,0,0,0,hold,False,0,0,0.002754302940229799,0,-53.91149750447125,6645.671171168359,-137.76757934728994,904.8166140201654,0.0,0.9969369107180309,6645.671171168359,904359.4295292167,10779.390772482371
2632,6662.97,6662.97,6622.659345416419,0.0017972619310833277,0,0,0,0,hold,False,0,0,-0.000468040485502009,0,-53.91196554495675,6642.560728006919,-142.38350339758654,904.8166140201654,0.0,0.9969369107180309,6642.560728006919,904359.4295292167,10779.390772482371
2633,6659.03,6659.03,6622.659345416419,0.0011814563781561206,0,0,0,0,hold,False,0,0,-0.0005913278913157863,0,-53.912556872848064,6638.6327965786895,-148.21258697392295,904.8166140201654,0.0,0.9969369107180309,6638.6327965786895,904359.4295292167,10779.390772482371
2634,6674.56,6674.56,6622.659345416419,0.0016932069168402188,0,0,0,0,hold,False,0,0,0.0023321715024560673,0,-53.910224701345605,6654.115226802141,-125.23652912100624,904.8166140201654,0.0,0.9969369107180309,6654.115226802141,904359.4295292167,10779.390772482371
2635,6667.27,6667.27,6622.659345416419,0.0018171155292277309,0,0,0,0,buy,True,0,0,0,0,-53.910224701345605,6646.847556723006,-136.02181320006275,904.8166140201654,0.0,0.9969369107180309,6646.847556723006,904359.4295292167,10779.390772482371
2636,6671.01,6671.01,6622.659345416419,0.0019802546064233957,0,0,0,0,hold,False,0,0,0.0005609492340943266,0,-53.90966375211151,6650.576100769092,-130.48862219105467,904.8166140201654,0.0,0.9969369107180309,6650.576100769092,904359.4295292167,10779.390772482371
2637,6664.45,6664.45,6622.659345416419,0.001026048904756061,0,0,0,0,hold,False,0,0,-0.0009833593413891195,0,-53.9106471114529,6644.036194634781,-140.19389839936957,904.8166140201654,0.0,0.9969369107180309,6644.036194634781,904359.4295292167,10779.390772482371
2638,6695.33,6695.33,6622.659345416419,0.001742819888428974,0,0,0,0,hold,False,0,0,0.004633540652266865,0,-53.90601357080064,6674.821606437754,-94.50808600413438,904.8166140201654,0.0,0.9969369107180309,6674.821606437754,904359.4295292167,10779.390772482371
2639,6690.0,6690.0,6622.659345416419,0.0014936035604657281,0,0,0,0,hold,False,0,0,-0.0007960772657957565,0,-53.906809648066435,6669.5079327036265,-102.39362292338956,904.8166140201654,0.0,0.9969369107180309,6669.5079327036265,904359.4295292167,10779.390772482371
2640,6691.0,6691.0,6622.659345416419,0.0012637650648324925,0,0,0,0,hold,False,0,0,0.00014947683109124102,0,-53.906660171235345,6670.504869614345,-100.91416008675515,904.8166140201654,0.0,0.9969369107180309,6670.504869614345,904359.4295292167,10779.390772482371
2641,6666.8,6666.8,6622.659345416419,0.0017008940680997774,0,0,0,0,hold,False,0,0,-0.0036167986848004608,0,-53.91027696992015,6646.378996374969,-136.71716073328025,904.8166140201654,0.0,0.9969369107180309,6646.378996374969,904359.4295292167,10779.390772482371
2642,6673.01,6673.01,6622.659345416419,0.0012804024482842924,0,0,0,0,hold,False,0,0,0.0009314813703725924,0,-53.909345488549775,6652.569974590528,-127.52969651778767,904.8166140201654,0.0,0.9969369107180309,6652.569974590528,904359.4295292167,10779.390772482371
2643,6673.5,6673.5,6622.659345416419,0.0013517152505203626,0,0,0,0,hold,False,0,0,7.343013123015587e-05,0,-53.909272058418544,6653.05847367678,-126.80475972783825,904.8166140201654,0.0,0.9969369107180309,6653.05847367678,904359.4295292167,10779.390772482371
2644,6666.62,6666.62,6622.659345416419,0.0018279719294842316,0,0,0,0,buy,True,0,0,0,0,-53.909272058418544,6646.199547731039,-136.98346404387485,904.8166140201654,0.0,0.9969369107180309,6646.199547731039,904359.4295292167,10779.390772482371
2645,6666.03,6666.03,6622.659345416419,0.001201406819266607,0,0,0,0,buy,True,0,0,0,0,-53.909272058418544,6645.611354953716,-137.85634711748935,904.8166140201654,0.0,0.9969369107180309,6645.611354953716,904359.4295292167,10779.390772482371
2646,6661.17,6661.17,6622.659345416419,0.0015749099258790438,0,0,0,0,buy,True,0,0,0,0,-53.909272058418544,6640.766241567626,-145.04653650352702,904.8166140201654,0.0,0.9969369107180309,6640.766241567626,904359.4295292167,10779.390772482371
2647,6673.77,6673.77,6622.659345416419,0.0013414834427820737,0,0,0,0,hold,False,0,0,0.0018915595908827042,0,-53.90738049882766,6653.327646642673,-126.40530476194726,904.8166140201654,0.0,0.9969369107180309,6653.327646642673,904359.4295292167,10779.390772482371
2648,6668.68,6668.68,6622.659345416419,0.0018458061971854379,0,0,0,0,hold,False,0,0,-0.0007626873566214903,0,-53.90814318618428,6648.253237767119,-133.93577060041025,904.8166140201654,0.0,0.9969369107180309,6648.253237767119,904359.4295292167,10779.390772482371
2649,6659.3,6659.3,6622.659345416419,0.001247525634422154,0,0,0,0,hold,False,0,0,-0.001406575214285343,0,-53.909549761398566,6638.901969544583,-147.81313200803015,904.8166140201654,0.0,0.9969369107180309,6638.901969544583,904359.4295292167,10779.390772482371
2650,6672.25,6672.25,6622.659345416419,0.0019144483277912026,0,0,0,0,hold,False,0,0,0.0019446488369649025,0,-53.9076051125616,6651.812302538382,-128.6540882736299,904.8166140201654,0.0,0.9969369107180309,6651.812302538382,904359.4295292167,10779.390772482371
2651,6654.0,6654.0,6622.659345416419,0.0010329063219232935,0,0,0,0,buy,True,0,0,0,0,-53.9076051125616,6633.6182039177775,-155.65428504218653,904.8166140201654,0.0,0.9969369107180309,6633.6182039177775,904359.4295292167,10779.390772482371
2652,6658.98,6658.98,6622.659345416419,0.0012222753622208743,0,0,0,0,hold,False,0,0,0.0007484220018034371,0,-53.90685669055979,6638.582949733153,-148.28656011575367,904.8166140201654,0.0,0.9969369107180309,6638.582949733153,904359.4295292167,10779.390772482371
2653,6656.4,6656.4,6622.659345416419,0.0015038433567569132,0,0,0,0,hold,False,0,0,-0.00038744672607524935,0,-53.907244137285865,6636.0108525035,-152.1035742342683,904.8166140201654,0.0,0.9969369107180309,6636.0108525035,904359.4295292167,10779.390772482371
2654,6642.02,6642.02,6622.659345416419,0.001057043748311678,0,0,0,0,hold,False,0,0,-0.0021603269034310957,0,-53.90940446418929,6621.674899727376,-173.378249825053,904.8166140201654,0.0,0.9969369107180309,6621.674899727376,904359.4295292167,10779.390772482371
2655,6634.1,6634.1,6622.659345416419,0.0016496217668052725,0,0,0,0,buy,True,0,0,0,0,-53.90940446418929,6613.779159394489,-185.09559549118785,904.8166140201654,0.0,0.9969369107180309,6613.779159394489,904359.4295292167,10779.390772482371
2656,6615.0,6615.0,6622.659345416419,0.001369851944194902,0,0,0,0,hold,False,0,0,-0.002879064228757483,0,-53.91228352841805,6594.737664399775,-213.35333567088492,904.8166140201654,0.0,0.9969369107180309,6594.737664399775,904359.4295292167,10779.390772482371
2657,6630.14,6630.14,6622.659345416419,0.0018931531747021215,0,0,0,0,hold,False,0,0,0.002288737717309079,0,-53.90999479070074,6609.8312892280455,-190.9542683242562,904.8166140201654,0.0,0.9969369107180309,6609.8312892280455,904359.4295292167,10779.390772482371
2658,6641.56,6641.56,6622.659345416419,0.001095952960195687,0,0,0,0,hold,False,0,0,0.0017224372336029868,0,-53.90827235346714,6621.216308748446,-174.05880272990362,904.8166140201654,0.0,0.9969369107180309,6621.216308748446,904359.4295292167,10779.390772482371
2659,6637.58,6637.58,6622.659345416419,0.001380430725087012,0,0,0,0,hold,False,0,0,-0.0005992568011130787,0,-53.90887161026826,6617.248499843788,-179.9470648197057,904.8166140201654,0.0,0.9969369107180309,6617.248499843788,904359.4295292167,10779.390772482371
2660,6650.01,6650.01,6622.659345416419,0.0017720501597267165,0,0,0,0,hold,False,0,0,0.0018726704612223215,0,-53.90699893980703,6629.640425644013,-161.55734176035367,904.8166140201654,0.0,0.9969369107180309,6629.640425644013,904359.4295292167,10779.390772482371
2661,6661.0,6661.0,6622.659345416419,0.0014045727526609299,0,0,0,0,buy,True,0,0,0,0,-53.90699893980703,6640.596762292804,-145.29804518575475,904.8166140201654,0.0,0.9969369107180309,6640.596762292804,904359.4295292167,10779.390772482371
2662,6656.49,6656.49,6622.659345416419,0.0019598418937559663,0,0,0,0,buy,True,0,0,0,0,-53.90699893980703,6636.100576825465,-151.9704225789701,904.8166140201654,0.0,0.9969369107180309,6636.100576825465,904359.4295292167,10779.390772482371
2663,6652.22,6652.22,6622.659345416419,0.0017846217415523058,0,0,0,0,buy,True,0,0,0,0,-53.90699893980703,6631.8436562167,-158.28772889139327,904.8166140201654,0.0,0.9969369107180309,6631.8436562167,904359.4295292167,10779.390772482371
2664,6659.05,6659.05,6622.659345416419,0.0018493204404964269,0,0,0,0,buy,True,0,0,0,0,-53.90699893980703,6638.652735316904,-148.1829977171892,904.8166140201654,0.0,0.9969369107180309,6638.652735316904,904359.4295292167,10779.390772482371
2665,6666.03,6666.03,6622.659345416419,0.001892530941906238,0,0,0,0,buy,True,0,0,0,0,-53.90699893980703,6645.611354953716,-137.85634711748935,904.8166140201654,0.0,0.9969369107180309,6645.611354953716,904359.4295292167,10779.390772482371
2666,6656.61,6656.61,6622.659345416419,0.0019834123750438184,0,0,0,0,buy,True,0,0,0,0,-53.90699893980703,6636.220209254751,-151.79288703857492,904.8166140201654,0.0,0.9969369107180309,6636.220209254751,904359.4295292167,10779.390772482371
2667,6644.38,6644.38,6622.659345416419,0.001079694822763411,0,0,0,0,hold,False,0,0,-0.0018372715240940652,0,-53.90883621133113,6624.02767083667,-169.88671753059862,904.8166140201654,0.0,0.9969369107180309,6624.02767083667,904359.4295292167,10779.390772482371
2668,6640.72,6640.72,6622.659345416419,0.0013659850640049469,0,0,0,0,hold,False,0,0,-0.0005508414630107868,0,-53.90938705279414,6620.378881743442,-175.30155151267718,904.8166140201654,0.0,0.9969369107180309,6620.378881743442,904359.4295292167,10779.390772482371
2669,6634.47,6634.47,6622.659345416419,0.0013460111582421312,0,0,0,0,hold,False,0,0,-0.0009411630064210257,0,-53.91032821580056,6614.1480260514545,-184.54819424163543,904.8166140201654,0.0,0.9969369107180309,6614.1480260514545,904359.4295292167,10779.390772482371
2670,6616.06,6605.604224534292,0,0.0015803628542830712,0.9969369107180309,6578.785298364159,6.585370669033192,-23.58825019318283,sell,False,0,0,-1.0,0,-54.91032821580056,6578.785298364159,-211.7851050640529,911.4019846891986,6578.785298364159,0.0,0.0,910944.8001982499,10779.390772482371
2671,6594.4,6594.4,0,0.0015671373651163448,0,0,0,0,sell,True,0,0,0,0,-54.91032821580056,6578.785298364159,-243.83027010553087,911.4019846891986,6578.785298364159,0.0,0.0,910944.8001982499,10779.390772482371
2672,6555.0,6555.0,0,0.0013098152043257792,0,0,0,0,hold,False,0,0,0,0,-54.91032821580056,6578.785298364159,-302.1211058688805,911.4019846891986,6578.785298364159,0.0,0.0,910944.8001982499,10779.390772482371
2673,6575.4,6585.268963357039,6591.86082418122,0.0015008917110806287,0.9980164135491004,6578.785298364159,6.578785298364159,0,buy,False,0,0,0,0,-54.91032821580056,6562.357125650755,-271.94006400156286,917.9807699875628,0.0,0.9980164135491004,6562.357125650755,917517.0067113157,10779.390772482371
2674,6576.98,6576.98,6591.86082418122,0.0014885258775353964,0,0,0,0,buy,True,0,0,0,0,-54.91032821580056,6563.933991584162,-269.60251271968264,917.9807699875628,0.0,0.9980164135491004,6563.933991584162,917517.0067113157,10779.390772482371
2675,6589.0,6589.0,6591.86082418122,0.0013544330228273055,0,0,0,0,buy,True,0,0,0,0,-54.91032821580056,6575.9301488750225,-251.8193694233505,917.9807699875628,0.0,0.9980164135491004,6575.9301488750225,917517.0067113157,10779.390772482371
2676,6588.01,6588.01,6591.86082418122,0.001257860686237556,0,0,0,0,hold,False,0,0,-0.000150250417362208,0,-54.910478466217924,6574.942112625609,-253.28403763161623,917.9807699875628,0.0,0.9980164135491004,6574.942112625609,917517.0067113157,10779.390772482371
2677,6580.0,6580.0,6591.86082418122,0.001927611595761069,0,0,0,0,hold,False,0,0,-0.0012158451489904484,0,-54.911694311366915,6566.94800115308,-265.1345349530493,917.9807699875628,0.0,0.9980164135491004,6566.94800115308,917517.0067113157,10779.390772482371
2678,6592.0,6592.0,6591.86082418122,0.001289423957296703,0,0,0,0,hold,False,0,0,0.0018237082066870072,0,-54.90987060316023,6578.92419811567,-247.3809809134509,917.9807699875628,0.0,0.9980164135491004,6578.92419811567,917517.0067113157,10779.390772482371
2679,6595.06,6595.06,6591.86082418122,0.001239375154463783,0,0,0,0,hold,False,0,0,0.00046419902912619656,0,-54.909406404131104,6581.97812834113,-242.8538246333519,917.9807699875628,0.0,0.9980164135491004,6581.97812834113,917517.0067113157,10779.390772482371
2680,6601.16,6601.16,6591.86082418122,0.001050746291838016,0,0,0,0,hold,False,0,0,0.0009249347238690673,0,-54.908481469407235,6588.06602846378,-233.82910132988945,917.9807699875628,0.0,0.9980164135491004,6588.06602846378,917517.0067113157,10779.390772482371
2681,6602.0,6602.0,6591.86082418122,0.0015549476325418597,0,0,0,0,hold,False,0,0,0.00012725036205755413,0,-54.90835421904518,6588.904362251161,-232.5863525471177,917.9807699875628,0.0,0.9980164135491004,6588.904362251161,917517.0067113157,10779.390772482371
2682,6588.99,6588.99,6591.86082418122,0.0011955754224128212,0,0,0,0,hold,False,0,0,-0.001970614965162063,0,-54.91032483401034,6575.920168710887,-251.83416405171738,917.9807699875628,0.0,0.9980164135491004,6575.920168710887,917517.0067113157,10779.390772482371
2683,6603.03,6603.03,6591.86082418122,0.0019537535122699434,0,0,0,0,hold,False,0,0,0.0021308273346901615,0,-54.90819400667565,6589.932319157117,-231.06250582538632,917.9807699875628,0.0,0.9980164135491004,6589.932319157117,917517.0067113157,10779.390772482371
2684,6608.5,6608.5,6591.86082418122,0.0016527172666719156,0,0,0,0,buy,True,0,0,0,0,-54.90819400667565,6595.39146893923,-222.9698441090004,917.9807699875628,0.0,0.9980164135491004,6595.39146893923,917517.0067113157,10779.390772482371
2685,6637.2,6637.2,6591.86082418122,0.001485711062296597,0,0,0,0,hold,False,0,0,0.00434289173034714,0,-54.903851114945304,6624.034540008089,-180.50926069762681,917.9807699875628,0.0,0.9980164135491004,6624.034540008089,917517.0067113157,10779.390772482371
2686,6635.96,6635.96,6591.86082418122,0.0018605554161838069,0,0,0,0,hold,False,0,0,-0.0001868257699028907,0,-54.904037940715206,6622.796999655288,-182.3437946150516,917.9807699875628,0.0,0.9980164135491004,6622.796999655288,917517.0067113157,10779.390772482371
2687,6634.96,6625.241048898814,0,0.0014648092982001066,0.9980164135491004,6605.487211209755,6.612099310520275,26.70191284559587,sell,False,0,0,-1.0,0,-55.904037940715206,6605.487211209755,-183.82325745168419,924.5928692980831,6605.487211209755,0.0,0.0,924129.1060218359,10779.390772482371
2688,6612.0,6620.207840110346,6626.834674785131,0.0012413551286064577,0.9967786334467339,6605.487211209755,6.605487211209755,0,buy,False,0,0,0,0,-55.904037940715206,6590.700324349805,-217.7917241807845,931.1983565092928,0.0,0.9967786334467339,6590.700324349805,930727.9877458345,10779.390772482371
2689,6618.51,6618.51,6626.834674785131,0.0017710218645877345,0,0,0,0,buy,True,0,0,0,0,-55.904037940715206,6597.189353253543,-208.16042111430215,931.1983565092928,0.0,0.9967786334467339,6597.189353253543,930727.9877458345,10779.390772482371
2690,6631.0,6631.0,6626.834674785131,0.0017793593111460621,0,0,0,0,buy,True,0,0,0,0,-55.904037940715206,6609.639118385292,-189.68193028475253,931.1983565092928,0.0,0.9967786334467339,6609.639118385292,930727.9877458345,10779.390772482371
2691,6561.53,6561.53,6626.834674785131,0.001321495663212614,0,0,0,0,buy,True,0,0,0,0,-55.904037940715206,6540.392906719748,-292.4602135456662,931.1983565092928,0.0,0.9967786334467339,6540.392906719748,930727.9877458345,10779.390772482371
2692,6367.82,6367.82,6626.834674785131,0.0016868074592439107,0,0,0,0,buy,True,0,0,0,0,-55.904037940715206,6347.306917634781,-579.046959629899,931.1983565092928,0.0,0.9967786334467339,6347.306917634781,930727.9877458345,10779.390772482371
2693,6311.99,6311.99,6626.834674785131,0.0010656547969689714,0,0,0,0,hold,False,0,0,-0.008767521695022784,0,-55.912805462410226,6291.65676652945,-661.6453697991346,931.1983565092928,0.0,0.9967786334467339,6291.65676652945,930727.9877458345,10779.390772482371
2694,6340.52,6340.52,6626.834674785131,0.0012545437902638796,0,0,0,0,buy,True,0,0,0,0,-55.912805462410226,6320.0948609416855,-619.4362950699851,931.1983565092928,0.0,0.9967786334467339,6320.0948609416855,930727.9877458345,10779.390772482371
2695,6341.0,6341.0,6626.834674785131,0.0014767381853123221,0,0,0,0,hold,False,0,0,7.57035700540745e-05,0,-55.91272975884017,6320.573314685739,-618.7261529084026,931.1983565092928,0.0,0.9967786334467339,6320.573314685739,930727.9877458345,10779.390772482371
2696,6323.0,6323.0,6626.834674785131,0.0010417607383567747,0,0,0,0,hold,False,0,0,-0.002838668979656149,0,-55.91556842781983,6302.631299283698,-645.356483967802,931.1983565092928,0.0,0.9967786334467339,6302.631299283698,930727.9877458345,10779.390772482371
2697,6294.01,6294.01,6626.834674785131,0.0015301285808120412,0,0,0,0,hold,False,0,0,-0.004584848964099267,0,-55.92015327678393,6273.734686700078,-688.2461116018003,931.1983565092928,0.0,0.9967786334467339,6273.734686700078,930727.9877458345,10779.390772482371
2698,6300.86,6300.86,6626.834674785131,0.0015821447614061425,0,0,0,0,buy,True,0,0,0,0,-55.92015327678393,6280.562620339188,-678.1117911708625,931.1983565092928,0.0,0.9967786334467339,6280.562620339188,930727.9877458345,10779.390772482371
2699,6303.87,6303.87,6626.834674785131,0.0010442581422708144,0,0,0,0,buy,True,0,0,0,0,-55.92015327678393,6283.562924025862,-673.658608032596,931.1983565092928,0.0,0.9967786334467339,6283.562924025862,930727.9877458345,10779.390772482371
2700,6310.0,6310.0,6626.834674785131,0.0015570836619245444,0,0,0,0,hold,False,0,0,0.000972418530204423,0,-55.919180858253725,6289.6731770488905,-664.589500844033,931.1983565092928,0.0,0.9967786334467339,6289.6731770488905,930727.9877458345,10779.390772482371
2701,6306.88,6306.88,6626.834674785131,0.001807939229530603,0,0,0,0,hold,False,0,0,-0.0004944532488113717,0,-55.91967531150254,6286.563227712537,-669.2054248943296,931.1983565092928,0.0,0.9967786334467339,6286.563227712537,930727.9877458345,10779.390772482371
2702,6281.61,6281.61,6626.834674785131,0.0016981172049271472,0,0,0,0,buy,True,0,0,0,0,-55.91967531150254,6261.374631645338,-706.5914507760535,931.1983565092928,0.0,0.9967786334467339,6261.374631645338,930727.9877458345,10779.390772482371
2703,6288.21,6288.21,6626.834674785131,0.0017863595699051608,0,0,0,0,buy,True,0,0,0,0,-55.91967531150254,6267.953370626086,-696.826996054273,931.1983565092928,0.0,0.9967786334467339,6267.953370626086,930727.9877458345,10779.390772482371
2704,6309.0,6309.0,6626.834674785131,0.0015170890381239407,0,0,0,0,buy,True,0,0,0,0,-55.91967531150254,6288.676398415444,-666.0689636806674,931.1983565092928,0.0,0.9967786334467339,6288.676398415444,930727.9877458345,10779.390772482371
2705,6311.0,6311.0,6626.834674785131,0.0011977133330282786,0,0,0,0,buy,True,0,0,0,0,-55.91967531150254,6290.669955682338,-663.1100380074004,931.1983565092928,0.0,0.9967786334467339,6290.669955682338,930727.9877458345,10779.390772482371
2706,6294.09,6294.09,6626.834674785131,0.0011024332333332654,0,0,0,0,buy,True,0,0,0,0,-55.91967531150254,6273.814428990753,-688.127754574869,931.1983565092928,0.0,0.9967786334467339,6273.814428990753,930727.9877458345,10779.390772482371
2707,6313.34,6313.34,6626.834674785131,0.001762803627760331,0,0,0,0,buy,True,0,0,0,0,-55.91967531150254,6293.002417684603,-659.6480949696779,931.1983565092928,0.0,0.9967786334467339,6293.002417684603,930727.9877458345,10779.390772482371
2708,6317.0,6317.0,6626.834674785131,0.001881789539426245,0,0,0,0,hold,False,0,0,0.0005797248366158471,0,-55.91909558666592,6296.650627483018,-654.2332609876012,931.1983565092928,0.0,0.9967786334467339,6296.650627483018,930727.9877458345,10779.390772482371
2709,6296.51,6296.51,6626.834674785131,0.0011746449958418375,0,0,0,0,buy,True,0,0,0,0,-55.91909558666592,6276.226633283694,-684.547454510217,931.1983565092928,0.0,0.9967786334467339,6276.226633283694,930727.9877458345,10779.390772482371
2710,6298.12,6298.12,6626.834674785131,0.001511500389056129,0,0,0,0,buy,True,0,0,0,0,-55.91909558666592,6277.831446883543,-682.165519343238,931.1983565092928,0.0,0.9967786334467339,6277.831446883543,930727.9877458345,10779.390772482371
2711,6300.89,6300.89,6626.834674785131,0.0012676418713256522,0,0,0,0,buy,True,0,0,0,0,-55.91909558666592,6280.592523698191,-678.0674072857619,931.1983565092928,0.0,0.9967786334467339,6280.592523698191,930727.9877458345,10779.390772482371
2712,6301.26,6301.26,6626.834674785131,0.0013533697584940407,0,0,0,0,buy,True,0,0,0,0,-55.91909558666592,6280.961331792567,-677.5200060362076,931.1983565092928,0.0,0.9967786334467339,6280.961331792567,930727.9877458345,10779.390772482371
2713,6291.48,6291.48,6626.834674785131,0.0011433268360096828,0,0,0,0,buy,True,0,0,0,0,-55.91909558666592,6271.212836757457,-691.9891525784824,931.1983565092928,0.0,0.9967786334467339,6271.212836757457,930727.9877458345,10779.390772482371
2714,6252.68,6252.68,6626.834674785131,0.0015767126940712094,0,0,0,0,buy,True,0,0,0,0,-55.91909558666592,6232.537825779725,-749.3923106398524,931.1983565092928,0.0,0.9967786334467339,6232.537825779725,930727.9877458345,10779.390772482371
2715,6251.83,6251.83,6626.834674785131,0.0018475145455780812,0,0,0,0,buy,True,0,0,0,0,-55.91909558666592,6231.690563941294,-750.649854050991,931.1983565092928,0.0,0.9967786334467339,6231.690563941294,930727.9877458345,10779.390772482371
2716,6282.42,6282.42,6626.834674785131,0.0013938625235923145,0,0,0,0,buy,True,0,0,0,0,-55.91909558666592,6262.18202233843,-705.3930858783788,931.1983565092928,0.0,0.9967786334467339,6262.18202233843,930727.9877458345,10779.390772482371
2717,6291.62,6291.62,6626.834674785131,0.0011891048570562873,0,0,0,0,buy,True,0,0,0,0,-55.91909558666592,6271.352385766139,-691.7820277813535,931.1983565092928,0.0,0.9967786334467339,6271.352385766139,930727.9877458345,10779.390772482371
2718,6308.11,6308.11,6626.834674785131,0.0013075461513330138,0,0,0,0,buy,True,0,0,0,0,-55.91909558666592,6287.7892654316765,-667.3856856052716,931.1983565092928,0.0,0.9967786334467339,6287.7892654316765,930727.9877458345,10779.390772482371
2719,6315.99,6315.99,6626.834674785131,0.0013834439244555994,0,0,0,0,buy,True,0,0,0,0,-55.91909558666592,6295.643881063236,-655.7275184526006,931.1983565092928,0.0,0.9967786334467339,6295.643881063236,930727.9877458345,10779.390772482371
2720,6319.0,6319.0,6626.834674785131,0.001795732200886286,0,0,0,0,buy,True,0,0,0,0,-55.91909558666592,6298.644184749912,-651.2743353143342,931.1983565092928,0.0,0.9967786334467339,6298.644184749912,930727.9877458345,10779.390772482371
2721,6328.69,6328.69,6626.834674785131,0.0013556482645462864,0,0,0,0,buy,True,0,0,0,0,-55.91909558666592,6308.30296970801,-636.9383404273576,931.1983565092928,0.0,0.9967786334467339,6308.30296970801,930727.9877458345,10779.390772482371
2722,6332.61,6332.61,6626.834674785131,0.0018036591163323977,0,0,0,0,buy,True,0,0,0,0,-55.91909558666592,6312.210341951121,-631.1388461077568,931.1983565092928,0.0,0.9967786334467339,6312.210341951121,930727.9877458345,10779.390772482371
2723,6328.64,6328.64,6626.834674785131,0.0010363625493337505,0,0,0,0,buy,True,0,0,0,0,-55.91909558666592,6308.253130776338,-637.0123135691883,931.1983565092928,0.0,0.9967786334467339,6308.253130776338,930727.9877458345,10779.390772482371
2724,6305.99,6305.99,6626.834674785131,0.001340874586461776,0,0,0,0,buy,True,0,0,0,0,-55.91909558666592,6285.676094728769,-670.5221468189338,931.1983565092928,0.0,0.9967786334467339,6285.676094728769,930727.9877458345,10779.390772482371
2725,6313.36,6313.36,6626.834674785131,0.0012481451997438512,0,0,0,0,buy,True,0,0,0,0,-55.91909558666592,6293.022353257272,-659.618505712946,931.1983565092928,0.0,0.9967786334467339,6293.022353257272,930727.9877458345,10779.390772482371
2726,6309.49,6309.49,6626.834674785131,0.0012908883149704523,0,0,0,0,buy,True,0,0,0,0,-55.91909558666592,6289.164819945833,-665.3440268907179,931.1983565092928,0.0,0.9967786334467339,6289.164819945833,930727.9877458345,10779.390772482371
2727,6323.01,6323.01,6626.834674785131,0.0017223227712592016,0,0,0,0,buy,True,0,0,0,0,-55.91909558666592,6302.641267070033,-645.3416893394351,931.1983565092928,0.0,0.9967786334467339,6302.641267070033,930727.9877458345,10779.390772482371
2728,6313.24,6313.24,6626.834674785131,0.001680068188303991,0,0,0,0,buy,True,0,0,0,0,-55.91909558666592,6292.902739821258,-659.796041253343,931.1983565092928,0.0,0.9967786334467339,6292.902739821258,930727.9877458345,10779.390772482371
2729,6319.96,6319.96,6626.834674785131,0.0015553115077456645,0,0,0,0,buy,True,0,0,0,0,-55.91909558666592,6299.60109223802,-649.8540509911654,931.1983565092928,0.0,0.9967786334467339,6299.60109223802,930727.9877458345,10779.390772482371
2730,6341.69,6341.69,6626.834674785131,0.001605316830726051,0,0,0,0,buy,True,0,0,0,0,-55.91909558666592,6321.261091942817,-617.7053235511266,931.1983565092928,0.0,0.9967786334467339,6321.261091942817,930727.9877458345,10779.390772482371
2731,6325.01,6325.01,6626.834674785131,0.0015857817017686936,0,0,0,0,buy,True,0,0,0,0,-55.91909558666592,6304.634824336927,-642.3827636661681,931.1983565092928,0.0,0.9967786334467339,6304.634824336927,930727.9877458345,10779.390772482371
2732,6306.37,6294.572224850475,0,0.0018707711646357822,0.9967786334467339,6268.020805317806,6.274295100418224,-337.46640589194885,sell,False,0,0,-1.0,0,-56.91909558666592,6268.020805317806,-669.9599509410127,937.4726516097111,6268.020805317806,0.0,0.0,937002.2828462528,10779.390772482371
2733,6311.44,6311.44,0,0.0012446498572989966,0,0,0,0,sell,True,0,0,0,0,-56.91909558666592,6268.020805317806,-662.4590743592817,937.4726516097111,6268.020805317806,0.0,0.0,937002.2828462528,10779.390772482371
2734,6320.52,6320.52,0,0.0018099469026583458,0,0,0,0,sell,True,0,0,0,0,-56.91909558666592,6268.020805317806,-649.0255518026515,937.4726516097111,6268.020805317806,0.0,0.0,937002.2828462528,10779.390772482371
2735,6322.22,6322.22,0,0.001613457061361742,0,0,0,0,hold,False,0,0,0,0,-56.91909558666592,6268.020805317806,-646.5104649803743,937.4726516097111,6268.020805317806,0.0,0.0,937002.2828462528,10779.390772482371
2736,6315.23,6315.23,0,0.0011705906271155602,0,0,0,0,sell,True,0,0,0,0,-56.91909558666592,6268.020805317806,-656.8519102084429,937.4726516097111,6268.020805317806,0.0,0.0,937002.2828462528,10779.390772482371
2737,6309.02,6316.721486683357,6323.044531214572,0.0012207104563556833,0.991297906313148,6268.020805317806,6.268020805317806,0,buy,False,0,0,0,0,-56.91909558666592,6254.118316887777,-666.0393744239336,943.7406724150289,0.0,0.991297906313148,6254.118316887777,943264.0356307653,10779.390772482371
2738,6298.01,6298.01,6323.044531214572,0.0014560374798311888,0,0,0,0,hold,False,0,0,-0.0017451204782992912,0,-56.920840707144215,6243.204126939269,-682.3282602552663,943.7406724150289,0.0,0.991297906313148,6243.204126939269,943264.0356307653,10779.390772482371
2739,6317.31,6317.31,6323.044531214572,0.001134521168020595,0,0,0,0,hold,False,0,0,0.0030644600437280565,0,-56.917776247100484,6262.336176531113,-653.7746275082445,943.7406724150289,0.0,0.991297906313148,6262.336176531113,943264.0356307653,10779.390772482371
2740,6318.3,6318.3,6323.044531214572,0.0015591181884231646,0,0,0,0,hold,False,0,0,0.00015671227152070445,0,-56.917619534828965,6263.317561458363,-652.309959299977,943.7406724150289,0.0,0.991297906313148,6263.317561458363,943264.0356307653,10779.390772482371
2741,6310.25,6310.25,6323.044531214572,0.0012509462315693576,0,0,0,0,hold,False,0,0,-0.0012740768877705104,0,-56.91889361171673,6255.337613312542,-664.2196351348757,943.7406724150289,0.0,0.991297906313148,6255.337613312542,943264.0356307653,10779.390772482371
2742,6296.01,6296.01,6323.044531214572,0.001520807705804828,0,0,0,0,hold,False,0,0,-0.0022566459332039354,0,-56.921150257649934,6241.221531126643,-685.2871859285333,943.7406724150289,0.0,0.991297906313148,6241.221531126643,943264.0356307653,10779.390772482371
2743,6315.09,6315.09,6323.044531214572,0.0011529614998350966,0,0,0,0,buy,True,0,0,0,0,-56.921150257649934,6260.135495179097,-657.05903500557,943.7406724150289,0.0,0.991297906313148,6260.135495179097,943264.0356307653,10779.390772482371
2744,6311.2,6311.2,6323.044531214572,0.0016503615569469022,0,0,0,0,hold,False,0,0,-0.0006159848869928582,0,-56.921766242536926,6256.279346323539,-662.8141454400738,943.7406724150289,0.0,0.991297906313148,6256.279346323539,943264.0356307653,10779.390772482371
2745,6321.04,6321.04,6323.044531214572,0.0017586369577333601,0,0,0,0,hold,False,0,0,0.0015591329699581563,0,-56.92020710956697,6266.033717721661,-648.2562311276033,943.7406724150289,0.0,0.991297906313148,6266.033717721661,943264.0356307653,10779.390772482371
2746,6318.47,6318.47,6323.044531214572,0.001969201252397682,0,0,0,0,hold,False,0,0,-0.00040657866427044133,0,-56.920613688231235,6263.486082102436,-652.0584506177493,943.7406724150289,0.0,0.991297906313148,6263.486082102436,943264.0356307653,10779.390772482371
2747,6312.02,6312.02,6323.044531214572,0.001433875615441153,0,0,0,0,buy,True,0,0,0,0,-56.920613688231235,6257.092210606716,-661.600985914034,943.7406724150289,0.0,0.991297906313148,6257.092210606716,943264.0356307653,10779.390772482371
2748,6322.77,6322.77,6323.044531214572,0.001175515523477439,0,0,0,0,hold,False,0,0,0.0017030998000639927,0,-56.918910588431174,6267.748663099583,-645.6967604202255,943.7406724150289,0.0,0.991297906313148,6267.748663099583,943264.0356307653,10779.390772482371
2749,6326.08,6326.08,6323.044531214572,0.0010367054832703668,0,0,0,0,hold,False,0,0,0.0005235047297307786,0,-56.91838708370145,6271.029859169479,-640.799738430971,943.7406724150289,0.0,0.991297906313148,6271.029859169479,943264.0356307653,10779.390772482371
2750,6327.25,6327.25,6323.044531214572,0.0012190908478500627,0,0,0,0,hold,False,0,0,0.0001849486569881946,0,-56.91820213504446,6272.189677719865,-639.0687669121089,943.7406724150289,0.0,0.991297906313148,6272.189677719865,943264.0356307653,10779.390772482371
2751,6325.28,6325.28,6323.044531214572,0.0018581552353215272,0,0,0,0,hold,False,0,0,-0.00031135169307358395,0,-56.91851348673753,6270.236820844429,-641.9833087002771,943.7406724150289,0.0,0.991297906313148,6270.236820844429,943264.0356307653,10779.390772482371
2752,6315.35,6315.35,6323.044531214572,0.0013685668653691402,0,0,0,0,hold,False,0,0,-0.001569890977158264,0,-56.92008337771469,6260.393232634739,-656.6743746680459,943.7406724150289,0.0,0.991297906313148,6260.393232634739,943264.0356307653,10779.390772482371
2753,6335.35,6335.35,6323.044531214572,0.0018022016192045533,0,0,0,0,buy,True,0,0,0,0,-56.92008337771469,6280.219190761002,-627.0851179353795,943.7406724150289,0.0,0.991297906313148,6280.219190761002,943264.0356307653,10779.390772482371
2754,6329.26,6329.26,6323.044531214572,0.0016582790933857717,0,0,0,0,buy,True,0,0,0,0,-56.92008337771469,6274.182186511555,-636.0950466104769,943.7406724150289,0.0,0.991297906313148,6274.182186511555,943264.0356307653,10779.390772482371
2755,6327.1,6327.1,6323.044531214572,0.0010914994653436136,0,0,0,0,buy,True,0,0,0,0,-56.92008337771469,6272.040983033919,-639.2906863376047,943.7406724150289,0.0,0.991297906313148,6272.040983033919,943264.0356307653,10779.390772482371
2756,6325.62,6325.62,6323.044531214572,0.001601227990951012,0,0,0,0,buy,True,0,0,0,0,-56.92008337771469,6270.5738621325745,-641.4802913358217,943.7406724150289,0.0,0.991297906313148,6270.5738621325745,943264.0356307653,10779.390772482371
2757,6306.93,6306.93,6323.044531214572,0.0015268747420216664,0,0,0,0,buy,True,0,0,0,0,-56.92008337771469,6252.046504263582,-669.131451752497,943.7406724150289,0.0,0.991297906313148,6252.046504263582,943264.0356307653,10779.390772482371
2758,6326.01,6326.01,6323.044531214572,0.0015665461773876907,0,0,0,0,hold,False,0,0,0.0030252436605447716,0,-56.917058134054145,6270.960468316037,-640.9033008295355,943.7406724150289,0.0,0.991297906313148,6270.960468316037,943264.0356307653,10779.390772482371
2759,6316.49,6316.49,6323.044531214572,0.0013648505668601488,0,0,0,0,buy,True,0,0,0,0,-56.917058134054145,6261.523312247936,-654.9877870342843,943.7406724150289,0.0,0.991297906313148,6261.523312247936,943264.0356307653,10779.390772482371
2760,6323.15,6323.15,6323.044531214572,0.0014101711809631715,0,0,0,0,buy,True,0,0,0,0,-56.917058134054145,6268.125356303981,-645.1345645423062,943.7406724150289,0.0,0.991297906313148,6268.125356303981,943264.0356307653,10779.390772482371
2761,6333.3,6333.3,6323.044531214572,0.001360025492752402,0,0,0,0,hold,False,0,0,0.001605212591825379,0,-56.91545292146232,6278.18703005306,-630.118016750479,943.7406724150289,0.0,0.991297906313148,6278.18703005306,943264.0356307653,10779.390772482371
2762,6332.93,6332.93,6323.044531214572,0.0014284278239458503,0,0,0,0,hold,False,0,0,-5.842136011240937e-05,0,-56.915511342822434,6277.820249827724,-630.6654180000314,943.7406724150289,0.0,0.991297906313148,6277.820249827724,943264.0356307653,10779.390772482371
2763,6326.35,6326.35,6323.044531214572,0.0013311979648392078,0,0,0,0,buy,True,0,0,0,0,-56.915511342822434,6271.297509604184,-640.4002834650801,943.7406724150289,0.0,0.991297906313148,6271.297509604184,943264.0356307653,10779.390772482371
2764,6341.01,6341.01,6323.044531214572,0.0011263968137827343,0,0,0,0,hold,False,0,0,0.0023172919613995424,0,-56.91319405086104,6285.829936910734,-618.7113582800357,943.7406724150289,0.0,0.991297906313148,6285.829936910734,943264.0356307653,10779.390772482371
2765,6340.0,6340.0,6323.044531214572,0.001642475445378716,0,0,0,0,hold,False,0,0,-0.0001592806193334953,0,-56.91335333148037,6284.828726025358,-620.2056157450352,943.7406724150289,0.0,0.991297906313148,6284.828726025358,943264.0356307653,10779.390772482371
2766,6363.11,6363.11,6323.044531214572,0.0012368330120657053,0,0,0,0,hold,False,0,0,0.0036451104100944814,0,-56.909708221070275,6307.737620640254,-586.0152295904409,943.7406724150289,0.0,0.991297906313148,6307.737620640254,943264.0356307653,10779.390772482371
2767,6391.67,6391.67,6323.044531214572,0.0014946804130521155,0,0,0,0,hold,False,0,0,0.004488371252422278,0,-56.905219849817854,6336.049088844558,-543.7617709761944,943.7406724150289,0.0,0.991297906313148,6336.049088844558,943264.0356307653,10779.390772482371
2768,6375.73,6375.73,6323.044531214572,0.0010420334107372608,0,0,0,0,buy,True,0,0,0,0,-56.905219849817854,6320.247800217927,-567.3444085921292,943.7406724150289,0.0,0.991297906313148,6320.247800217927,943264.0356307653,10779.390772482371
2769,6380.99,6380.99,6323.044531214572,0.0015262791707357564,0,0,0,0,buy,True,0,0,0,0,-56.905219849817854,6325.462027205133,-559.5624340714385,943.7406724150289,0.0,0.991297906313148,6325.462027205133,943264.0356307653,10779.390772482371
2770,6379.95,6379.95,6323.044531214572,0.0013445252144097973,0,0,0,0,buy,True,0,0,0,0,-56.905219849817854,6324.431077382568,-561.1010754215367,943.7406724150289,0.0,0.991297906313148,6324.431077382568,943264.0356307653,10779.390772482371
2771,6380.99,6380.99,6323.044531214572,0.0014272618121206485,0,0,0,0,buy,True,0,0,0,0,-56.905219849817854,6325.462027205133,-559.5624340714385,943.7406724150289,0.0,0.991297906313148,6325.462027205133,943264.0356307653,10779.390772482371
2772,6361.01,6361.01,6323.044531214572,0.0017948469478102022,0,0,0,0,buy,True,0,0,0,0,-56.905219849817854,6305.655895036997,-589.1221015473693,943.7406724150289,0.0,0.991297906313148,6305.655895036997,943264.0356307653,10779.390772482371
2773,6354.12,6354.12,6323.044531214572,0.0014315779573605596,0,0,0,0,hold,False,0,0,-0.0010831613218655202,0,-56.90630301113972,6298.8258524625,-599.3156004917746,943.7406724150289,0.0,0.991297906313148,6298.8258524625,943264.0356307653,10779.390772482371
2774,6361.01,6361.01,6323.044531214572,0.0015222691955991785,0,0,0,0,hold,False,0,0,0.0010843358324991962,0,-56.90521867530722,6305.655895036997,-589.1221015473693,943.7406724150289,0.0,0.991297906313148,6305.655895036997,943264.0356307653,10779.390772482371
2775,6379.98,6379.98,6323.044531214572,0.0013993012964763933,0,0,0,0,hold,False,0,0,0.002982230809258213,0,-56.90223644449796,6324.460816319757,-561.0566915364379,943.7406724150289,0.0,0.991297906313148,6324.460816319757,943264.0356307653,10779.390772482371
2776,6360.06,6360.06,6323.044531214572,0.0019492603163627363,0,0,0,0,hold,False,0,0,-0.003122266840961784,0,-56.90535871133892,6304.714162026,-590.5275912421712,943.7406724150289,0.0,0.991297906313148,6304.714162026,943264.0356307653,10779.390772482371
2777,6366.99,6366.99,6323.044531214572,0.0016473933282173574,0,0,0,0,hold,False,0,0,0.0010896123621474579,0,-56.90426909897677,6311.58385651675,-580.2749137843039,943.7406724150289,0.0,0.991297906313148,6311.58385651675,943264.0356307653,10779.390772482371
2778,6380.77,6380.77,6323.044531214572,0.0011019733540540192,0,0,0,0,hold,False,0,0,0.0021642879916570473,0,-56.902104810985115,6325.243941665745,-559.8879158954969,943.7406724150289,0.0,0.991297906313148,6325.243941665745,943264.0356307653,10779.390772482371
2779,6396.0,6396.0,6323.044531214572,0.0016540439935978277,0,0,0,0,hold,False,0,0,0.0023868592662013638,0,-56.89971795171891,6340.341408778894,-537.3556968935718,943.7406724150289,0.0,0.991297906313148,6340.341408778894,943264.0356307653,10779.390772482371
2780,6387.01,6387.01,6323.044531214572,0.0017606392866680758,0,0,0,0,hold,False,0,0,-0.0014055659787367137,0,-56.90112351769765,6331.429640601139,-550.6560677949055,943.7406724150289,0.0,0.991297906313148,6331.429640601139,943264.0356307653,10779.390772482371
2781,6397.0,6397.0,6323.044531214572,0.0012854194246461888,0,0,0,0,buy,True,0,0,0,0,-56.90112351769765,6341.332706685207,-535.8762340569392,943.7406724150289,0.0,0.991297906313148,6341.332706685207,943264.0356307653,10779.390772482371
2782,6404.33,6404.33,6323.044531214572,0.0013508548035536683,0,0,0,0,buy,True,0,0,0,0,-56.90112351769765,6348.5989203384825,-525.031771464417,943.7406724150289,0.0,0.991297906313148,6348.5989203384825,943264.0356307653,10779.390772482371
2783,6367.0,6367.0,6323.044531214572,0.0016369109674332812,0,0,0,0,hold,False,0,0,-0.005828868905880822,0,-56.90695238660353,6311.593769495813,-580.260119155937,943.7406724150289,0.0,0.991297906313148,6311.593769495813,943264.0356307653,10779.390772482371
2784,6356.15,6356.15,6323.044531214572,0.0017419367841612684,0,0,0,0,hold,False,0,0,-0.001704099261818722,0,-56.90865648586535,6300.8381872123155,-596.3122909334088,943.7406724150289,0.0,0.991297906313148,6300.8381872123155,943264.0356307653,10779.390772482371
2785,6363.35,6363.35,6323.044531214572,0.0019254117945301315,0,0,0,0,hold,False,0,0,0.0011327611840501752,0,-56.9075237246813,6307.975532137771,-585.6601585096487,943.7406724150289,0.0,0.991297906313148,6307.975532137771,943264.0356307653,10779.390772482371
2786,6339.34,6339.34,6323.044531214572,0.001359990250284542,0,0,0,0,buy,True,0,0,0,0,-56.9075237246813,6284.174469407191,-621.1820612172141,943.7406724150289,0.0,0.991297906313148,6284.174469407191,943264.0356307653,10779.390772482371
2787,6346.52,6346.52,6323.044531214572,0.0014246694392227126,0,0,0,0,hold,False,0,0,0.0011326100193395808,0,-56.90639111466196,6291.29198837452,-610.5595180501859,943.7406724150289,0.0,0.991297906313148,6291.29198837452,943264.0356307653,10779.390772482371
2788,6379.34,6379.34,6323.044531214572,0.0018001137069336894,0,0,0,0,buy,True,0,0,0,0,-56.90639111466196,6323.826385659718,-562.0035477518813,943.7406724150289,0.0,0.991297906313148,6323.826385659718,943264.0356307653,10779.390772482371
2789,6366.26,6366.26,6323.044531214572,0.0018233484372468327,0,0,0,0,buy,True,0,0,0,0,-56.90639111466196,6310.860209045141,-581.3549216550455,943.7406724150289,0.0,0.991297906313148,6310.860209045141,943264.0356307653,10779.390772482371
2790,6380.0,6380.0,6323.044531214572,0.00134216016492812,0,0,0,0,buy,True,0,0,0,0,-56.90639111466196,6324.480642277884,-561.0271022797042,943.7406724150289,0.0,0.991297906313148,6324.480642277884,943264.0356307653,10779.390772482371
2791,6392.49,6392.49,6323.044531214572,0.001723025238383953,0,0,0,0,hold,False,0,0,0.001957680250783618,0,-56.904433434411175,6336.8619531277345,-542.5486114501546,943.7406724150289,0.0,0.991297906313148,6336.8619531277345,943264.0356307653,10779.390772482371
2792,6700.0,6700.0,6323.044531214572,0.0016391359364806928,0,0,0,0,hold,False,0,0,0.04810488557666893,0,-56.856328548834504,6641.695972298091,-87.59899455705636,943.7406724150289,0.0,0.991297906313148,6641.695972298091,943264.0356307653,10779.390772482371
2793,7410.03,7410.03,6323.044531214572,0.0017437160981754567,0,0,0,0,hold,False,0,0,0.1059746268656717,0,-56.75035392196883,7345.547224717616,962.8640033376669,943.7406724150289,0.0,0.991297906313148,7345.547224717616,943264.0356307653,10779.390772482371
2794,6860.25,6860.25,6323.044531214572,0.0015613245240225563,0,0,0,0,buy,True,0,0,0,0,-56.75035392196883,6800.551461784773,149.48492501342662,943.7406724150289,0.0,0.991297906313148,6800.551461784773,943264.0356307653,10779.390772482371
2795,6828.3,6828.3,6323.044531214572,0.0018260711991045758,0,0,0,0,buy,True,0,0,0,0,-56.75035392196883,6768.879493678069,102.21608738299255,943.7406724150289,0.0,0.991297906313148,6768.879493678069,943264.0356307653,10779.390772482371
2796,6860.84,6860.84,6323.044531214572,0.0018993907298502808,0,0,0,0,hold,False,0,0,0.004765461388632491,0,-56.7455884605802,6801.136327549498,150.3578080870393,943.7406724150289,0.0,0.991297906313148,6801.136327549498,943264.0356307653,10779.390772482371
2797,6931.96,6931.96,6323.044531214572,0.0019340092078660844,0,0,0,0,buy,True,0,0,0,0,-56.7455884605802,6871.637434646489,255.57720502839766,943.7406724150289,0.0,0.991297906313148,6871.637434646489,943264.0356307653,10779.390772482371
2798,6982.28,6982.28,6323.044531214572,0.0017312864724932484,0,0,0,0,buy,True,0,0,0,0,-56.7455884605802,6921.519545292166,330.02377496778354,943.7406724150289,0.0,0.991297906313148,6921.519545292166,943264.0356307653,10779.390772482371
2799,6934.97,6934.97,6323.044531214572,0.0015211204868863612,0,0,0,0,buy,True,0,0,0,0,-56.7455884605802,6874.621241344492,260.0303881666641,943.7406724150289,0.0,0.991297906313148,6874.621241344492,943264.0356307653,10779.390772482371
2800,6950.54,6950.54,6323.044531214572,0.0014321186447372708,0,0,0,0,hold,False,0,0,0.0022451430936254956,0,-56.74334331748658,6890.055749745788,283.0656245330447,943.7406724150289,0.0,0.991297906313148,6890.055749745788,943264.0356307653,10779.390772482371
2801,6861.32,6861.32,6323.044531214572,0.0011009621906810198,0,0,0,0,buy,True,0,0,0,0,-56.74334331748658,6801.612150544528,151.06795024862367,943.7406724150289,0.0,0.991297906313148,6801.612150544528,943264.0356307653,10779.390772482371
2802,6907.01,6907.01,6323.044531214572,0.0011570531079165315,0,0,0,0,buy,True,0,0,0,0,-56.74334331748658,6846.904551883977,218.66460725439902,943.7406724150289,0.0,0.991297906313148,6846.904551883977,943264.0356307653,10779.390772482371
2803,6927.49,6927.49,6323.044531214572,0.0011414104425466875,0,0,0,0,buy,True,0,0,0,0,-56.74334331748658,6867.206333005269,248.96400614864615,943.7406724150289,0.0,0.991297906313148,6867.206333005269,943264.0356307653,10779.390772482371
2804,6878.67,6878.67,6323.044531214572,0.0013982593815546013,0,0,0,0,buy,True,0,0,0,0,-56.74334331748658,6818.811169219061,176.73663046421098,943.7406724150289,0.0,0.991297906313148,6818.811169219061,943264.0356307653,10779.390772482371
2805,6812.57,6812.57,6323.044531214572,0.0015015016602720618,0,0,0,0,buy,True,0,0,0,0,-56.74334331748658,6753.286377611762,78.94413696275114,943.7406724150289,0.0,0.991297906313148,6753.286377611762,943264.0356307653,10779.390772482371
2806,6741.0,6741.0,6323.044531214572,0.0018516992595179174,0,0,0,0,buy,True,0,0,0,0,-56.74334331748658,6682.33918645693,-26.941018255092786,943.7406724150289,0.0,0.991297906313148,6682.33918645693,943264.0356307653,10779.390772482371
2807,6708.0,6708.0,6323.044531214572,0.0016406173616695069,0,0,0,0,buy,True,0,0,0,0,-56.74334331748658,6649.626355548597,-75.76329186399016,943.7406724150289,0.0,0.991297906313148,6649.626355548597,943264.0356307653,10779.390772482371
2808,6658.47,6658.47,6323.044531214572,0.0010222086599564121,0,0,0,0,buy,True,0,0,0,0,-56.74334331748658,6600.527370248907,-149.04108616243684,943.7406724150289,0.0,0.991297906313148,6600.527370248907,943264.0356307653,10779.390772482371
2809,6722.86,6722.86,6323.044531214572,0.001058858644280705,0,0,0,0,buy,True,0,0,0,0,-56.74334331748658,6664.35704243641,-53.77847411162111,943.7406724150289,0.0,0.991297906313148,6664.35704243641,943264.0356307653,10779.390772482371
2810,6752.5,6752.5,6323.044531214572,0.00193489082403613,0,0,0,0,buy,True,0,0,0,0,-56.74334331748658,6693.739112379531,-9.927195633808878,943.7406724150289,0.0,0.991297906313148,6693.739112379531,943264.0356307653,10779.390772482371
2811,6732.2,6732.2,6323.044531214572,0.0016976560854022912,0,0,0,0,buy,True,0,0,0,0,-56.74334331748658,6673.615764881374,-39.960291217465056,943.7406724150289,0.0,0.991297906313148,6673.615764881374,943264.0356307653,10779.390772482371
2812,6718.9,6718.9,6323.044531214572,0.0018983652617182453,0,0,0,0,buy,True,0,0,0,0,-56.74334331748658,6660.43150272741,-59.63714694468763,943.7406724150289,0.0,0.991297906313148,6660.43150272741,943264.0356307653,10779.390772482371
2813,6744.97,6744.97,6323.044531214572,0.0013802486192834107,0,0,0,0,buy,True,0,0,0,0,-56.74334331748658,6686.274639144994,-21.067550793657574,943.7406724150289,0.0,0.991297906313148,6686.274639144994,943264.0356307653,10779.390772482371
2814,6730.96,6730.96,6323.044531214572,0.0018589184461901666,0,0,0,0,buy,True,0,0,0,0,-56.74334331748658,6672.386555477547,-41.794825134889834,943.7406724150289,0.0,0.991297906313148,6672.386555477547,943264.0356307653,10779.390772482371
2815,6729.92,6729.92,6323.044531214572,0.0010237851223513807,0,0,0,0,hold,False,0,0,-0.00015450990646213934,0,-56.743497827393035,6671.3556056549805,-43.333466484988094,943.7406724150289,0.0,0.991297906313148,6671.3556056549805,943264.0356307653,10779.390772482371
2816,6862.12,6862.12,6323.044531214572,0.0013855478619430241,0,0,0,0,hold,False,0,0,0.019643621320907207,0,-56.723854206072126,6802.4051888695785,152.25152051792975,943.7406724150289,0.0,0.991297906313148,6802.4051888695785,943264.0356307653,10779.390772482371
2817,6818.01,6818.01,6323.044531214572,0.0016783693916213299,0,0,0,0,buy,True,0,0,0,0,-56.723854206072126,6758.679038222106,86.99241479403645,943.7406724150289,0.0,0.991297906313148,6758.679038222106,943264.0356307653,10779.390772482371
2818,6824.71,6824.71,6323.044531214572,0.0015922285950695485,0,0,0,0,buy,True,0,0,0,0,-56.723854206072126,6765.320734194404,96.90481579947846,943.7406724150289,0.0,0.991297906313148,6765.320734194404,943264.0356307653,10779.390772482371
2819,6759.67,6759.67,6323.044531214572,0.0018250358622793044,0,0,0,0,buy,True,0,0,0,0,-56.723854206072126,6700.846718367797,0.6805529048506287,943.7406724150289,0.0,0.991297906313148,6700.846718367797,943264.0356307653,10779.390772482371
2820,6755.0,6755.0,6323.044531214572,0.001931942457408044,0,0,0,0,buy,True,0,0,0,0,-56.723854206072126,6696.217357145314,-6.228538542225579,943.7406724150289,0.0,0.991297906313148,6696.217357145314,943264.0356307653,10779.390772482371
2821,6769.21,6769.21,6323.044531214572,0.0013816592578316514,0,0,0,0,hold,False,0,0,0.0021036269430052606,0,-56.72175057912912,6710.303700394024,14.7946283663332,943.7406724150289,0.0,0.991297906313148,6710.303700394024,943264.0356307653,10779.390772482371
2822,6797.9,6797.9,6323.044531214572,0.0015503513324602734,0,0,0,0,buy,True,0,0,0,0,-56.72175057912912,6738.744037326148,57.24041714933992,943.7406724150289,0.0,0.991297906313148,6738.744037326148,943264.0356307653,10779.390772482371
2823,6759.04,6759.04,6323.044531214572,0.0011344682598606558,0,0,0,0,hold,False,0,0,-0.005716471263184124,0,-56.727467050392306,6700.22220068682,-0.2515086822277226,943.7406724150289,0.0,0.991297906313148,6700.22220068682,943264.0356307653,10779.390772482371
2824,6755.46,6755.46,6323.044531214572,0.0019178517863208209,0,0,0,0,hold,False,0,0,-0.0005296610169491403,0,-56.727996711409254,6696.673354182219,-5.54798563737495,943.7406724150289,0.0,0.991297906313148,6696.673354182219,943264.0356307653,10779.390772482371
2825,6719.0,6719.0,6323.044531214572,0.0019297283626682363,0,0,0,0,buy,True,0,0,0,0,-56.727996711409254,6660.530632518041,-59.48920066102437,943.7406724150289,0.0,0.991297906313148,6660.530632518041,943264.0356307653,10779.390772482371
2826,6719.76,6719.76,6323.044531214572,0.0012541045920803837,0,0,0,0,buy,True,0,0,0,0,-56.727996711409254,6661.284018926839,-58.364808905182144,943.7406724150289,0.0,0.991297906313148,6661.284018926839,943264.0356307653,10779.390772482371
2827,6699.99,6699.99,6323.044531214572,0.0011973571448151599,0,0,0,0,buy,True,0,0,0,0,-56.727996711409254,6641.686059319028,-87.61378918542323,943.7406724150289,0.0,0.991297906313148,6641.686059319028,943264.0356307653,10779.390772482371
2828,6711.01,6711.01,6323.044531214572,0.001176493353051698,0,0,0,0,hold,False,0,0,0.0016447785742965116,0,-56.72635193283496,6652.610162246599,-71.3101087257237,943.7406724150289,0.0,0.991297906313148,6652.610162246599,943264.0356307653,10779.390772482371
2829,6730.66,6730.66,6323.044531214572,0.0010648725988467462,0,0,0,0,buy,True,0,0,0,0,-56.72635193283496,6672.089166105652,-42.23866398587961,943.7406724150289,0.0,0.991297906313148,6672.089166105652,943264.0356307653,10779.390772482371
2830,6729.01,6729.01,6323.044531214572,0.001806519694147489,0,0,0,0,buy,True,0,0,0,0,-56.72635193283496,6670.453524560236,-44.6797776663243,943.7406724150289,0.0,0.991297906313148,6670.453524560236,943264.0356307653,10779.390772482371
2831,6723.03,6723.03,6323.044531214572,0.0011503382171826925,0,0,0,0,buy,True,0,0,0,0,-56.72635193283496,6664.525563080483,-53.526965429393385,943.7406724150289,0.0,0.991297906313148,6664.525563080483,943264.0356307653,10779.390772482371
2832,6738.0,6738.0,6323.044531214572,0.0015816704763319646,0,0,0,0,buy,True,0,0,0,0,-56.72635193283496,6679.365292737991,-31.379406764992382,943.7406724150289,0.0,0.991297906313148,6679.365292737991,943264.0356307653,10779.390772482371
2833,6727.5,6727.5,6323.044531214572,0.0018141238498255302,0,0,0,0,buy,True,0,0,0,0,-56.72635193283496,6668.9566647217025,-46.91376654964188,943.7406724150289,0.0,0.991297906313148,6668.9566647217025,943264.0356307653,10779.390772482371
2834,6759.27,6759.27,6323.044531214572,0.001514861386649369,0,0,0,0,hold,False,0,0,0.004722408026755959,0,-56.7216295248082,6700.450199205272,0.08876777019759174,943.7406724150289,0.0,0.991297906313148,6700.450199205272,943264.0356307653,10779.390772482371
2835,6751.05,6751.05,6323.044531214572,0.0011104289142067842,0,0,0,0,hold,False,0,0,-0.0012161076565961383,0,-56.7228456324648,6692.301730415377,-12.072416746927047,943.7406724150289,0.0,0.991297906313148,6692.301730415377,943264.0356307653,10779.390772482371
2836,6752.84,6752.84,6323.044531214572,0.0018896228065325663,0,0,0,0,buy,True,0,0,0,0,-56.7228456324648,6694.076153667678,-9.424178269353433,943.7406724150289,0.0,0.991297906313148,6694.076153667678,943264.0356307653,10779.390772482371
2837,6765.0,6765.0,6323.044531214572,0.0013090471860973626,0,0,0,0,hold,False,0,0,0.0018007238435976934,0,-56.7210449086212,6706.130336208446,8.566089824105802,943.7406724150289,0.0,0.991297906313148,6706.130336208446,943264.0356307653,10779.390772482371
2838,6774.0,6774.0,6323.044531214572,0.0010535672756543616,0,0,0,0,buy,True,0,0,0,0,-56.7210449086212,6715.052017365264,21.88125535380641,943.7406724150289,0.0,0.991297906313148,6715.052017365264,943264.0356307653,10779.390772482371
2839,6776.71,6776.71,6323.044531214572,0.0010630747482432926,0,0,0,0,hold,False,0,0,0.00040005904930625865,0,-56.7206448495719,6717.738434691373,25.89059964108128,943.7406724150289,0.0,0.991297906313148,6717.738434691373,943264.0356307653,10779.390772482371
2840,6760.09,6760.09,6323.044531214572,0.0017865230556708858,0,0,0,0,hold,False,0,0,-0.0024525175195634127,0,-56.72309736709146,6701.263063488448,1.3019272962374089,943.7406724150289,0.0,0.991297906313148,6701.263063488448,943264.0356307653,10779.390772482371
2841,6764.02,6764.02,6323.044531214572,0.0018183316205310934,0,0,0,0,hold,False,0,0,0.0005813532068360649,0,-56.72251601388463,6705.158864260259,7.116216244206953,943.7406724150289,0.0,0.991297906313148,6705.158864260259,943264.0356307653,10779.390772482371
2842,6750.01,6750.01,6323.044531214572,0.0017183159160986741,0,0,0,0,buy,True,0,0,0,0,-56.72251601388463,6691.270780592812,-13.611058097025307,943.7406724150289,0.0,0.991297906313148,6691.270780592812,943264.0356307653,10779.390772482371
2843,6766.21,6766.21,6323.044531214572,0.0011135183906407476,0,0,0,0,buy,True,0,0,0,0,-56.72251601388463,6707.329806675085,10.356239856433604,943.7406724150289,0.0,0.991297906313148,6707.329806675085,943264.0356307653,10779.390772482371
2844,6733.38,6733.38,6323.044531214572,0.0017532844125701815,0,0,0,0,buy,True,0,0,0,0,-56.72251601388463,6674.785496410825,-38.21452507023787,943.7406724150289,0.0,0.991297906313148,6674.785496410825,943264.0356307653,10779.390772482371
2845,6703.19,6703.19,6323.044531214572,0.0011410763303034358,0,0,0,0,hold,False,0,0,-0.004483632291657554,0,-56.72699964617629,6644.85821261923,-82.87950810819711,943.7406724150289,0.0,0.991297906313148,6644.85821261923,943264.0356307653,10779.390772482371
2846,6726.13,6726.13,6323.044531214572,0.0018467570193782847,0,0,0,0,hold,False,0,0,0.003422251196818334,0,-56.72357739497947,6667.598586590054,-48.94063063582871,943.7406724150289,0.0,0.991297906313148,6667.598586590054,943264.0356307653,10779.390772482371
2847,6727.27,6727.27,6323.044531214572,0.001184668638014564,0,0,0,0,buy,True,0,0,0,0,-56.72357739497947,6668.728666203251,-47.25404300206719,943.7406724150289,0.0,0.991297906313148,6668.728666203251,943264.0356307653,10779.390772482371
2848,6715.02,6715.02,6323.044531214572,0.0018813540012297767,0,0,0,0,buy,True,0,0,0,0,-56.72357739497947,6656.585266850915,-65.37746275082463,943.7406724150289,0.0,0.991297906313148,6656.585266850915,943264.0356307653,10779.390772482371
2849,6746.0,6746.0,6323.044531214572,0.0018070823878123916,0,0,0,0,hold,False,0,0,0.0046135380088220155,0,-56.71896385697065,6687.295675988496,-19.543704071926186,943.7406724150289,0.0,0.991297906313148,6687.295675988496,943264.0356307653,10779.390772482371
2850,6748.02,6748.02,6323.044531214572,0.0018759468145694105,0,0,0,0,hold,False,0,0,0.0002994367032315111,0,-56.71866442026742,6689.298097759249,-16.55518914192544,943.7406724150289,0.0,0.991297906313148,6689.298097759249,943264.0356307653,10779.390772482371
2851,6751.02,6751.02,6323.044531214572,0.001782617716028018,0,0,0,0,hold,False,0,0,0.00044457485306802056,0,-56.71821984541435,6692.271991478188,-12.116800632025843,943.7406724150289,0.0,0.991297906313148,6692.271991478188,943264.0356307653,10779.390772482371
2852,6747.85,6747.85,6323.044531214572,0.0017787909395046903,0,0,0,0,buy,True,0,0,0,0,-56.71821984541435,6689.129577115175,-16.80669782415316,943.7406724150289,0.0,0.991297906313148,6689.129577115175,943264.0356307653,10779.390772482371
2853,6742.51,6742.51,6323.044531214572,0.0019202926204706598,0,0,0,0,hold,False,0,0,-0.0007913631749371756,0,-56.71901120858929,6683.836046295463,-24.707029371775207,943.7406724150289,0.0,0.991297906313148,6683.836046295463,943264.0356307653,10779.390772482371
2854,6716.96,6716.96,6323.044531214572,0.0013735170596809465,0,0,0,0,hold,False,0,0,-0.0037893900046125973,0,-56.722800598593906,6658.508384789162,-62.50730484775522,943.7406724150289,0.0,0.991297906313148,6658.508384789162,943264.0356307653,10779.390772482371
2855,6729.41,6729.41,6323.044531214572,0.0015326748328629803,0,0,0,0,buy,True,0,0,0,0,-56.722800598593906,6670.850043722761,-44.08799253167126,943.7406724150289,0.0,0.991297906313148,6670.850043722761,943264.0356307653,10779.390772482371
2856,6734.67,6734.67,6323.044531214572,0.001418708616324481,0,0,0,0,hold,False,0,0,0.0007816435616197208,0,-56.72201895503229,6676.064270709968,-36.30601801098055,943.7406724150289,0.0,0.991297906313148,6676.064270709968,943264.0356307653,10779.390772482371
2857,6738.0,6738.0,6323.044531214572,0.0010666029916629053,0,0,0,0,hold,False,0,0,0.000494456298526909,0,-56.721524498733764,6679.365292737991,-31.379406764992382,943.7406724150289,0.0,0.991297906313148,6679.365292737991,943264.0356307653,10779.390772482371
2858,6740.89,6740.89,6323.044531214572,0.001992670490902842,0,0,0,0,hold,False,0,0,0.0004289106559811413,0,-56.72109558807778,6682.230143687237,-27.103759167121098,943.7406724150289,0.0,0.991297906313148,6682.230143687237,943264.0356307653,10779.390772482371
2859,6740.9,6740.9,6323.044531214572,0.0012913718687347264,0,0,0,0,buy,True,0,0,0,0,-56.72109558807778,6682.240056666299,-27.088964538756045,943.7406724150289,0.0,0.991297906313148,6682.240056666299,943264.0356307653,10779.390772482371
2860,6734.28,6734.28,6323.044531214572,0.0013608997114290717,0,0,0,0,buy,True,0,0,0,0,-56.72109558807778,6675.677664526505,-36.883008517268536,943.7406724150289,0.0,0.991297906313148,6675.677664526505,943264.0356307653,10779.390772482371
2861,6743.95,6743.95,6323.044531214572,0.0018135301388486165,0,0,0,0,hold,False,0,0,0.001435936729687609,0,-56.719659651348096,6685.263515280554,-22.57660288702391,943.7406724150289,0.0,0.991297906313148,6685.263515280554,943264.0356307653,10779.390772482371
2862,6761.26,6761.26,6323.044531214572,0.0010710443068733598,0,0,0,0,buy,True,0,0,0,0,-56.719659651348096,6702.422882038835,3.032898815097724,943.7406724150289,0.0,0.991297906313148,6702.422882038835,943264.0356307653,10779.390772482371
2863,6751.31,6751.31,6323.044531214572,0.0017821828375333489,0,0,0,0,buy,True,0,0,0,0,-56.719659651348096,6692.5594678710195,-11.687756409402937,943.7406724150289,0.0,0.991297906313148,6692.5594678710195,943264.0356307653,10779.390772482371
2864,6733.01,6733.01,6323.044531214572,0.0017900017483665084,0,0,0,0,hold,False,0,0,-0.002710585056826012,0,-56.72237023640492,6674.418716185489,-38.76192631979211,943.7406724150289,0.0,0.991297906313148,6674.418716185489,943264.0356307653,10779.390772482371
2865,6733.12,6733.12,6323.044531214572,0.001127746566351675,0,0,0,0,buy,True,0,0,0,0,-56.72237023640492,6674.527758955182,-38.59918540776198,943.7406724150289,0.0,0.991297906313148,6674.527758955182,943264.0356307653,10779.390772482371
2866,6732.65,6732.65,6323.044531214572,0.0011734496339594943,0,0,0,0,buy,True,0,0,0,0,-56.72237023640492,6674.061848939215,-39.2945329409813,943.7406724150289,0.0,0.991297906313148,6674.061848939215,943264.0356307653,10779.390772482371
2867,6723.0,6723.0,6323.044531214572,0.0017112209171677353,0,0,0,0,buy,True,0,0,0,0,-56.72237023640492,6664.495824143294,-53.57134931449036,943.7406724150289,0.0,0.991297906313148,6664.495824143294,943264.0356307653,10779.390772482371
2868,6722.19,6722.19,6323.044531214572,0.001031197054905651,0,0,0,0,hold,False,0,0,-0.00012048192771099879,0,-56.72249071833263,6663.6928728391795,-54.76971421216513,943.7406724150289,0.0,0.991297906313148,6663.6928728391795,943264.0356307653,10779.390772482371
2869,6729.14,6729.14,6323.044531214572,0.0013539839300796557,0,0,0,0,hold,False,0,0,0.001033889253353568,0,-56.72145682907927,6670.582393288057,-44.48744749756224,943.7406724150289,0.0,0.991297906313148,6670.582393288057,943264.0356307653,10779.390772482371
2870,6715.86,6715.86,6323.044531214572,0.0017746336538023817,0,0,0,0,buy,True,0,0,0,0,-56.72145682907927,6657.417957092218,-64.13471396805289,943.7406724150289,0.0,0.991297906313148,6657.417957092218,943264.0356307653,10779.390772482371
2871,6717.41,6717.41,6323.044531214572,0.0013883066031790056,0,0,0,0,hold,False,0,0,0.0002307969493110297,0,-56.72122603212996,6658.954468847003,-61.841546571271465,943.7406724150289,0.0,0.991297906313148,6658.954468847003,943264.0356307653,10779.390772482371
2872,6716.08,6716.08,6323.044531214572,0.0018224447416425953,0,0,0,0,buy,True,0,0,0,0,-56.72122603212996,6657.636042631607,-63.80923214399263,943.7406724150289,0.0,0.991297906313148,6657.636042631607,943264.0356307653,10779.390772482371
2873,6707.42,6707.42,6323.044531214572,0.00169626842200679,0,0,0,0,buy,True,0,0,0,0,-56.72122603212996,6649.051402762935,-76.6213803092378,943.7406724150289,0.0,0.991297906313148,6649.051402762935,943264.0356307653,10779.390772482371
2874,6704.9,6704.9,6323.044531214572,0.001005204435556053,0,0,0,0,buy,True,0,0,0,0,-56.72122603212996,6646.553332039025,-80.34962665755484,943.7406724150289,0.0,0.991297906313148,6646.553332039025,943264.0356307653,10779.390772482371
2875,6710.91,6699.750482031983,0,0.0016628919130217779,0.991297906313148,6634.807177033149,6.641448625658808,366.7863717153432,sell,False,0,0,-1.0,0,-57.72122603212996,6634.807177033149,-71.45805500938695,950.3821210406877,6634.807177033149,0.0,0.0,949905.484256424,10779.390772482371
2876,6643.0,6650.366612404237,6657.023636040277,0.001108928557012936,0.9966627039016579,6634.807177033149,6.634807177033149,0,buy,False,0,0,0,0,-57.72122603212996,6620.830342018713,-171.92837624515232,957.0169282177209,0.0,0.9966627039016579,6620.830342018713,956533.6566262802,10779.390772482371
2877,6634.0,6634.0,6657.023636040277,0.0011852439743818754,0,0,0,0,buy,True,0,0,0,0,-57.72122603212996,6611.860377683599,-185.24354177485293,957.0169282177209,0.0,0.9966627039016579,6611.860377683599,956533.6566262802,10779.390772482371
2878,6636.03,6636.03,6657.023636040277,0.0011071687478335652,0,0,0,0,hold,False,0,0,0.00030599939704546817,0,-57.72092003273292,6613.883602972519,-182.24023221648713,957.0169282177209,0.0,0.9966627039016579,6613.883602972519,956533.6566262802,10779.390772482371
2879,6618.72,6618.72,6657.023636040277,0.0018671602558682806,0,0,0,0,buy,True,0,0,0,0,-57.72092003273292,6596.631371567982,-207.84973391860876,957.0169282177209,0.0,0.9966627039016579,6596.631371567982,956533.6566262802,10779.390772482371
2880,6593.99,6593.99,6657.023636040277,0.001862080711979674,0,0,0,0,buy,True,0,0,0,0,-57.72092003273292,6571.983902900493,-244.43684986855078,957.0169282177209,0.0,0.9966627039016579,6571.983902900493,956533.6566262802,10779.390772482371
2881,6601.96,6601.96,6657.023636040277,0.0016776651453284,0,0,0,0,buy,True,0,0,0,0,-57.72092003273292,6579.92730465059,-232.64553106058338,957.0169282177209,0.0,0.9966627039016579,6579.92730465059,956533.6566262802,10779.390772482371
2882,6618.96,6618.96,6657.023636040277,0.0017176789359181527,0,0,0,0,buy,True,0,0,0,0,-57.72092003273292,6596.870570616918,-207.49466283781658,957.0169282177209,0.0,0.9966627039016579,6596.870570616918,956533.6566262802,10779.390772482371
2883,6634.59,6634.59,6657.023636040277,0.0013753179319226953,0,0,0,0,hold,False,0,0,0.0023613981652707097,0,-57.71855863456765,6612.448408678901,-184.37065870123843,957.0169282177209,0.0,0.9966627039016579,6612.448408678901,956533.6566262802,10779.390772482371
2884,6602.04,6602.04,6657.023636040277,0.0016696684609988455,0,0,0,0,hold,False,0,0,-0.004906105727708854,0,-57.723464740295356,6580.007037666902,-232.52717403365205,957.0169282177209,0.0,0.9966627039016579,6580.007037666902,956533.6566262802,10779.390772482371
2885,6625.0,6625.0,6657.023636040277,0.0012297519017183,0,0,0,0,hold,False,0,0,0.0034777129493308084,0,-57.71998702734602,6602.890413348484,-198.55870730455172,957.0169282177209,0.0,0.9966627039016579,6602.890413348484,956533.6566262802,10779.390772482371
2886,6613.0,6613.0,6657.023636040277,0.0011067517295808597,0,0,0,0,buy,True,0,0,0,0,-57.71998702734602,6590.9304609016635,-216.31226134415192,957.0169282177209,0.0,0.9966627039016579,6590.9304609016635,956533.6566262802,10779.390772482371
2887,6629.11,6629.11,6657.023636040277,0.0015982787054176885,0,0,0,0,hold,False,0,0,0.002436110691063082,0,-57.71755091665496,6606.986697061519,-192.4781150459894,957.0169282177209,0.0,0.9966627039016579,6606.986697061519,956533.6566262802,10779.390772482371
2888,6588.01,6588.01,6657.023636040277,0.0010228644054052203,0,0,0,0,hold,False,0,0,-0.00619992729039038,0,-57.723750843945346,6566.0238599311615,-253.28403763161623,957.0169282177209,0.0,0.9966627039016579,6566.0238599311615,956533.6566262802,10779.390772482371
2889,6600.9,6600.9,6657.023636040277,0.0014824288552380983,0,0,0,0,hold,False,0,0,0.0019565847653539078,0,-57.721794259179994,6578.870842184453,-234.21376166741538,957.0169282177209,0.0,0.9966627039016579,6578.870842184453,956533.6566262802,10779.390772482371
2890,6602.22,6602.22,6657.023636040277,0.0012761888785315476,0,0,0,0,hold,False,0,0,0.00019997273099137854,0,-57.721594286449005,6580.186436953604,-232.26087072305745,957.0169282177209,0.0,0.9966627039016579,6580.186436953604,956533.6566262802,10779.390772482371
2891,6586.65,6586.65,6657.023636040277,0.001489818629346285,0,0,0,0,hold,False,0,0,-0.002358297663513302,0,-57.72395258411252,6564.668398653855,-255.296107089438,957.0169282177209,0.0,0.9966627039016579,6564.668398653855,956533.6566262802,10779.390772482371
2892,6572.61,6572.61,6657.023636040277,0.0010676047652946007,0,0,0,0,hold,False,0,0,-0.0021315843410534946,0,-57.72608416845357,6550.675254291075,-276.06776531576907,957.0169282177209,0.0,0.9966627039016579,6550.675254291075,956533.6566262802,10779.390772482371
2893,6580.01,6580.01,6657.023636040277,0.0016680032369201401,0,0,0,0,hold,False,0,0,0.0011258845420618153,0,-57.724958283911505,6558.0505582999485,-265.1197403246824,957.0169282177209,0.0,0.9966627039016579,6558.0505582999485,956533.6566262802,10779.390772482371
2894,6562.83,6562.83,6657.023636040277,0.0010264756207495713,0,0,0,0,hold,False,0,0,-0.002610938281248937,0,-57.727569222192756,6540.927893046917,-290.536911858042,957.0169282177209,0.0,0.9966627039016579,6540.927893046917,956533.6566262802,10779.390772482371
2895,6572.35,6572.35,6657.023636040277,0.0015637935315459374,0,0,0,0,buy,True,0,0,0,0,-57.727569222192756,6550.416121988062,-276.4524256532932,957.0169282177209,0.0,0.9966627039016579,6550.416121988062,956533.6566262802,10779.390772482371
2896,6574.22,6574.22,6657.023636040277,0.0017168429160196496,0,0,0,0,hold,False,0,0,0.00028452532199293437,0,-57.72728469687076,6552.279881244358,-273.68583014879005,957.0169282177209,0.0,0.9966627039016579,6552.279881244358,956533.6566262802,10779.390772482371
2897,6567.23,6567.23,6657.023636040277,0.0019445453240295755,0,0,0,0,buy,True,0,0,0,0,-57.72728469687076,6545.313208944084,-284.0272753768568,957.0169282177209,0.0,0.9966627039016579,6545.313208944084,956533.6566262802,10779.390772482371
2898,6569.96,6569.96,6657.023636040277,0.0013944449799590405,0,0,0,0,buy,True,0,0,0,0,-57.72728469687076,6548.034098125736,-279.98834183284816,957.0169282177209,0.0,0.9966627039016579,6548.034098125736,956533.6566262802,10779.390772482371
2899,6555.38,6548.044135500299,0,0.0011190601459719729,0.9966627039016579,6519.665181981767,6.526191373355122,-115.14199505138185,sell,False,0,0,-1.0,0,-58.72728469687076,6519.665181981767,-301.5589099909612,963.543119591076,6519.665181981767,0.0,0.0,963059.8479996353,10779.390772482371
2900,6532.01,6532.01,0,0.0016396597116783195,0,0,0,0,sell,True,0,0,0,0,-58.72728469687076,6519.665181981767,-336.1339564830796,963.543119591076,6519.665181981767,0.0,0.0,963059.8479996353,10779.390772482371
2901,6539.76,6539.76,0,0.0017238586708213537,0,0,0,0,sell,True,0,0,0,0,-58.72728469687076,6519.665181981767,-324.66811949917246,963.543119591076,6519.665181981767,0.0,0.0,963059.8479996353,10779.390772482371
2902,6540.49,6540.49,0,0.001065428839041269,0,0,0,0,sell,True,0,0,0,0,-58.72728469687076,6519.665181981767,-323.58811162843085,963.543119591076,6519.665181981767,0.0,0.0,963059.8479996353,10779.390772482371
2903,6528.88,6538.354721167834,6544.899620788623,0.0014512016100516748,0.9961444116382315,6519.665181981767,6.519665181981767,0,buy,False,0,0,0,0,-58.72728469687076,6503.707326256617,-340.76467516174307,970.0627847730577,0.0,0.9961444116382315,6503.707326256617,969572.993516435,10779.390772482371
2904,6518.06,6518.06,6544.899620788623,0.0012732929891950595,0,0,0,0,hold,False,0,0,-0.0016572520861158088,0,-58.72894194895688,6492.929043722692,-356.77246305411427,970.0627847730577,0.0,0.9961444116382315,6492.929043722692,969572.993516435,10779.390772482371
2905,6545.23,6545.23,6544.899620788623,0.0017415830355943646,0,0,0,0,hold,False,0,0,0.0041684182103261845,0,-58.72477353074655,6519.994287386901,-316.57545778278836,970.0627847730577,0.0,0.9961444116382315,6519.994287386901,969572.993516435,10779.390772482371
2906,6537.2,6537.2,6544.899620788623,0.0013319383386100085,0,0,0,0,hold,False,0,0,-0.0012268476432454344,0,-58.7260003783898,6511.995247761447,-328.45554436095335,970.0627847730577,0.0,0.9961444116382315,6511.995247761447,969572.993516435,10779.390772482371
2907,6543.05,6543.05,6544.899620788623,0.0010921992308226176,0,0,0,0,hold,False,0,0,0.0008948785412715121,0,-58.725105499848524,6517.822692569531,-319.80068676664814,970.0627847730577,0.0,0.9961444116382315,6517.822692569531,969572.993516435,10779.390772482371
2908,6549.11,6549.11,6544.899620788623,0.001582512447224826,0,0,0,0,hold,False,0,0,0.0009261735734863256,0,-58.724179326275035,6523.859327704058,-310.83514197665136,970.0627847730577,0.0,0.9961444116382315,6523.859327704058,969572.993516435,10779.390772482371
2909,6551.48,6551.48,6544.899620788623,0.0017557094414861747,0,0,0,0,hold,False,0,0,0.0003618812327170402,0,-58.723817445042314,6526.22018995964,-307.32881505383193,970.0627847730577,0.0,0.9961444116382315,6526.22018995964,969572.993516435,10779.390772482371
2910,6591.0,6591.0,6544.899620788623,0.0015285857154034928,0,0,0,0,hold,False,0,0,0.006032224779744515,0,-58.71778522026257,6565.587817107584,-248.8604437500835,970.0627847730577,0.0,0.9961444116382315,6565.587817107584,969572.993516435,10779.390772482371
2911,6576.43,6576.43,6544.899620788623,0.001447275312341063,0,0,0,0,buy,True,0,0,0,0,-58.71778522026257,6551.073993030015,-270.41621727982965,970.0627847730577,0.0,0.9961444116382315,6551.073993030015,969572.993516435,10779.390772482371
2912,6573.97,6561.944593488006,0,0.001829245723968116,0.9961444116382315,6530.107791846502,6.536644436282784,10.44260986473455,sell,False,0,0,-1.0,0,-59.71778522026257,6530.107791846502,-274.0556958579473,976.5994292093405,6530.107791846502,0.0,0.0,976109.6379527178,10779.390772482371
2913,6580.03,6580.03,0,0.0018351582156222181,0,0,0,0,sell,True,0,0,0,0,-59.71778522026257,6530.107791846502,-265.0901510679505,976.5994292093405,6530.107791846502,0.0,0.0,976109.6379527178,10779.390772482371
2914,6573.58,6586.39892026374,6592.991912175917,0.0019500668226050352,0.9904619752053266,6530.107791846502,6.530107791846501,0,buy,False,0,0,0,0,-59.71778522026257,6510.881030970231,-274.63268636423527,983.129537001187,0.0,0.9904619752053266,6510.881030970231,982633.2156367725,10779.390772482371
2915,6597.78,6597.78,6592.991912175917,0.0016527883016151216,0,0,0,0,buy,True,0,0,0,0,-59.71778522026257,6534.8502107702,-238.82968571771016,983.129537001187,0.0,0.9904619752053266,6534.8502107702,982633.2156367725,10779.390772482371
2916,6592.5,6592.5,6592.991912175917,0.0011380313716943574,0,0,0,0,hold,False,0,0,-0.0008002691814518717,0,-59.718585489444024,6529.620571541116,-246.6412494951328,983.129537001187,0.0,0.9904619752053266,6529.620571541116,982633.2156367725,10779.390772482371
2917,6608.01,6608.01,6592.991912175917,0.0010305559220094497,0,0,0,0,buy,True,0,0,0,0,-59.718585489444024,6544.982636776551,-223.69478089895165,983.129537001187,0.0,0.9904619752053266,6544.982636776551,982633.2156367725,10779.390772482371
2918,6589.69,6589.69,6592.991912175917,0.0017957143015640289,0,0,0,0,hold,False,0,0,-0.0027723928989213005,0,-59.72135788234294,6526.837373390788,-250.79854006607275,983.129537001187,0.0,0.9904619752053266,6526.837373390788,982633.2156367725,10779.390772482371
2919,6573.13,6573.13,6592.991912175917,0.001136689743670384,0,0,0,0,hold,False,0,0,-0.0025130165455430485,0,-59.723870898888485,6510.435323081389,-275.298444640719,983.129537001187,0.0,0.9904619752053266,6510.435323081389,982633.2156367725,10779.390772482371
2920,6573.01,6573.01,6592.991912175917,0.0017860113732034554,0,0,0,0,buy,True,0,0,0,0,-59.723870898888485,6510.316467644364,-275.47598018111603,983.129537001187,0.0,0.9904619752053266,6510.316467644364,982633.2156367725,10779.390772482371
2921,6579.54,6579.54,6592.991912175917,0.0016125551104311559,0,0,0,0,buy,True,0,0,0,0,-59.723870898888485,6516.784184342455,-265.8150878578999,983.129537001187,0.0,0.9904619752053266,6516.784184342455,982633.2156367725,10779.390772482371
2922,6565.15,6565.15,6592.991912175917,0.0018862342795486712,0,0,0,0,buy,True,0,0,0,0,-59.723870898888485,6502.53143651925,-287.1045580770533,983.129537001187,0.0,0.9904619752053266,6502.53143651925,982633.2156367725,10779.390772482371
2923,6582.16,6582.16,6592.991912175917,0.0012824336726898454,0,0,0,0,hold,False,0,0,0.002590953748200702,0,-59.72127994514028,6519.379194717492,-261.93889522592144,983.129537001187,0.0,0.9904619752053266,6519.379194717492,982633.2156367725,10779.390772482371
2924,6589.38,6589.38,6592.991912175917,0.0016343989672529741,0,0,0,0,hold,False,0,0,0.0010969043596631594,0,-59.72018304078062,6526.530330178475,-251.2571735454294,983.129537001187,0.0,0.9904619752053266,6526.530330178475,982633.2156367725,10779.390772482371
2925,6588.69,6588.69,6592.991912175917,0.0013788048492407575,0,0,0,0,hold,False,0,0,-0.00010471394880858111,0,-59.720287754729426,6525.846911415583,-252.27800290270716,983.129537001187,0.0,0.9904619752053266,6525.846911415583,982633.2156367725,10779.390772482371
2926,6590.01,6590.01,6592.991912175917,0.0017081244374984226,0,0,0,0,hold,False,0,0,0.00020034331559082492,0,-59.720087411413836,6527.154321222854,-250.32511195834923,983.129537001187,0.0,0.9904619752053266,6527.154321222854,982633.2156367725,10779.390772482371
2927,6588.4,6588.4,6592.991912175917,0.0016884756063852042,0,0,0,0,hold,False,0,0,-0.0002443091892121187,0,-59.72033172060305,6525.559677442774,-252.70704712533006,983.129537001187,0.0,0.9904619752053266,6525.559677442774,982633.2156367725,10779.390772482371
2928,6597.0,6597.0,6592.991912175917,0.0014328495620196053,0,0,0,0,buy,True,0,0,0,0,-59.72033172060305,6534.07765042954,-239.9836667302843,983.129537001187,0.0,0.9904619752053266,6534.07765042954,982633.2156367725,10779.390772482371
2929,6622.01,6622.01,6592.991912175917,0.0015034847358005635,0,0,0,0,hold,False,0,0,0.003791117174473231,0,-59.71654060342858,6558.849104429425,-202.98230118608444,983.129537001187,0.0,0.9904619752053266,6558.849104429425,982633.2156367725,10779.390772482371
2930,6622.73,6622.73,6592.991912175917,0.001955589331061689,0,0,0,0,hold,False,0,0,0.00010872831662880951,0,-59.71643187511195,6559.562237051572,-201.9170879437097,983.129537001187,0.0,0.9904619752053266,6559.562237051572,982633.2156367725,10779.390772482371
2931,6616.62,6616.62,6592.991912175917,0.0016361494579512227,0,0,0,0,buy,True,0,0,0,0,-59.71643187511195,6553.510514383068,-210.95660587553903,983.129537001187,0.0,0.9904619752053266,6553.510514383068,982633.2156367725,10779.390772482371
2932,6618.42,6618.42,6592.991912175917,0.0011744290307545112,0,0,0,0,hold,False,0,0,0.000272042220952715,0,-59.716159832891,6555.293345938438,-208.29357276959854,983.129537001187,0.0,0.9904619752053266,6555.293345938438,982633.2156367725,10779.390772482371
2933,6617.01,6617.01,6592.991912175917,0.0015649749648746576,0,0,0,0,hold,False,0,0,-0.0002130417833862812,0,-59.71637287467439,6553.896794553399,-210.37961536925104,983.129537001187,0.0,0.9904619752053266,6553.896794553399,982633.2156367725,10779.390772482371
2934,6613.57,6613.57,6592.991912175917,0.0011651476019841716,0,0,0,0,hold,False,0,0,-0.0005198722685927024,0,-59.71689274694298,6550.489605358692,-215.46896752727116,983.129537001187,0.0,0.9904619752053266,6550.489605358692,982633.2156367725,10779.390772482371
2935,6620.52,6620.52,6592.991912175917,0.0017620083983279997,0,0,0,0,hold,False,0,0,0.001050869651338183,0,-59.715841877291645,6557.373316086369,-205.18670081266828,983.129537001187,0.0,0.9904619752053266,6557.373316086369,982633.2156367725,10779.390772482371
2936,6621.99,6621.99,6592.991912175917,0.0019322422716666395,0,0,0,0,hold,False,0,0,0.0002220369396965639,0,-59.71561984035195,6558.829295189921,-203.01189044281818,983.129537001187,0.0,0.9904619752053266,6558.829295189921,982633.2156367725,10779.390772482371
2937,6627.61,6627.61,6592.991912175917,0.0016022408223018893,0,0,0,0,hold,False,0,0,0.000848687479141423,0,-59.71477115287281,6564.395691490575,-194.6973093009401,983.129537001187,0.0,0.9904619752053266,6564.395691490575,982633.2156367725,10779.390772482371
2938,6636.0,6636.0,6592.991912175917,0.001840702418119982,0,0,0,0,hold,False,0,0,0.0012659163710598347,0,-59.713505236501746,6572.705667462547,-182.28461610158593,983.129537001187,0.0,0.9904619752053266,6572.705667462547,982633.2156367725,10779.390772482371
2939,6618.43,6618.43,6592.991912175917,0.001889113986978557,0,0,0,0,buy,True,0,0,0,0,-59.713505236501746,6555.3032505581905,-208.27877814123167,983.129537001187,0.0,0.9904619752053266,6555.3032505581905,982633.2156367725,10779.390772482371
2940,6622.73,6622.73,6592.991912175917,0.0018330616511963624,0,0,0,0,hold,False,0,0,0.0006497009109409152,0,-59.712855535590805,6559.562237051572,-201.9170879437097,983.129537001187,0.0,0.9904619752053266,6559.562237051572,982633.2156367725,10779.390772482371
2941,6636.12,6636.12,6592.991912175917,0.0012763383493264687,0,0,0,0,hold,False,0,0,0.002021824836585608,0,-59.71083371075422,6572.824522899572,-182.10708056119074,983.129537001187,0.0,0.9904619752053266,6572.824522899572,982633.2156367725,10779.390772482371
2942,6651.93,6651.93,6592.991912175917,0.0018254189505494548,0,0,0,0,hold,False,0,0,0.002382416231171325,0,-59.70845129452305,6588.483726727569,-158.716773114018,983.129537001187,0.0,0.9904619752053266,6588.483726727569,982633.2156367725,10779.390772482371
2943,6645.0,6632.994834944231,0,0.001806646359032178,0.9904619752053266,6563.159436579847,6.569729165745593,33.05164473334571,sell,False,0,0,-1.0,0,-60.70845129452305,6563.159436579847,-168.96945057188714,989.6992661669326,6563.159436579847,0.0,0.0,989202.944802518,10779.390772482371
2944,6637.0,6637.0,0,0.0013471517017296442,0,0,0,0,sell,True,0,0,0,0,-60.70845129452305,6563.159436579847,-180.80515326495333,989.6992661669326,6563.159436579847,0.0,0.0,989202.944802518,10779.390772482371
2945,6630.01,6630.01,0,0.0018862396504442116,0,0,0,0,sell,True,0,0,0,0,-60.70845129452305,6563.159436579847,-191.14659849301825,989.6992661669326,6563.159436579847,0.0,0.0,989202.944802518,10779.390772482371
2946,6626.86,6626.86,0,0.0019460637005273515,0,0,0,0,sell,True,0,0,0,0,-60.70845129452305,6563.159436579847,-195.80690642841546,989.6992661669326,6563.159436579847,0.0,0.0,989202.944802518,10779.390772482371
2947,6625.6,6625.6,0,0.001723861314557715,0,0,0,0,sell,True,0,0,0,0,-60.70845129452305,6563.159436579847,-197.67102960257216,989.6992661669326,6563.159436579847,0.0,0.0,989202.944802518,10779.390772482371
2948,6631.57,6631.57,0,0.0014527166849580841,0,0,0,0,hold,False,0,0,0,0,-60.70845129452305,6563.159436579847,-188.83863646787177,989.6992661669326,6563.159436579847,0.0,0.0,989202.944802518,10779.390772482371
2949,6622.04,6622.04,0,0.0016202317601097045,0,0,0,0,sell,True,0,0,0,0,-60.70845129452305,6563.159436579847,-202.93791730098746,989.6992661669326,6563.159436579847,0.0,0.0,989202.944802518,10779.390772482371
2950,6590.65,6590.65,0,0.001961684589829903,0,0,0,0,hold,False,0,0,0,0,-60.70845129452305,6563.159436579847,-249.37825574290582,989.6992661669326,6563.159436579847,0.0,0.0,989202.944802518,10779.390772482371
2951,6590.11,6590.11,0,0.0012081083718747739,0,0,0,0,hold,False,0,0,0,0,-60.70845129452305,6563.159436579847,-250.17716567468779,989.6992661669326,6563.159436579847,0.0,0.0,989202.944802518,10779.390772482371
2952,6593.0,6593.0,0,0.001804756430876075,0,0,0,0,hold,False,0,0,0,0,-60.70845129452305,6563.159436579847,-245.9015180768165,989.6992661669326,6563.159436579847,0.0,0.0,989202.944802518,10779.390772482371
2953,6606.14,6606.14,0,0.0011326912069222206,0,0,0,0,hold,False,0,0,0,0,-60.70845129452305,6563.159436579847,-226.46137640345478,989.6992661669326,6563.159436579847,0.0,0.0,989202.944802518,10779.390772482371
2954,6589.98,6589.98,0,0.0010051738526006145,0,0,0,0,hold,False,0,0,0,0,-60.70845129452305,6563.159436579847,-250.36949584344984,989.6992661669326,6563.159436579847,0.0,0.0,989202.944802518,10779.390772482371
2955,6597.91,6597.91,0,0.0010442104319877267,0,0,0,0,hold,False,0,0,0,0,-60.70845129452305,6563.159436579847,-238.6373555489481,989.6992661669326,6563.159436579847,0.0,0.0,989202.944802518,10779.390772482371
2956,6620.32,6620.32,0,0.0014774981380690257,0,0,0,0,hold,False,0,0,0,0,-60.70845129452305,6563.159436579847,-205.48259337999662,989.6992661669326,6563.159436579847,0.0,0.0,989202.944802518,10779.390772482371
2957,6622.64,6622.64,0,0.001856774835363777,0,0,0,0,sell,True,0,0,0,0,-60.70845129452305,6563.159436579847,-202.0502395990061,989.6992661669326,6563.159436579847,0.0,0.0,989202.944802518,10779.390772482371
2958,6629.52,6629.52,0,0.0011288806454339147,0,0,0,0,hold,False,0,0,0,0,-60.70845129452305,6563.159436579847,-191.8715352829695,989.6992661669326,6563.159436579847,0.0,0.0,989202.944802518,10779.390772482371
2959,6615.06,6615.06,0,0.0010272667313980556,0,0,0,0,sell,True,0,0,0,0,-60.70845129452305,6563.159436579847,-213.2645679006855,989.6992661669326,6563.159436579847,0.0,0.0,989202.944802518,10779.390772482371
2960,6581.0,6581.0,0,0.0014256368471092559,0,0,0,0,hold,False,0,0,0,0,-60.70845129452305,6563.159436579847,-263.6550721164167,989.6992661669326,6563.159436579847,0.0,0.0,989202.944802518,10779.390772482371
2961,6591.77,6591.77,0,0.0016075511796477234,0,0,0,0,hold,False,0,0,0,0,-60.70845129452305,6563.159436579847,-247.7212573658744,989.6992661669326,6563.159436579847,0.0,0.0,989202.944802518,10779.390772482371
2962,6587.8,6587.8,0,0.0013414914824842654,0,0,0,0,hold,False,0,0,0,0,-60.70845129452305,6563.159436579847,-253.59472482730962,989.6992661669326,6563.159436579847,0.0,0.0,989202.944802518,10779.390772482371
2963,6594.0,6594.0,0,0.001114420340039577,0,0,0,0,hold,False,0,0,0,0,-60.70845129452305,6563.159436579847,-244.4220552401839,989.6992661669326,6563.159436579847,0.0,0.0,989202.944802518,10779.390772482371
2964,6583.77,6583.77,0,0.00177844390018158,0,0,0,0,sell,True,0,0,0,0,-60.70845129452305,6563.159436579847,-259.5569600589406,989.6992661669326,6563.159436579847,0.0,0.0,989202.944802518,10779.390772482371
2965,6573.99,6573.99,0,0.0013192614560749664,0,0,0,0,sell,True,0,0,0,0,-60.70845129452305,6563.159436579847,-274.02610660121536,989.6992661669326,6563.159436579847,0.0,0.0,989202.944802518,10779.390772482371
2966,6570.91,6570.91,0,0.0012508462721966796,0,0,0,0,sell,True,0,0,0,0,-60.70845129452305,6563.159436579847,-278.5828521380463,989.6992661669326,6563.159436579847,0.0,0.0,989202.944802518,10779.390772482371
2967,6563.49,6563.49,0,0.001286427665363098,0,0,0,0,sell,True,0,0,0,0,-60.70845129452305,6563.159436579847,-289.56046638586486,989.6992661669326,6563.159436579847,0.0,0.0,989202.944802518,10779.390772482371
2968,6577.9,6577.9,0,0.001969017907280283,0,0,0,0,sell,True,0,0,0,0,-60.70845129452305,6563.159436579847,-268.24140690997956,989.6992661669326,6563.159436579847,0.0,0.0,989202.944802518,10779.390772482371
2969,6576.01,6576.01,0,0.0012242014054243341,0,0,0,0,sell,True,0,0,0,0,-60.70845129452305,6563.159436579847,-271.03759167121643,989.6992661669326,6563.159436579847,0.0,0.0,989202.944802518,10779.390772482371
2970,6563.03,6563.03,0,0.0012694631579392925,0,0,0,0,sell,True,0,0,0,0,-60.70845129452305,6563.159436579847,-290.2410192907173,989.6992661669326,6563.159436579847,0.0,0.0,989202.944802518,10779.390772482371
2971,6560.14,6560.14,0,0.0013832546290144113,0,0,0,0,sell,True,0,0,0,0,-60.70845129452305,6563.159436579847,-294.51666688858495,989.6992661669326,6563.159436579847,0.0,0.0,989202.944802518,10779.390772482371
2972,6580.0,6580.0,0,0.0014254900201317606,0,0,0,0,sell,True,0,0,0,0,-60.70845129452305,6563.159436579847,-265.1345349530493,989.6992661669326,6563.159436579847,0.0,0.0,989202.944802518,10779.390772482371
2973,6578.01,6578.01,0,0.0012891203345801023,0,0,0,0,sell,True,0,0,0,0,-60.70845129452305,6563.159436579847,-268.07866599794943,989.6992661669326,6563.159436579847,0.0,0.0,989202.944802518,10779.390772482371
2974,6576.96,6576.96,0,0.0014010722638299964,0,0,0,0,sell,True,0,0,0,0,-60.70845129452305,6563.159436579847,-269.63210197641456,989.6992661669326,6563.159436579847,0.0,0.0,989202.944802518,10779.390772482371
2975,6581.2,6581.2,0,0.0017399699289464238,0,0,0,0,sell,True,0,0,0,0,-60.70845129452305,6563.159436579847,-263.3591795490902,989.6992661669326,6563.159436579847,0.0,0.0,989202.944802518,10779.390772482371
2976,6585.83,6585.83,0,0.0013062640924729125,0,0,0,0,sell,True,0,0,0,0,-60.70845129452305,6563.159436579847,-256.5092666154778,989.6992661669326,6563.159436579847,0.0,0.0,989202.944802518,10779.390772482371
2977,6588.05,6588.05,0,0.0010292739379072302,0,0,0,0,sell,True,0,0,0,0,-60.70845129452305,6563.159436579847,-253.22485911815056,989.6992661669326,6563.159436579847,0.0,0.0,989202.944802518,10779.390772482371
2978,6590.42,6590.42,0,0.0011953394202901953,0,0,0,0,sell,True,0,0,0,0,-60.70845129452305,6563.159436579847,-249.71853219533114,989.6992661669326,6563.159436579847,0.0,0.0,989202.944802518,10779.390772482371
2979,6577.88,6577.88,0,0.0011903705069189327,0,0,0,0,sell,True,0,0,0,0,-60.70845129452305,6563.159436579847,-268.2709961667115,989.6992661669326,6563.159436579847,0.0,0.0,989202.944802518,10779.390772482371
2980,6585.01,6585.01,0,0.0018158865799974971,0,0,0,0,sell,True,0,0,0,0,-60.70845129452305,6563.159436579847,-257.7224261415158,989.6992661669326,6563.159436579847,0.0,0.0,989202.944802518,10779.390772482371
2981,6585.39,6585.39,0,0.001467848928307801,0,0,0,0,sell,True,0,0,0,0,-60.70845129452305,6563.159436579847,-257.16023026359653,989.6992661669326,6563.159436579847,0.0,0.0,989202.944802518,10779.390772482371
2982,6576.59,6576.59,0,0.0015798591558243073,0,0,0,0,sell,True,0,0,0,0,-60.70845129452305,6563.159436579847,-270.1795032259688,989.6992661669326,6563.159436579847,0.0,0.0,989202.944802518,10779.390772482371
2983,6573.46,6573.46,0,0.0016839072601918404,0,0,0,0,sell,True,0,0,0,0,-60.70845129452305,6563.159436579847,-274.81022190463045,989.6992661669326,6563.159436579847,0.0,0.0,989202.944802518,10779.390772482371
2984,6572.99,6572.99,0,0.0011395165044127864,0,0,0,0,sell,True,0,0,0,0,-60.70845129452305,6563.159436579847,-275.5055694378498,989.6992661669326,6563.159436579847,0.0,0.0,989202.944802518,10779.390772482371
2985,6550.7,6550.7,0,0.0012528138441865544,0,0,0,0,sell,True,0,0,0,0,-60.70845129452305,6563.159436579847,-308.48279606640426,989.6992661669326,6563.159436579847,0.0,0.0,989202.944802518,10779.390772482371
2986,6542.47,6542.47,0,0.0018171721892535778,0,0,0,0,sell,True,0,0,0,0,-60.70845129452305,6563.159436579847,-320.6587752118958,989.6992661669326,6563.159436579847,0.0,0.0,989202.944802518,10779.390772482371
2987,6541.87,6541.87,0,0.0012571543327694963,0,0,0,0,sell,True,0,0,0,0,-60.70845129452305,6563.159436579847,-321.54645291387715,989.6992661669326,6563.159436579847,0.0,0.0,989202.944802518,10779.390772482371
2988,6567.99,6567.99,0,0.0017591575305185559,0,0,0,0,sell,True,0,0,0,0,-60.70845129452305,6563.159436579847,-282.90288362101455,989.6992661669326,6563.159436579847,0.0,0.0,989202.944802518,10779.390772482371
2989,6562.31,6562.31,0,0.0010851097767193372,0,0,0,0,sell,True,0,0,0,0,-60.70845129452305,6563.159436579847,-291.30623253309204,989.6992661669326,6563.159436579847,0.0,0.0,989202.944802518,10779.390772482371
2990,6559.7,6559.7,0,0.0014800157607838427,0,0,0,0,sell,True,0,0,0,0,-60.70845129452305,6563.159436579847,-295.1676305367055,989.6992661669326,6563.159436579847,0.0,0.0,989202.944802518,10779.390772482371
2991,6556.6,6556.6,0,0.0018802749827717083,0,0,0,0,sell,True,0,0,0,0,-60.70845129452305,6563.159436579847,-299.75396533026833,989.6992661669326,6563.159436579847,0.0,0.0,989202.944802518,10779.390772482371
2992,6568.62,6568.62,0,0.001700320017946615,0,0,0,0,sell,True,0,0,0,0,-60.70845129452305,6563.159436579847,-281.9708220339362,989.6992661669326,6563.159436579847,0.0,0.0,989202.944802518,10779.390772482371
2993,6558.44,6558.44,0,0.0013368501402537068,0,0,0,0,sell,True,0,0,0,0,-60.70845129452305,6563.159436579847,-297.031753710864,989.6992661669326,6563.159436579847,0.0,0.0,989202.944802518,10779.390772482371
2994,6560.93,6560.93,0,0.0015254533223582319,0,0,0,0,sell,True,0,0,0,0,-60.70845129452305,6563.159436579847,-293.34789124764575,989.6992661669326,6563.159436579847,0.0,0.0,989202.944802518,10779.390772482371
2995,6576.52,6576.52,0,0.0013519067696813195,0,0,0,0,sell,True,0,0,0,0,-60.70845129452305,6563.159436579847,-270.28306562453326,989.6992661669326,6563.159436579847,0.0,0.0,989202.944802518,10779.390772482371
2996,6553.72,6553.72,0,0.0015091704072916347,0,0,0,0,sell,True,0,0,0,0,-60.70845129452305,6563.159436579847,-304.0148182997709,989.6992661669326,6563.159436579847,0.0,0.0,989202.944802518,10779.390772482371
2997,6552.0,6552.0,0,0.001632057293023249,0,0,0,0,sell,True,0,0,0,0,-60.70845129452305,6563.159436579847,-306.5594943787819,989.6992661669326,6563.159436579847,0.0,0.0,989202.944802518,10779.390772482371
2998,6547.48,6547.48,0,0.001860162497740939,0,0,0,0,sell,True,0,0,0,0,-60.70845129452305,6563.159436579847,-313.2466664003641,989.6992661669326,6563.159436579847,0.0,0.0,989202.944802518,10779.390772482371
2999,6553.51,6553.51,0,0.00166884488632601,0,0,0,0,sell,True,0,0,0,0,-60.70845129452305,6563.159436579847,-304.3255054954643,989.6992661669326,6563.159436579847,0.0,0.0,989202.944802518,10779.390772482371
3000,6566.52,6566.52,0,0.0014066410582493638,0,0,0,0,sell,True,0,0,0,0,-60.70845129452305,6563.159436579847,-285.07769399086465,989.6992661669326,6563.159436579847,0.0,0.0,989202.944802518,10779.390772482371
3001,6569.04,6569.04,0,0.0019942600216409628,0,0,0,0,sell,True,0,0,0,0,-60.70845129452305,6563.159436579847,-281.3494476425494,989.6992661669326,6563.159436579847,0.0,0.0,989202.944802518,10779.390772482371
3002,6569.3,6569.3,0,0.0012133385433018647,0,0,0,0,sell,True,0,0,0,0,-60.70845129452305,6563.159436579847,-280.9647873050253,989.6992661669326,6563.159436579847,0.0,0.0,989202.944802518,10779.390772482371
3003,6581.65,6581.65,0,0.0019233931830608697,0,0,0,0,hold,False,0,0,0,0,-60.70845129452305,6563.159436579847,-262.6934212726046,989.6992661669326,6563.159436579847,0.0,0.0,989202.944802518,10779.390772482371
3004,6620.95,6620.95,0,0.001540525998070225,0,0,0,0,sell,True,0,0,0,0,-60.70845129452305,6563.159436579847,-204.55053179291644,989.6992661669326,6563.159436579847,0.0,0.0,989202.944802518,10779.390772482371
3005,6615.09,6626.187318447863,6632.820138586449,0.0016775763365067466,0.9894975741010449,6563.159436579847,6.563159436579848,0,buy,False,0,0,0,0,-60.70845129452305,6545.615507460081,-213.22018401558853,996.2624256035125,0.0,0.9894975741010449,6545.615507460081,995759.5410796612,10779.390772482371
3006,6612.05,6612.05,6632.820138586449,0.0010223409120501254,0,0,0,0,hold,False,0,0,-0.00045955534996501275,0,-60.708910849873014,6542.607434834814,-217.71775103895197,996.2624256035125,0.0,0.9894975741010449,6542.607434834814,995759.5410796612,10779.390772482371
3007,6610.94,6610.94,6632.820138586449,0.001854628964237047,0,0,0,0,hold,False,0,0,-0.00016787531854718822,0,-60.70907872519156,6541.509092527562,-219.35995478761652,996.2624256035125,0.0,0.9894975741010449,6541.509092527562,995759.5410796612,10779.390772482371
3008,6598.68,6598.68,6632.820138586449,0.0017958293711165683,0,0,0,0,hold,False,0,0,-0.0018545017803822455,0,-60.71093322697194,6529.377852269083,-237.498169164739,996.2624256035125,0.0,0.9894975741010449,6529.377852269083,995759.5410796612,10779.390772482371
3009,6605.11,6605.11,6632.820138586449,0.0016765544039105873,0,0,0,0,hold,False,0,0,0.0009744373117047704,0,-60.709958789660234,6535.7403216705525,-227.98522312518799,996.2624256035125,0.0,0.9894975741010449,6535.7403216705525,995759.5410796612,10779.390772482371
3010,6605.05,6605.05,6632.820138586449,0.0018047784265721512,0,0,0,0,hold,False,0,0,-9.083875968644167e-06,0,-60.7099678735362,6535.680951816107,-228.07399089538558,996.2624256035125,0.0,0.9894975741010449,6535.680951816107,995759.5410796612,10779.390772482371
3011,6600.53,6600.53,6632.820138586449,0.0014778938555580817,0,0,0,0,hold,False,0,0,-0.000684324872635513,0,-60.71065219840884,6531.208422781169,-234.7611629169678,996.2624256035125,0.0,0.9894975741010449,6531.208422781169,995759.5410796612,10779.390772482371
3012,6606.95,6606.95,6632.820138586449,0.001995450639794572,0,0,0,0,hold,False,0,0,0.000972649166051934,0,-60.709679549242786,6537.560997206899,-225.26301150578365,996.2624256035125,0.0,0.9894975741010449,6537.560997206899,995759.5410796612,10779.390772482371
3013,6608.18,6608.18,6632.820138586449,0.0014440651307379467,0,0,0,0,hold,False,0,0,0.00018616759624339168,0,-60.709493381646546,6538.778079223043,-223.44327221672393,996.2624256035125,0.0,0.9894975741010449,6538.778079223043,995759.5410796612,10779.390772482371
3014,6611.73,6611.73,6632.820138586449,0.001089018123845394,0,0,0,0,hold,False,0,0,0.0005372129693802539,0,-60.70895616867717,6542.290795611101,-218.1911791466755,996.2624256035125,0.0,0.9894975741010449,6542.290795611101,995759.5410796612,10779.390772482371
3015,6581.0,6581.0,6632.820138586449,0.0012769241204877635,0,0,0,0,hold,False,0,0,-0.004647800197527746,0,-60.71360396887469,6511.883535158976,-263.6550721164167,996.2624256035125,0.0,0.9894975741010449,6511.883535158976,995759.5410796612,10779.390772482371
3016,6590.14,6590.14,6632.820138586449,0.0014148215111605448,0,0,0,0,hold,False,0,0,0.001388846679835972,0,-60.712215122194856,6520.92754298626,-250.13278178958717,996.2624256035125,0.0,0.9894975741010449,6520.92754298626,995759.5410796612,10779.390772482371
3017,6594.82,6594.82,6632.820138586449,0.0011486549353578396,0,0,0,0,hold,False,0,0,0.0007101518328896663,0,-60.711504970361965,6525.558391633052,-243.2088957141441,996.2624256035125,0.0,0.9894975741010449,6525.558391633052,995759.5410796612,10779.390772482371
3018,6585.99,6585.99,6632.820138586449,0.0018231455011866442,0,0,0,0,hold,False,0,0,-0.0013389296447817375,0,-60.712843900006746,6516.821128053741,-256.272552561617,996.2624256035125,0.0,0.9894975741010449,6516.821128053741,995759.5410796612,10779.390772482371
3019,6578.82,6578.82,6632.820138586449,0.0015961773577416875,0,0,0,0,hold,False,0,0,-0.0010886745956189736,0,-60.71393257460237,6509.726430447436,-266.8803011002765,996.2624256035125,0.0,0.9894975741010449,6509.726430447436,995759.5410796612,10779.390772482371
3020,6576.54,6576.54,6632.820138586449,0.0016168457118490068,0,0,0,0,hold,False,0,0,-0.00034656670953136327,0,-60.7142791413119,6507.470375978486,-270.25347636780134,996.2624256035125,0.0,0.9894975741010449,6507.470375978486,995759.5410796612,10779.390772482371
3021,6578.02,6578.02,6632.820138586449,0.001604640390631816,0,0,0,0,hold,False,0,0,0.00022504234749582924,0,-60.714054098964404,6508.934832388156,-268.06387136958256,996.2624256035125,0.0,0.9894975741010449,6508.934832388156,995759.5410796612,10779.390772482371
3022,6563.1,6563.1,6632.820138586449,0.0012992540253956328,0,0,0,0,hold,False,0,0,-0.0022681597197940703,0,-60.7163222586842,6494.1715285825685,-290.137456892151,996.2624256035125,0.0,0.9894975741010449,6494.1715285825685,995759.5410796612,10779.390772482371
3023,6565.5,6565.5,6632.820138586449,0.0018818221060329934,0,0,0,0,hold,False,0,0,0.0003656808520363035,0,-60.715956577832166,6496.5463227604105,-286.5867460842328,996.2624256035125,0.0,0.9894975741010449,6496.5463227604105,995759.5410796612,10779.390772482371
3024,6570.34,6570.34,6632.820138586449,0.0010482902384616162,0,0,0,0,hold,False,0,0,0.0007371868098392588,0,-60.71521939102233,6501.335491019059,-279.42614595492705,996.2624256035125,0.0,0.9894975741010449,6501.335491019059,995759.5410796612,10779.390772482371
3025,6514.23,6514.23,6632.820138586449,0.0015295298788160648,0,0,0,0,hold,False,0,0,-0.008539892912695617,0,-60.723759283935024,6445.814782136249,-362.43880571842055,996.2624256035125,0.0,0.9894975741010449,6445.814782136249,995759.5410796612,10779.390772482371
3026,6541.69,6541.69,6632.820138586449,0.001711317613500176,0,0,0,0,hold,False,0,0,0.00421538692984443,0,-60.71954389700518,6472.986385521064,-321.8127562244699,996.2624256035125,0.0,0.9894975741010449,6472.986385521064,995759.5410796612,10779.390772482371
3027,6536.0,6536.0,6632.820138586449,0.001477984489383499,0,0,0,0,hold,False,0,0,-0.0008698058147052925,0,-60.72041370281988,6467.35614432443,-330.2308997649143,996.2624256035125,0.0,0.9894975741010449,6467.35614432443,995759.5410796612,10779.390772482371
3028,6539.99,6539.99,6632.820138586449,0.0012025402391140174,0,0,0,0,hold,False,0,0,0.0006104651162789053,0,-60.7198032377036,6471.304239645092,-324.32784304674715,996.2624256035125,0.0,0.9894975741010449,6471.304239645092,995759.5410796612,10779.390772482371
3029,6539.01,6539.01,6632.820138586449,0.0014929835321932958,0,0,0,0,hold,False,0,0,-0.00014984732392548208,0,-60.71995308502753,6470.3345320224735,-325.7777166266478,996.2624256035125,0.0,0.9894975741010449,6470.3345320224735,995759.5410796612,10779.390772482371
3030,6553.54,6553.54,6632.820138586449,0.0018383028969696682,0,0,0,0,hold,False,0,0,0.002222048903427287,0,-60.7177310361241,6484.711931774162,-304.2811216103655,996.2624256035125,0.0,0.9894975741010449,6484.711931774162,995759.5410796612,10779.390772482371
3031,6552.15,6552.15,6632.820138586449,0.0015978867420157277,0,0,0,0,hold,False,0,0,-0.00021209910979416084,0,-60.717943135233895,6483.336530146161,-306.3375749532861,996.2624256035125,0.0,0.9894975741010449,6483.336530146161,995759.5410796612,10779.390772482371
3032,6549.98,6549.98,6632.820138586449,0.0012023430092312428,0,0,0,0,hold,False,0,0,-0.0003311889990308346,0,-60.71827432423293,6481.189320410362,-309.5480093087808,996.2624256035125,0.0,0.9894975741010449,6481.189320410362,995759.5410796612,10779.390772482371
3033,6545.5,6545.5,6632.820138586449,0.0010981612268942797,0,0,0,0,hold,False,0,0,-0.000683971554111547,0,-60.71895829578704,6476.756371278389,-316.1760028168974,996.2624256035125,0.0,0.9894975741010449,6476.756371278389,995759.5410796612,10779.390772482371
3034,6540.99,6540.99,6632.820138586449,0.0017322418834149862,0,0,0,0,hold,False,0,0,-0.0006890229928958972,0,-60.719647318779934,6472.293737219194,-322.84838021011456,996.2624256035125,0.0,0.9894975741010449,6472.293737219194,995759.5410796612,10779.390772482371
3035,6546.0,6546.0,6632.820138586449,0.0012619313538505788,0,0,0,0,hold,False,0,0,0.0007659391009617785,0,-60.718881379678976,6477.25112006544,-315.4362713985811,996.2624256035125,0.0,0.9894975741010449,6477.25112006544,995759.5410796612,10779.390772482371
3036,6552.34,6552.34,6632.820138586449,0.0012700389084721675,0,0,0,0,hold,False,0,0,0.0009685304002444604,0,-60.71791284927873,6483.524534685241,-306.05647701432645,996.2624256035125,0.0,0.9894975741010449,6483.524534685241,995759.5410796612,10779.390772482371
3037,6560.54,6560.54,6632.820138586449,0.0013398327084904686,0,0,0,0,hold,False,0,0,0.0012514613100052816,0,-60.71666138796873,6491.638414792869,-293.92488175393373,996.2624256035125,0.0,0.9894975741010449,6491.638414792869,995759.5410796612,10779.390772482371
3038,6556.0,6556.0,6632.820138586449,0.0011100611907755582,0,0,0,0,buy,True,0,0,0,0,-60.71666138796873,6487.14609580645,-300.6416430322479,996.2624256035125,0.0,0.9894975741010449,6487.14609580645,995759.5410796612,10779.390772482371
3039,6546.14,6546.14,6632.820138586449,0.0019417380215793704,0,0,0,0,hold,False,0,0,-0.0015039658328247255,0,-60.71816535380155,6477.389649725815,-315.22914660145216,996.2624256035125,0.0,0.9894975741010449,6477.389649725815,995759.5410796612,10779.390772482371
3040,6549.73,6549.73,6632.820138586449,0.0010703298166179892,0,0,0,0,hold,False,0,0,0.0005484147910064578,0,-60.71761693901055,6480.9419460168365,-309.9178750179399,996.2624256035125,0.0,0.9894975741010449,6480.9419460168365,995759.5410796612,10779.390772482371
3041,6547.74,6547.74,6632.820138586449,0.0014043156619903032,0,0,0,0,buy,True,0,0,0,0,-60.71761693901055,6478.972845844375,-312.86200606284,996.2624256035125,0.0,0.9894975741010449,6478.972845844375,995759.5410796612,10779.390772482371
3042,6560.0,6560.0,6632.820138586449,0.0015236186117728013,0,0,0,0,hold,False,0,0,0.0018724017752690552,0,-60.71574453723528,6491.104086102854,-294.7237916857157,996.2624256035125,0.0,0.9894975741010449,6491.104086102854,995759.5410796612,10779.390772482371
3043,6551.28,6551.28,6632.820138586449,0.0019954316681438595,0,0,0,0,buy,True,0,0,0,0,-60.71574453723528,6482.475667256693,-307.62470762115663,996.2624256035125,0.0,0.9894975741010449,6482.475667256693,995759.5410796612,10779.390772482371
3044,6544.7,6544.7,6632.820138586449,0.0015964019200718081,0,0,0,0,buy,True,0,0,0,0,-60.71574453723528,6475.964773219108,-317.35957308620345,996.2624256035125,0.0,0.9894975741010449,6475.964773219108,995759.5410796612,10779.390772482371
3045,6539.01,6539.01,6632.820138586449,0.0016864146675590586,0,0,0,0,buy,True,0,0,0,0,-60.71574453723528,6470.3345320224735,-325.7777166266478,996.2624256035125,0.0,0.9894975741010449,6470.3345320224735,995759.5410796612,10779.390772482371
3046,6557.42,6557.42,6632.820138586449,0.0015626861139293072,0,0,0,0,buy,True,0,0,0,0,-60.71574453723528,6488.551182361673,-298.5408058042285,996.2624256035125,0.0,0.9894975741010449,6488.551182361673,995759.5410796612,10779.390772482371
3047,6528.09,6528.09,6632.820138586449,0.0016542980220678337,0,0,0,0,buy,True,0,0,0,0,-60.71574453723528,6459.52921851329,-341.9334508026823,996.2624256035125,0.0,0.9894975741010449,6459.52921851329,995759.5410796612,10779.390772482371
3048,6536.8,6536.8,6632.820138586449,0.0018631260532751908,0,0,0,0,hold,False,0,0,0.0013342340562094083,0,-60.71441030317907,6468.1477423837105,-329.0473294956064,996.2624256035125,0.0,0.9894975741010449,6468.1477423837105,995759.5410796612,10779.390772482371
3049,6533.24,6533.24,6632.820138586449,0.0019115977563428658,0,0,0,0,hold,False,0,0,-0.0005446089829886653,0,-60.714954912162064,6464.62513101991,-334.3142171940217,996.2624256035125,0.0,0.9894975741010449,6464.62513101991,995759.5410796612,10779.390772482371
3050,6533.0,6533.0,6632.820138586449,0.0015264324268194486,0,0,0,0,hold,False,0,0,-3.6735218666352765e-05,0,-60.71499164738073,6464.387651602126,-334.6692882748139,996.2624256035125,0.0,0.9894975741010449,6464.387651602126,995759.5410796612,10779.390772482371
3051,6529.16,6529.16,6632.820138586449,0.001477787855239413,0,0,0,0,hold,False,0,0,-0.0005877850910760566,0,-60.715579432471806,6460.5879809175785,-340.3504255674852,996.2624256035125,0.0,0.9894975741010449,6460.5879809175785,995759.5410796612,10779.390772482371
3052,6530.04,6530.04,6632.820138586449,0.0015728279790285713,0,0,0,0,hold,False,0,0,0.00013477997169611953,0,-60.71544465250011,6461.458738782787,-339.0484982712478,996.2624256035125,0.0,0.9894975741010449,6461.458738782787,995759.5410796612,10779.390772482371
3053,6538.5,6538.5,6632.820138586449,0.0012007242106217813,0,0,0,0,hold,False,0,0,0.0012955510226583806,0,-60.71414910147745,6469.829888259682,-326.532242673331,996.2624256035125,0.0,0.9894975741010449,6469.829888259682,995759.5410796612,10779.390772482371
3054,6539.5,6539.5,6632.820138586449,0.0016213789112916068,0,0,0,0,hold,False,0,0,0.0001529402768218669,0,-60.71399616120063,6470.819385833783,-325.0527798366966,996.2624256035125,0.0,0.9894975741010449,6470.819385833783,995759.5410796612,10779.390772482371
3055,6533.6,6533.6,6632.820138586449,0.001033551332737926,0,0,0,0,hold,False,0,0,-0.0009022096490556772,0,-60.71489837084969,6464.981350146587,-333.7816105728325,996.2624256035125,0.0,0.9894975741010449,6464.981350146587,995759.5410796612,10779.390772482371
3056,6583.53,6583.53,6632.820138586449,0.0011421231867102966,0,0,0,0,hold,False,0,0,0.0076420350189787415,0,-60.70725633583071,6514.386964021452,-259.9120311397346,996.2624256035125,0.0,0.9894975741010449,6514.386964021452,995759.5410796612,10779.390772482371
3057,6560.0,6560.0,6632.820138586449,0.001448581450066503,0,0,0,0,hold,False,0,0,-0.003574070445490473,0,-60.710830406276195,6491.104086102854,-294.7237916857157,996.2624256035125,0.0,0.9894975741010449,6491.104086102854,995759.5410796612,10779.390772482371
3058,6554.2,6554.2,6632.820138586449,0.0010024228482207968,0,0,0,0,hold,False,0,0,-0.0008841463414633573,0,-60.71171455261766,6485.365000173068,-303.30467613818837,996.2624256035125,0.0,0.9894975741010449,6485.365000173068,995759.5410796612,10779.390772482371
3059,6557.9,6557.9,6632.820138586449,0.0016970193380189376,0,0,0,0,hold,False,0,0,0.0005645235116412641,0,-60.711150029106015,6489.0261411972415,-297.83066364264596,996.2624256035125,0.0,0.9894975741010449,6489.0261411972415,995759.5410796612,10779.390772482371
3060,6543.29,6543.29,6632.820138586449,0.0016866312073888906,0,0,0,0,hold,False,0,0,-0.0022278473291754493,0,-60.71337787643519,6474.5695816396255,-319.4456156858578,996.2624256035125,0.0,0.9894975741010449,6474.5695816396255,995759.5410796612,10779.390772482371
3061,6532.09,6532.09,6632.820138586449,0.001691898174894024,0,0,0,0,hold,False,0,0,-0.0017116771532362676,0,-60.71508955358843,6463.4872088096945,-336.0155994561501,996.2624256035125,0.0,0.9894975741010449,6463.4872088096945,995759.5410796612,10779.390772482371
3062,6540.54,6540.54,6632.820138586449,0.0012708307584113983,0,0,0,0,buy,True,0,0,0,0,-60.71508955358843,6471.848463310848,-323.5141384865983,996.2624256035125,0.0,0.9894975741010449,6471.848463310848,995759.5410796612,10779.390772482371
3063,6545.02,6545.02,6632.820138586449,0.001323642031255622,0,0,0,0,hold,False,0,0,0.000684958734294182,0,-60.71440459485413,6476.281412442821,-316.88614497847993,996.2624256035125,0.0,0.9894975741010449,6476.281412442821,995759.5410796612,10779.390772482371
3064,6548.61,6536.171092278897,0,0.0018994729753494348,0.9894975741010449,6461.057914279626,6.467525439719346,-102.1015223002214,sell,False,0,0,-1.0,0,-61.71440459485413,6461.057914279626,-311.57487339496765,1002.7299510432318,6461.057914279626,0.0,0.0,1002227.0665193805,10779.390772482371
3065,6544.64,6544.64,0,0.0016777345084078793,0,0,0,0,sell,True,0,0,0,0,-61.71440459485413,6461.057914279626,-317.44834085640105,1002.7299510432318,6461.057914279626,0.0,0.0,1002227.0665193805,10779.390772482371
3066,6539.8,6539.8,0,0.0018813728191692226,0,0,0,0,sell,True,0,0,0,0,-61.71440459485413,6461.057914279626,-324.6089409857068,1002.7299510432318,6461.057914279626,0.0,0.0,1002227.0665193805,10779.390772482371
3067,6544.99,6544.99,0,0.0010290286902988614,0,0,0,0,sell,True,0,0,0,0,-61.71440459485413,6461.057914279626,-316.93052886358055,1002.7299510432318,6461.057914279626,0.0,0.0,1002227.0665193805,10779.390772482371
3068,6545.58,6545.58,0,0.0011029002062722495,0,0,0,0,hold,False,0,0,0,0,-61.71440459485413,6461.057914279626,-316.05764578996605,1002.7299510432318,6461.057914279626,0.0,0.0,1002227.0665193805,10779.390772482371
3069,6540.75,6540.75,0,0.001266977286396418,0,0,0,0,sell,True,0,0,0,0,-61.71440459485413,6461.057914279626,-323.2034512909049,1002.7299510432318,6461.057914279626,0.0,0.0,1002227.0665193805,10779.390772482371
3070,6540.0,6540.0,0,0.001244465129666607,0,0,0,0,sell,True,0,0,0,0,-61.71440459485413,6461.057914279626,-324.3130484183803,1002.7299510432318,6461.057914279626,0.0,0.0,1002227.0665193805,10779.390772482371
3071,6538.63,6538.63,0,0.0013092585227061824,0,0,0,0,hold,False,0,0,0,0,-61.71440459485413,6461.057914279626,-326.3399125045671,1002.7299510432318,6461.057914279626,0.0,0.0,1002227.0665193805,10779.390772482371
3072,6544.11,6553.505722843832,6560.065788632464,0.0014357525842065631,0.98490748758581,6461.057914279626,6.4610579142796265,0,buy,False,0,0,0,0,-61.71440459485413,6445.342938585175,-318.23245615981796,1009.1910089575115,0.0,0.98490748758581,6445.342938585175,1008681.6633757459,10779.390772482371
3073,6546.03,6546.03,6560.065788632464,0.0011426820450409908,0,0,0,0,buy,True,0,0,0,0,-61.71440459485413,6447.23396096134,-315.3918875134823,1009.1910089575115,0.0,0.98490748758581,6447.23396096134,1008681.6633757459,10779.390772482371
3074,6543.08,6543.08,6560.065788632464,0.001858310096978679,0,0,0,0,buy,True,0,0,0,0,-61.71440459485413,6444.328483872961,-319.75630288154935,1009.1910089575115,0.0,0.98490748758581,6444.328483872961,1008681.6633757459,10779.390772482371
3075,6550.06,6550.06,6560.065788632464,0.001729250993386122,0,0,0,0,hold,False,0,0,0.001066775891476323,0,-61.71333781896266,6451.203138136311,-309.4296522818495,1009.1910089575115,0.0,0.98490748758581,6451.203138136311,1008681.6633757459,10779.390772482371
3076,6546.17,6535.341782897177,0,0.0016541301406506437,0.98490748758581,6430.270348851919,6.436707055907827,-30.787565427706795,sell,False,0,0,-1.0,0,-62.71333781896266,6430.270348851919,-315.18476271635336,1015.6277160134193,6430.270348851919,0.0,0.0,1015118.3704316537,10779.390772482371
3077,6544.26,6544.26,0,0.0011873824272810112,0,0,0,0,hold,False,0,0,0,0,-62.71333781896266,6430.270348851919,-318.01053673432216,1015.6277160134193,6430.270348851919,0.0,0.0,1015118.3704316537,10779.390772482371
3078,6549.87,6549.87,0,0.0017954373395927213,0,0,0,0,hold,False,0,0,0,0,-62.71333781896266,6430.270348851919,-309.71075022081095,1015.6277160134193,6430.270348851919,0.0,0.0,1015118.3704316537,10779.390772482371
3079,6545.09,6545.09,0,0.001976141914512415,0,0,0,0,hold,False,0,0,0,0,-62.71333781896266,6430.270348851919,-316.7825825799173,1015.6277160134193,6430.270348851919,0.0,0.0,1015118.3704316537,10779.390772482371
3080,6540.0,6540.0,0,0.0014866283642030133,0,0,0,0,hold,False,0,0,0,0,-62.71333781896266,6430.270348851919,-324.3130484183803,1015.6277160134193,6430.270348851919,0.0,0.0,1015118.3704316537,10779.390772482371
3081,6545.46,6545.46,0,0.001433894367816113,0,0,0,0,hold,False,0,0,0,0,-62.71333781896266,6430.270348851919,-316.23518133036305,1015.6277160134193,6430.270348851919,0.0,0.0,1015118.3704316537,10779.390772482371
3082,6535.74,6535.74,0,0.0010650821050506704,0,0,0,0,sell,True,0,0,0,0,-62.71333781896266,6430.270348851919,-330.6155601024384,1015.6277160134193,6430.270348851919,0.0,0.0,1015118.3704316537,10779.390772482371
3083,6535.0,6541.741730752105,6548.290020772877,0.0010316343920589092,0.9819770242999976,6430.270348851919,6.430270348851919,0,buy,False,0,0,0,0,-62.71333781896266,6417.219853800484,-331.7103626015469,1022.0579863622712,0.0,0.9819770242999976,6417.219853800484,1021542.2105101567,10779.390772482371
3084,6535.98,6535.98,6548.290020772877,0.0014368933549729116,0,0,0,0,hold,False,0,0,0.00014996174445291896,0,-62.7131878572182,6418.182191284298,-330.2604890216462,1022.0579863622712,0.0,0.9819770242999976,6418.182191284298,1021542.2105101567,10779.390772482371
3085,6523.97,6523.97,6548.290020772877,0.0015152403268577483,0,0,0,0,buy,True,0,0,0,0,-62.7131878572182,6406.388647222455,-348.02883768961146,1022.0579863622712,0.0,0.9819770242999976,6406.388647222455,1021542.2105101567,10779.390772482371
3086,6511.89,6511.89,6548.290020772877,0.0011614164893868767,0,0,0,0,buy,True,0,0,0,0,-62.7131878572182,6394.526364768912,-365.9007487561412,1022.0579863622712,0.0,0.9819770242999976,6394.526364768912,1021542.2105101567,10779.390772482371
3087,6494.93,6494.93,6548.290020772877,0.0017502543640331078,0,0,0,0,buy,True,0,0,0,0,-62.7131878572182,6377.872034436783,-390.9924384654423,1022.0579863622712,0.0,0.9819770242999976,6377.872034436783,1021542.2105101567,10779.390772482371
3088,6498.27,6498.27,6548.290020772877,0.0017486283777507585,0,0,0,0,buy,True,0,0,0,0,-62.7131878572182,6381.151837697946,-386.0510325910873,1022.0579863622712,0.0,0.9819770242999976,6381.151837697946,1021542.2105101567,10779.390772482371
3089,6495.97,6495.97,6548.290020772877,0.0010988594542286703,0,0,0,0,buy,True,0,0,0,0,-62.7131878572182,6378.893290542055,-389.45379711534406,1022.0579863622712,0.0,0.9819770242999976,6378.893290542055,1021542.2105101567,10779.390772482371
3090,6488.45,6488.45,6548.290020772877,0.0015768227206546027,0,0,0,0,hold,False,0,0,-0.0011576408142279044,0,-62.71434549803243,6371.508823319319,-400.5793576468259,1022.0579863622712,0.0,0.9819770242999976,6371.508823319319,1021542.2105101567,10779.390772482371
3091,6489.92,6489.92,6548.290020772877,0.0010086697165694527,0,0,0,0,buy,True,0,0,0,0,-62.71434549803243,6372.95232954504,-398.404547276974,1022.0579863622712,0.0,0.9819770242999976,6372.95232954504,1021542.2105101567,10779.390772482371
3092,6495.14,6495.14,6548.290020772877,0.0011327637785696872,0,0,0,0,hold,False,0,0,0.0008043242443667208,0,-62.713541173788066,6378.078249611886,-390.68175126974893,1022.0579863622712,0.0,0.9819770242999976,6378.078249611886,1021542.2105101567,10779.390772482371
3093,6509.2,6509.2,6548.290020772877,0.0018910325712046087,0,0,0,0,hold,False,0,0,0.0021646954492126926,0,-62.711376478338856,6391.884846573544,-369.88050378668595,1022.0579863622712,0.0,0.9819770242999976,6391.884846573544,1021542.2105101567,10779.390772482371
3094,6502.97,6502.97,6548.290020772877,0.0013455648639990768,0,0,0,0,hold,False,0,0,-0.0009571068641306999,0,-62.712333585202984,6385.767129712155,-379.09755725891046,1022.0579863622712,0.0,0.9819770242999976,6385.767129712155,1021542.2105101567,10779.390772482371
3095,6505.6,6505.6,6548.290020772877,0.0017608560618107847,0,0,0,0,hold,False,0,0,0.00040443059094547035,0,-62.71192915461204,6388.349729286065,-375.2065699985651,1022.0579863622712,0.0,0.9819770242999976,6388.349729286065,1021542.2105101567,10779.390772482371
3096,6496.23,6496.23,6548.290020772877,0.0014279015511755738,0,0,0,0,buy,True,0,0,0,0,-62.71192915461204,6379.148604568372,-389.06913677781995,1022.0579863622712,0.0,0.9819770242999976,6379.148604568372,1021542.2105101567,10779.390772482371
3097,6498.76,6498.76,6548.290020772877,0.001866135925068282,0,0,0,0,hold,False,0,0,0.0003894566540903398,0,-62.711539697957946,6381.633006439853,-385.32609580113603,1022.0579863622712,0.0,0.9819770242999976,6381.633006439853,1021542.2105101567,10779.390772482371
3098,6504.53,6504.53,6548.290020772877,0.0014951119774736176,0,0,0,0,hold,False,0,0,0.000887861684382697,0,-62.71065183627356,6387.2990138700625,-376.789595233764,1022.0579863622712,0.0,0.9819770242999976,6387.2990138700625,1021542.2105101567,10779.390772482371
3099,6499.79,6499.79,6548.290020772877,0.0011532227316004675,0,0,0,0,hold,False,0,0,-0.0007287229054212037,0,-62.711380559178984,6382.644442774881,-383.80224907940465,1022.0579863622712,0.0,0.9819770242999976,6382.644442774881,1021542.2105101567,10779.390772482371
3100,6504.03,6504.03,6548.290020772877,0.0014301541982667415,0,0,0,0,hold,False,0,0,0.0006523287675447541,0,-62.71072823041144,6386.808025357913,-377.5293266520803,1022.0579863622712,0.0,0.9819770242999976,6386.808025357913,1021542.2105101567,10779.390772482371
3101,6513.99,6513.99,6548.290020772877,0.0010414308335589958,0,0,0,0,hold,False,0,0,0.00153135825019255,0,-62.70919687216125,6396.588516519941,-362.79387679921274,1022.0579863622712,0.0,0.9819770242999976,6396.588516519941,1021542.2105101567,10779.390772482371
3102,6497.35,6497.35,6548.290020772877,0.0017313842375854213,0,0,0,0,hold,False,0,0,-0.002554501925854872,0,-62.71175137408711,6380.248418835589,-387.41213840078854,1022.0579863622712,0.0,0.9819770242999976,6380.248418835589,1021542.2105101567,10779.390772482371
3103,6492.98,6492.98,6548.290020772877,0.001123511780663205,0,0,0,0,hold,False,0,0,-0.000672581898774147,0,-62.712423955985884,6375.957179239398,-393.8773909968786,1022.0579863622712,0.0,0.9819770242999976,6375.957179239398,1021542.2105101567,10779.390772482371
3104,6492.15,6492.15,6548.290020772877,0.0016291377015939567,0,0,0,0,hold,False,0,0,-0.00012783036448606947,0,-62.71255178635037,6375.142138309228,-395.1053451512835,1022.0579863622712,0.0,0.9819770242999976,6375.142138309228,1021542.2105101567,10779.390772482371
3105,6491.83,6491.83,6548.290020772877,0.001379521874678968,0,0,0,0,buy,True,0,0,0,0,-62.71255178635037,6374.827905661453,-395.5787732590052,1022.0579863622712,0.0,0.9819770242999976,6374.827905661453,1021542.2105101567,10779.390772482371
3106,6491.85,6491.85,6548.290020772877,0.0019574989193431,0,0,0,0,hold,False,0,0,3.0807953998227275e-06,0,-62.712548705554966,6374.847545201939,-395.54918400227143,1022.0579863622712,0.0,0.9819770242999976,6374.847545201939,1021542.2105101567,10779.390772482371
3107,6493.22,6493.22,6548.290020772877,0.001435659891031654,0,0,0,0,hold,False,0,0,0.0002110338347312955,0,-62.712337671720235,6376.192853725231,-393.5223199160846,1022.0579863622712,0.0,0.9819770242999976,6376.192853725231,1021542.2105101567,10779.390772482371
3108,6498.6,6498.6,6548.290020772877,0.0015827698265560766,0,0,0,0,buy,True,0,0,0,0,-62.712337671720235,6381.475890115965,-385.5628098549969,1022.0579863622712,0.0,0.9819770242999976,6381.475890115965,1021542.2105101567,10779.390772482371
3109,6506.07,6506.07,6548.290020772877,0.0010375777273107466,0,0,0,0,buy,True,0,0,0,0,-62.712337671720235,6388.811258487485,-374.5112224653476,1022.0579863622712,0.0,0.9819770242999976,6388.811258487485,1021542.2105101567,10779.390772482371
3110,6505.9,6505.9,6548.290020772877,0.0013807958886612548,0,0,0,0,buy,True,0,0,0,0,-62.712337671720235,6388.644322393354,-374.7627311475753,1022.0579863622712,0.0,0.9819770242999976,6388.644322393354,1021542.2105101567,10779.390772482371
3111,6487.01,6487.01,6548.290020772877,0.001697358055490094,0,0,0,0,buy,True,0,0,0,0,-62.712337671720235,6370.094776404328,-402.7097841315772,1022.0579863622712,0.0,0.9819770242999976,6370.094776404328,1021542.2105101567,10779.390772482371
3112,6494.55,6494.55,6548.290020772877,0.0013349961861311107,0,0,0,0,buy,True,0,0,0,0,-62.712337671720235,6377.498883167549,-391.55463434336343,1022.0579863622712,0.0,0.9819770242999976,6377.498883167549,1021542.2105101567,10779.390772482371
3113,6488.51,6488.51,6548.290020772877,0.0015954951268393382,0,0,0,0,hold,False,0,0,-0.0009300105473049901,0,-62.71326768226754,6371.5677419407775,-400.4905898766283,1022.0579863622712,0.0,0.9819770242999976,6371.5677419407775,1021542.2105101567,10779.390772482371
3114,6477.26,6477.26,6548.290020772877,0.0011708945847753293,0,0,0,0,hold,False,0,0,-0.0017338341159989486,0,-62.71500151638354,6360.520500417402,-417.1345467887513,1022.0579863622712,0.0,0.9819770242999976,6360.520500417402,1021542.2105101567,10779.390772482371
3115,6468.65,6468.65,6548.290020772877,0.001003170083083825,0,0,0,0,hold,False,0,0,-0.001329265769785503,0,-62.71633078215332,6352.065678238178,-429.87272181216576,1022.0579863622712,0.0,0.9819770242999976,6352.065678238178,1021542.2105101567,10779.390772482371
3116,6476.09,6476.09,6548.290020772877,0.001342197907030033,0,0,0,0,buy,True,0,0,0,0,-62.71633078215332,6359.3715872989715,-418.86551830761346,1022.0579863622712,0.0,0.9819770242999976,6359.3715872989715,1021542.2105101567,10779.390772482371
3117,6474.99,6474.99,6548.290020772877,0.0010756629289548599,0,0,0,0,hold,False,0,0,-0.00016985557643586793,0,-62.71650063772976,6358.291412572241,-420.4929274279093,1022.0579863622712,0.0,0.9819770242999976,6358.291412572241,1021542.2105101567,10779.390772482371
3118,6474.67,6474.67,6548.290020772877,0.001259495382270141,0,0,0,0,buy,True,0,0,0,0,-62.71650063772976,6357.977179924465,-420.96635553563283,1022.0579863622712,0.0,0.9819770242999976,6357.977179924465,1021542.2105101567,10779.390772482371
3119,6489.93,6489.93,6548.290020772877,0.0016921259846855471,0,0,0,0,buy,True,0,0,0,0,-62.71650063772976,6372.962149315284,-398.3897526486089,1022.0579863622712,0.0,0.9819770242999976,6372.962149315284,1021542.2105101567,10779.390772482371
3120,6494.03,6494.03,6548.290020772877,0.0017837257556291139,0,0,0,0,buy,True,0,0,0,0,-62.71650063772976,6376.988255114913,-392.32395501841165,1022.0579863622712,0.0,0.9819770242999976,6376.988255114913,1021542.2105101567,10779.390772482371
3121,6491.51,6491.51,6548.290020772877,0.0012243676152343145,0,0,0,0,hold,False,0,0,-0.0003880487155125066,0,-62.71688868644527,6374.513673013677,-396.0522013667269,1022.0579863622712,0.0,0.9819770242999976,6374.513673013677,1021542.2105101567,10779.390772482371
3122,6496.24,6496.24,6548.290020772877,0.001175455253310755,0,0,0,0,hold,False,0,0,0.0007286440288930664,0,-62.71616004241638,6379.158424338616,-389.0543421494531,1022.0579863622712,0.0,0.9819770242999976,6379.158424338616,1021542.2105101567,10779.390772482371
3123,6496.94,6496.94,6548.290020772877,0.0014424245476664065,0,0,0,0,buy,True,0,0,0,0,-62.71616004241638,6379.845808255625,-388.01871816381026,1022.0579863622712,0.0,0.9819770242999976,6379.845808255625,1021542.2105101567,10779.390772482371
3124,6497.86,6497.86,6548.290020772877,0.0010071600911930843,0,0,0,0,hold,False,0,0,0.0001416051248742307,0,-62.7160184372915,6380.749227117982,-386.6576123541072,1022.0579863622712,0.0,0.9819770242999976,6380.749227117982,1021542.2105101567,10779.390772482371
3125,6496.63,6496.63,6548.290020772877,0.0016446025808578408,0,0,0,0,hold,False,0,0,-0.0001892930903403882,0,-62.716207730381846,6379.5413953780935,-388.4773516431651,1022.0579863622712,0.0,0.9819770242999976,6379.5413953780935,1021542.2105101567,10779.390772482371
3126,6497.47,6497.47,6548.290020772877,0.0013763631272052381,0,0,0,0,hold,False,0,0,0.00012929780516969346,0,-62.71607843257668,6380.366256078505,-387.23460286039335,1022.0579863622712,0.0,0.9819770242999976,6380.366256078505,1021542.2105101567,10779.390772482371
3127,6498.97,6498.97,6548.290020772877,0.0016317951820335533,0,0,0,0,hold,False,0,0,0.00023085908822971429,0,-62.71584757348845,6381.839221614955,-385.01540860544264,1022.0579863622712,0.0,0.9819770242999976,6381.839221614955,1021542.2105101567,10779.390772482371
3128,6498.92,6498.92,6548.290020772877,0.0018670216889208014,0,0,0,0,hold,False,0,0,-7.693526820355942e-06,0,-62.71585526701527,6381.79012276374,-385.0893817472752,1022.0579863622712,0.0,0.9819770242999976,6381.79012276374,1021542.2105101567,10779.390772482371
3129,6488.39,6488.39,6548.290020772877,0.0013234206410953134,0,0,0,0,buy,True,0,0,0,0,-62.71585526701527,6371.449904697862,-400.6681254170235,1022.0579863622712,0.0,0.9819770242999976,6371.449904697862,1021542.2105101567,10779.390772482371
3130,6491.0,6491.0,6548.290020772877,0.001858143631541557,0,0,0,0,hold,False,0,0,0.0004022569543444996,0,-62.715453010060926,6374.012864731284,-396.80672741341004,1022.0579863622712,0.0,0.9819770242999976,6374.012864731284,1021542.2105101567,10779.390772482371
3131,6429.9,6429.9,6548.290020772877,0.001760816710407277,0,0,0,0,buy,True,0,0,0,0,-62.715453010060926,6314.014068546554,-487.2019067317051,1022.0579863622712,0.0,0.9819770242999976,6314.014068546554,1021542.2105101567,10779.390772482371
3132,6352.01,6352.01,6548.290020772877,0.0015928225463276637,0,0,0,0,hold,False,0,0,-0.012113718720353285,0,-62.72756672878128,6237.527878123828,-602.4372670770699,1022.0579863622712,0.0,0.9819770242999976,6237.527878123828,1021542.2105101567,10779.390772482371
3133,6368.76,6368.76,6548.290020772877,0.00167243140496368,0,0,0,0,hold,False,0,0,0.0026369605841301195,0,-62.72492976819715,6253.975993280853,-577.6562645634622,1022.0579863622712,0.0,0.9819770242999976,6253.975993280853,1021542.2105101567,10779.390772482371
3134,6366.89,6366.89,6548.290020772877,0.001158347560564643,0,0,0,0,buy,True,0,0,0,0,-62.72492976819715,6252.139696245412,-580.4228600679671,1022.0579863622712,0.0,0.9819770242999976,6252.139696245412,1021542.2105101567,10779.390772482371
3135,6382.56,6382.56,6548.290020772877,0.0010792062705288945,0,0,0,0,hold,False,0,0,0.0024611702102596764,0,-62.72246859798689,6267.527276216193,-557.2396774179233,1022.0579863622712,0.0,0.9819770242999976,6267.527276216193,1021542.2105101567,10779.390772482371
3136,6368.04,6368.04,6548.290020772877,0.0012793473196533406,0,0,0,0,hold,False,0,0,-0.0022749492366700677,0,-62.72474354722356,6253.268969823356,-578.7214778058387,1022.0579863622712,0.0,0.9819770242999976,6253.268969823356,1021542.2105101567,10779.390772482371
3137,6353.36,6353.36,6548.290020772877,0.0013687440955280198,0,0,0,0,hold,False,0,0,-0.002305261901621178,0,-62.72704880912518,6238.8535471066325,-600.439992247615,1022.0579863622712,0.0,0.9819770242999976,6238.8535471066325,1021542.2105101567,10779.390772482371
3138,6361.55,6361.55,6548.290020772877,0.0019730943645864616,0,0,0,0,hold,False,0,0,0.0012890816827631566,0,-62.725759727442416,6246.89593893565,-588.3231916155873,1022.0579863622712,0.0,0.9819770242999976,6246.89593893565,1021542.2105101567,10779.390772482371
3139,6336.1,6336.1,6548.290020772877,0.0018570787617977129,0,0,0,0,buy,True,0,0,0,0,-62.725759727442416,6221.904623667215,-625.9755208079041,1022.0579863622712,0.0,0.9819770242999976,6221.904623667215,1021542.2105101567,10779.390772482371
3140,6332.01,6332.01,6548.290020772877,0.0016945564568953682,0,0,0,0,buy,True,0,0,0,0,-62.725759727442416,6217.888337637828,-632.0265238097345,1022.0579863622712,0.0,0.9819770242999976,6217.888337637828,1021542.2105101567,10779.390772482371
3141,6324.03,6324.03,6548.290020772877,0.0011044732134487855,0,0,0,0,buy,True,0,0,0,0,-62.725759727442416,6210.052160983913,-643.8326372460688,1022.0579863622712,0.0,0.9819770242999976,6210.052160983913,1021542.2105101567,10779.390772482371
3142,6346.5,6346.5,6548.290020772877,0.0011843304456888397,0,0,0,0,hold,False,0,0,0.00355311407441149,0,-62.722206613368,6232.117184719935,-610.5891073069197,1022.0579863622712,0.0,0.9819770242999976,6232.117184719935,1021542.2105101567,10779.390772482371
3143,6344.5,6344.5,6548.290020772877,0.0013891207730331481,0,0,0,0,hold,False,0,0,-0.0003151343260065411,0,-62.72252174769401,6230.153230671334,-613.5480329801849,1022.0579863622712,0.0,0.9819770242999976,6230.153230671334,1021542.2105101567,10779.390772482371
3144,6357.07,6357.07,6548.290020772877,0.001356802448849675,0,0,0,0,hold,False,0,0,0.0019812435968161535,0,-62.720540504097194,6242.496681866785,-594.9511851237057,1022.0579863622712,0.0,0.9819770242999976,6242.496681866785,1021542.2105101567,10779.390772482371
3145,6347.9,6347.9,6548.290020772877,0.0019844131655124843,0,0,0,0,hold,False,0,0,-0.0014424884420023618,0,-62.721982992539196,6233.491952553954,-608.5178593356341,1022.0579863622712,0.0,0.9819770242999976,6233.491952553954,1021542.2105101567,10779.390772482371
3146,6353.77,6353.77,6548.290020772877,0.0016315271749112522,0,0,0,0,hold,False,0,0,0.0009247152601647988,0,-62.721058277279035,6239.2561576865955,-599.8334124845951,1022.0579863622712,0.0,0.9819770242999976,6239.2561576865955,1021542.2105101567,10779.390772482371
3147,6363.76,6363.76,6548.290020772877,0.0017998730450894474,0,0,0,0,hold,False,0,0,0.0015722948737521242,0,-62.71948598240528,6249.066108159353,-585.0535787466288,1022.0579863622712,0.0,0.9819770242999976,6249.066108159353,1021542.2105101567,10779.390772482371
3148,6380.86,6380.86,6548.290020772877,0.0015978505404431378,0,0,0,0,hold,False,0,0,0.0026870906508102183,0,-62.71679889175447,6265.8579152748825,-559.7547642402005,1022.0579863622712,0.0,0.9819770242999976,6265.8579152748825,1021542.2105101567,10779.390772482371
3149,6369.81,6369.81,6548.290020772877,0.0015327570172868246,0,0,0,0,hold,False,0,0,-0.00173174148939167,0,-62.718530633243866,6255.007069156368,-576.102828584997,1022.0579863622712,0.0,0.9819770242999976,6255.007069156368,1021542.2105101567,10779.390772482371
3150,6383.2,6383.2,6548.290020772877,0.0015173195285819474,0,0,0,0,hold,False,0,0,0.0021021035164312967,0,-62.71642852972744,6268.155741511744,-556.2928212024781,1022.0579863622712,0.0,0.9819770242999976,6268.155741511744,1021542.2105101567,10779.390772482371
3151,6373.0,6366.593904802032,0,0.0010051930327895566,0.9819770242999976,6245.597088626437,6.251848937564001,-184.6732602254824,sell,False,0,0,-1.0,0,-63.71642852972744,6245.597088626437,-571.3833421361378,1028.3098352998352,6245.597088626437,0.0,0.0,1027794.0594477206,10779.390772482371
3152,6353.5,6353.5,0,0.0010557355653699316,0,0,0,0,sell,True,0,0,0,0,-63.71642852972744,6245.597088626437,-600.2328674504861,1028.3098352998352,6245.597088626437,0.0,0.0,1027794.0594477206,10779.390772482371
3153,6349.26,6349.26,0,0.0018059936780084776,0,0,0,0,sell,True,0,0,0,0,-63.71642852972744,6245.597088626437,-606.5057898778105,1028.3098352998352,6245.597088626437,0.0,0.0,1027794.0594477206,10779.390772482371
3154,6348.28,6348.28,0,0.001690674866129543,0,0,0,0,sell,True,0,0,0,0,-63.71642852972744,6245.597088626437,-607.955663457713,1028.3098352998352,6245.597088626437,0.0,0.0,1027794.0594477206,10779.390772482371
3155,6359.02,6359.02,0,0.0012831741206431565,0,0,0,0,sell,True,0,0,0,0,-63.71642852972744,6245.597088626437,-592.0662325922694,1028.3098352998352,6245.597088626437,0.0,0.0,1027794.0594477206,10779.390772482371
3156,6364.4,6364.4,0,0.001806046542207374,0,0,0,0,sell,True,0,0,0,0,-63.71642852972744,6245.597088626437,-584.1067225311836,1028.3098352998352,6245.597088626437,0.0,0.0,1027794.0594477206,10779.390772482371
3157,6358.3,6370.4746831188595,6376.851534653513,0.0019147701616562714,0.9794170453375298,6245.597088626437,6.245597088626437,0,buy,False,0,0,0,0,-63.71642852972744,6227.427399369616,-593.131445834646,1034.5554323884617,0.0,0.9794170453375298,6227.427399369616,1034033.4109392584,10779.390772482371
3158,6348.54,6348.54,6376.851534653513,0.0012884733658360195,0,0,0,0,hold,False,0,0,-0.0015350014941101298,0,-63.71796353122155,6217.868289007121,-607.571003120187,1034.5554323884617,0.0,0.9794170453375298,6217.868289007121,1034033.4109392584,10779.390772482371
3159,6353.97,6353.97,6376.851534653513,0.001687745963849021,0,0,0,0,buy,True,0,0,0,0,-63.71796353122155,6223.186523563305,-599.5375199172686,1034.5554323884617,0.0,0.9794170453375298,6223.186523563305,1034033.4109392584,10779.390772482371
3160,6338.94,6327.626965029827,0,0.0017846887602931299,0.9794170453375298,6191.188320381507,6.197385706087594,-54.40876824492989,sell,False,0,0,-1.0,0,-64.71796353122156,6191.188320381507,-621.7738463518672,1040.7528180945492,6191.188320381507,0.0,0.0,1040230.796645346,10779.390772482371
3161,6341.96,6341.96,0,0.0017652471659824723,0,0,0,0,sell,True,0,0,0,0,-64.71796353122156,6191.188320381507,-617.3058685852338,1040.7528180945492,6191.188320381507,0.0,0.0,1040230.796645346,10779.390772482371
3162,6338.53,6338.53,0,0.0019902035990171088,0,0,0,0,sell,True,0,0,0,0,-64.71796353122156,6191.188320381507,-622.3804261148871,1040.7528180945492,6191.188320381507,0.0,0.0,1040230.796645346,10779.390772482371
3163,6332.0,6332.0,0,0.0010819881862045976,0,0,0,0,sell,True,0,0,0,0,-64.71796353122156,6191.188320381507,-632.0413184381014,1040.7528180945492,6191.188320381507,0.0,0.0,1040230.796645346,10779.390772482371
3164,6345.0,6345.0,0,0.0016859990342533424,0,0,0,0,sell,True,0,0,0,0,-64.71796353122156,6191.188320381507,-612.8083015618686,1040.7528180945492,6191.188320381507,0.0,0.0,1040230.796645346,10779.390772482371
3165,6326.53,6326.53,0,0.00198663423669484,0,0,0,0,sell,True,0,0,0,0,-64.71796353122156,6191.188320381507,-640.1339801544855,1040.7528180945492,6191.188320381507,0.0,0.0,1040230.796645346,10779.390772482371
3166,6324.55,6324.55,0,0.0012175788422955425,0,0,0,0,sell,True,0,0,0,0,-64.71796353122156,6191.188320381507,-643.0633165710187,1040.7528180945492,6191.188320381507,0.0,0.0,1040230.796645346,10779.390772482371
3167,6330.87,6330.87,0,0.0017781140893307144,0,0,0,0,sell,True,0,0,0,0,-64.71796353122156,6191.188320381507,-633.7131114434978,1040.7528180945492,6191.188320381507,0.0,0.0,1040230.796645346,10779.390772482371
3168,6343.45,6343.45,0,0.0016277143696876825,0,0,0,0,hold,False,0,0,0,0,-64.71796353122156,6191.188320381507,-615.1014689586518,1040.7528180945492,6191.188320381507,0.0,0.0,1040230.796645346,10779.390772482371
3169,6335.69,6344.178943102541,6350.5294725751155,0.0013398608679625432,0.9749089972920012,6191.188320381507,6.191188320381507,0,buy,False,0,0,0,0,-64.71796353122156,6176.721185052958,-626.5821005709258,1046.9440064149308,0.0,0.9749089972920012,6176.721185052958,1046415.7937774071,10779.390772482371
3170,6338.5,6338.5,6350.5294725751155,0.0017125412296391516,0,0,0,0,hold,False,0,0,0.0004435191747072064,0,-64.71752001204685,6179.46067933535,-622.4248099999859,1046.9440064149308,0.0,0.9749089972920012,6179.46067933535,1046415.7937774071,10779.390772482371
3171,6339.39,6339.39,6350.5294725751155,0.0018287650231744149,0,0,0,0,hold,False,0,0,0.00014041176934606912,0,-64.7173796002775,6180.3283483429395,-621.1080880753816,1046.9440064149308,0.0,0.9749089972920012,6180.3283483429395,1046415.7937774071,10779.390772482371
3172,6339.09,6339.09,6350.5294725751155,0.0016929189331805013,0,0,0,0,hold,False,0,0,-4.7323165162608336e-05,0,-64.71742692344266,6180.035875643752,-621.5519269263714,1046.9440064149308,0.0,0.9749089972920012,6180.035875643752,1046415.7937774071,10779.390772482371
3173,6339.05,6339.05,6350.5294725751155,0.0012620213133088345,0,0,0,0,hold,False,0,0,-6.310053966612953e-06,0,-64.71743323349662,6179.996879283861,-621.611105439837,1046.9440064149308,0.0,0.9749089972920012,6179.996879283861,1046415.7937774071,10779.390772482371
3174,6333.91,6333.91,6350.5294725751155,0.001297435649473699,0,0,0,0,hold,False,0,0,-0.0008108470512143838,0,-64.71824408054783,6174.985847037779,-629.2155444201326,1046.9440064149308,0.0,0.9749089972920012,6174.985847037779,1046415.7937774071,10779.390772482371
3175,6335.33,6335.33,6350.5294725751155,0.0016805587747718074,0,0,0,0,hold,False,0,0,0.00022419011321596084,0,-64.71801989043462,6176.370217813934,-627.1147071921132,1046.9440064149308,0.0,0.9749089972920012,6176.370217813934,1046415.7937774071,10779.390772482371
3176,6329.34,6329.34,6350.5294725751155,0.001970308736485258,0,0,0,0,buy,True,0,0,0,0,-64.71801989043462,6170.530512920155,-635.9766895835455,1046.9440064149308,0.0,0.9749089972920012,6170.530512920155,1046415.7937774071,10779.390772482371
3177,6325.0,6325.0,6350.5294725751155,0.0011405791768301335,0,0,0,0,hold,False,0,0,-0.000685695506956547,0,-64.71870558594158,6166.2994078719075,-642.397558294535,1046.9440064149308,0.0,0.9749089972920012,6166.2994078719075,1046415.7937774071,10779.390772482371
3178,6337.18,6337.18,6350.5294725751155,0.0014638735004763384,0,0,0,0,hold,False,0,0,0.001925691699604856,0,-64.71677989424197,6178.173799458925,-624.3777009443402,1046.9440064149308,0.0,0.9749089972920012,6178.173799458925,1046415.7937774071,10779.390772482371
3179,6331.87,6331.87,6350.5294725751155,0.0012153333966525718,0,0,0,0,hold,False,0,0,-0.0008379121312635444,0,-64.71761780637323,6172.997032683304,-632.2336486068634,1046.9440064149308,0.0,0.9749089972920012,6172.997032683304,1046415.7937774071,10779.390772482371
3180,6334.73,6334.73,6350.5294725751155,0.0013083385326916389,0,0,0,0,hold,False,0,0,0.00045168330998575265,0,-64.71716612306324,6175.785272415558,-628.0023848940928,1046.9440064149308,0.0,0.9749089972920012,6175.785272415558,1046415.7937774071,10779.390772482371
3181,6313.55,6313.55,6350.5294725751155,0.001207856253105311,0,0,0,0,hold,False,0,0,-0.0033434732024883273,0,-64.72050959626573,6155.136699852915,-659.3374077739845,1046.9440064149308,0.0,0.9749089972920012,6155.136699852915,1046415.7937774071,10779.390772482371
3182,6265.24,6265.24,6350.5294725751155,0.0010269776657720396,0,0,0,0,hold,False,0,0,-0.007651796532854077,0,-64.72816139279858,6108.038846193737,-730.8102574117402,1046.9440064149308,0.0,0.9749089972920012,6108.038846193737,1046415.7937774071,10779.390772482371
3183,6394.8,6394.8,6350.5294725751155,0.0011562254176107204,0,0,0,0,hold,False,0,0,0.020679175897491665,0,-64.70748221690108,6234.34805588289,-539.1310522975309,1046.9440064149308,0.0,0.9749089972920012,6234.34805588289,1046415.7937774071,10779.390772482371
3184,6378.1,6378.1,6350.5294725751155,0.0014506123738838531,0,0,0,0,hold,False,0,0,-0.0026114968411834415,0,-64.71009371374227,6218.067075628113,-563.8380816693079,1046.9440064149308,0.0,0.9749089972920012,6218.067075628113,1046415.7937774071,10779.390772482371
3185,6359.64,6359.64,6350.5294725751155,0.0018729697387198352,0,0,0,0,hold,False,0,0,-0.002894278860475677,0,-64.71298799260275,6200.070255538103,-591.148965633558,1046.9440064149308,0.0,0.9749089972920012,6200.070255538103,1046415.7937774071,10779.390772482371
3186,6367.81,6367.81,6350.5294725751155,0.0011505912168044312,0,0,0,0,hold,False,0,0,0.0012846639117937801,0,-64.71170332869096,6208.035262045979,-579.061754258264,1046.9440064149308,0.0,0.9749089972920012,6208.035262045979,1046415.7937774071,10779.390772482371
3187,6371.37,6371.37,6350.5294725751155,0.0018603621802229704,0,0,0,0,hold,False,0,0,0.0005590619066836641,0,-64.71114426678427,6211.505938076338,-573.7948665598506,1046.9440064149308,0.0,0.9749089972920012,6211.505938076338,1046415.7937774071,10779.390772482371
3188,6369.01,6369.01,6350.5294725751155,0.0012180378974785142,0,0,0,0,hold,False,0,0,-0.00037040699253056814,0,-64.7115146737768,6209.205152842729,-577.2863988543031,1046.9440064149308,0.0,0.9749089972920012,6209.205152842729,1046415.7937774071,10779.390772482371
3189,6371.92,6363.893233655181,0,0.0012597092155613027,0.9749089972920012,6198.0125545248275,6.204216771296124,6.824234143320609,sell,False,0,0,-1.0,0,-65.7115146737768,6198.0125545248275,-572.9811619997017,1053.148223186227,6198.0125545248275,0.0,0.0,1052620.0105487034,10779.390772482371
3190,6373.82,6373.82,0,0.00167465927937872,0,0,0,0,sell,True,0,0,0,0,-65.7115146737768,6198.0125545248275,-570.170182610098,1053.148223186227,6198.0125545248275,0.0,0.0,1052620.0105487034,10779.390772482371
3191,6371.93,6371.93,0,0.0019783577124159145,0,0,0,0,sell,True,0,0,0,0,-65.7115146737768,6198.0125545248275,-572.9663673713349,1053.148223186227,6198.0125545248275,0.0,0.0,1052620.0105487034,10779.390772482371
3192,6366.0,6366.0,0,0.0016522512654520813,0,0,0,0,sell,True,0,0,0,0,-65.7115146737768,6198.0125545248275,-581.7395819925696,1053.148223186227,6198.0125545248275,0.0,0.0,1052620.0105487034,10779.390772482371
3193,6361.9,6370.550030853771,6376.926957811584,0.001359661556102973,0.9719434761491834,6198.0125545248275,6.198012554524827,0,buy,False,0,0,0,0,-65.7115146737768,6183.40720091349,-587.8053796227668,1059.3462357407518,0.0,0.9719434761491834,6183.40720091349,1058811.8250906738,10779.390772482371
3194,6363.72,6363.72,6376.926957811584,0.0015835863999306202,0,0,0,0,buy,True,0,0,0,0,-65.7115146737768,6185.176138040082,-585.1127572600944,1059.3462357407518,0.0,0.9719434761491834,6185.176138040082,1058811.8250906738,10779.390772482371
3195,6362.59,6362.59,6376.926957811584,0.0016823271134456226,0,0,0,0,hold,False,0,0,-0.00017756909480621646,0,-65.7116922428716,6184.077841912033,-586.7845502654891,1059.3462357407518,0.0,0.9719434761491834,6184.077841912033,1058811.8250906738,10779.390772482371
3196,6367.03,6367.03,6376.926957811584,0.0018020003365763976,0,0,0,0,hold,False,0,0,0.0006978290287444787,0,-65.71099441384287,6188.393270946135,-580.2157352708382,1059.3462357407518,0.0,0.9719434761491834,6188.393270946135,1058811.8250906738,10779.390772482371
3197,6364.4,6364.4,6376.926957811584,0.0011204381085092264,0,0,0,0,buy,True,0,0,0,0,-65.71099441384287,6185.837059603862,-584.1067225311836,1059.3462357407518,0.0,0.9719434761491834,6185.837059603862,1058811.8250906738,10779.390772482371
3198,6378.54,6378.54,6376.926957811584,0.0012302482520701746,0,0,0,0,hold,False,0,0,0.0022217333919930904,0,-65.70877268045088,6199.580340356612,-563.1871180211892,1059.3462357407518,0.0,0.9719434761491834,6199.580340356612,1058811.8250906738,10779.390772482371
3199,6388.99,6388.99,6376.926957811584,0.001986708107824883,0,0,0,0,hold,False,0,0,0.0016383059446204533,0,-65.70713437450625,6209.737149682371,-547.7267313783723,1059.3462357407518,0.0,0.9719434761491834,6209.737149682371,1058811.8250906738,10779.390772482371
3200,6374.0,6374.0,6376.926957811584,0.001174809728538089,0,0,0,0,buy,True,0,0,0,0,-65.70713437450625,6195.1677169748955,-569.9038792995034,1059.3462357407518,0.0,0.9719434761491834,6195.1677169748955,1058811.8250906738,10779.390772482371
3201,6369.97,6369.97,6376.926957811584,0.0019149434365684373,0,0,0,0,buy,True,0,0,0,0,-65.70713437450625,6191.2507847660145,-575.8661145311362,1059.3462357407518,0.0,0.9719434761491834,6191.2507847660145,1058811.8250906738,10779.390772482371
3202,6368.06,6368.06,6376.926957811584,0.0017945948026581388,0,0,0,0,hold,False,0,0,-0.0002998444262688732,0,-65.70743421893252,6189.39437272657,-578.691888549105,1059.3462357407518,0.0,0.9719434761491834,6189.39437272657,1058811.8250906738,10779.390772482371
3203,6366.98,6366.98,6376.926957811584,0.0017488906350705872,0,0,0,0,hold,False,0,0,-0.00016959639199402667,0,-65.70760381532452,6188.344673772327,-580.2897084126707,1059.3462357407518,0.0,0.9719434761491834,6188.344673772327,1058811.8250906738,10779.390772482371
3204,6367.49,6367.49,6376.926957811584,0.0013407050818124054,0,0,0,0,hold,False,0,0,8.010076990987119e-05,0,-65.70752371455461,6188.840364945164,-579.5351823659876,1059.3462357407518,0.0,0.9719434761491834,6188.840364945164,1058811.8250906738,10779.390772482371
3205,6363.98,6363.98,6376.926957811584,0.0010574467470499413,0,0,0,0,hold,False,0,0,-0.0005512376148216337,0,-65.70807495216943,6185.42884334388,-584.7280969225703,1059.3462357407518,0.0,0.9719434761491834,6185.42884334388,1058811.8250906738,10779.390772482371
3206,6369.0,6369.0,6376.926957811584,0.0013425888466220305,0,0,0,0,hold,False,0,0,0.0007888145468716702,0,-65.70728613762256,6190.307999594149,-577.30119348267,1059.3462357407518,0.0,0.9719434761491834,6190.307999594149,1058811.8250906738,10779.390772482371
3207,6367.23,6367.23,6376.926957811584,0.0010871147496962774,0,0,0,0,buy,True,0,0,0,0,-65.70728613762256,6188.587659641365,-579.9198427035117,1059.3462357407518,0.0,0.9719434761491834,6188.587659641365,1058811.8250906738,10779.390772482371
3208,6367.6,6367.6,6376.926957811584,0.0014516425451646746,0,0,0,0,buy,True,0,0,0,0,-65.70728613762256,6188.947278727541,-579.3724414539574,1059.3462357407518,0.0,0.9719434761491834,6188.947278727541,1058811.8250906738,10779.390772482371
3209,6372.89,6372.89,6376.926957811584,0.0014998734227438459,0,0,0,0,buy,True,0,0,0,0,-65.70728613762256,6194.088859716369,-571.5460830481661,1059.3462357407518,0.0,0.9719434761491834,6194.088859716369,1058811.8250906738,10779.390772482371
3210,6373.94,6373.94,6376.926957811584,0.0010445349180205651,0,0,0,0,buy,True,0,0,0,0,-65.70728613762256,6195.109400366326,-569.9926470697028,1059.3462357407518,0.0,0.9719434761491834,6195.109400366326,1058811.8250906738,10779.390772482371
3211,6379.68,6379.68,6376.926957811584,0.001731558986066777,0,0,0,0,buy,True,0,0,0,0,-65.70728613762256,6200.688355919423,-561.5005303874259,1059.3462357407518,0.0,0.9719434761491834,6200.688355919423,1058811.8250906738,10779.390772482371
3212,6406.0,6406.0,6376.926957811584,0.001675496275993444,0,0,0,0,buy,True,0,0,0,0,-65.70728613762256,6226.269908211669,-522.5610685272386,1059.3462357407518,0.0,0.9719434761491834,6226.269908211669,1058811.8250906738,10779.390772482371
3213,6415.97,6415.97,6376.926957811584,0.0017765333336383395,0,0,0,0,buy,True,0,0,0,0,-65.70728613762256,6235.9601846688765,-507.810824046006,1059.3462357407518,0.0,0.9719434761491834,6235.9601846688765,1058811.8250906738,10779.390772482371
3214,6401.29,6401.29,6376.926957811584,0.001953746076040029,0,0,0,0,buy,True,0,0,0,0,-65.70728613762256,6221.692054439006,-529.5293384877823,1059.3462357407518,0.0,0.9719434761491834,6221.692054439006,1058811.8250906738,10779.390772482371
3215,6410.0,6410.0,6376.926957811584,0.0019789325662662133,0,0,0,0,hold,False,0,0,0.0013606632413154184,0,-65.70592547438125,6230.157682116265,-516.6432171807064,1059.3462357407518,0.0,0.9719434761491834,6230.157682116265,1058811.8250906738,10779.390772482371
3216,6450.27,6450.27,6376.926957811584,0.0015001743673721053,0,0,0,0,buy,True,0,0,0,0,-65.70592547438125,6269.297845900794,-457.06524874948445,1059.3462357407518,0.0,0.9719434761491834,6269.297845900794,1058811.8250906738,10779.390772482371
3217,6443.74,6443.74,6376.926957811584,0.0015530496481745797,0,0,0,0,hold,False,0,0,-0.0010123607228844898,0,-65.70693783510413,6262.951055001539,-466.72614107270056,1059.3462357407518,0.0,0.9719434761491834,6262.951055001539,1058811.8250906738,10779.390772482371
3218,6431.34,6431.34,6376.926957811584,0.0010938730132272877,0,0,0,0,hold,False,0,0,-0.0019243482822087139,0,-65.70886218338633,6250.89895589729,-485.071480246952,1059.3462357407518,0.0,0.9719434761491834,6250.89895589729,1058811.8250906738,10779.390772482371
3219,6431.97,6431.97,6376.926957811584,0.0019499433561908624,0,0,0,0,hold,False,0,0,9.79578128352369e-05,0,-65.70876422557349,6251.511280287264,-484.1394186598736,1059.3462357407518,0.0,0.9719434761491834,6251.511280287264,1058811.8250906738,10779.390772482371
3220,6425.43,6425.43,6376.926957811584,0.0014765350652991573,0,0,0,0,buy,True,0,0,0,0,-65.70876422557349,6245.1547699532475,-493.8151056114548,1059.3462357407518,0.0,0.9719434761491834,6245.1547699532475,1058811.8250906738,10779.390772482371
3221,6431.82,6431.82,6376.926957811584,0.00143137143014968,0,0,0,0,hold,False,0,0,0.0009944859721449872,0,-65.70776973960135,6251.36548876584,-484.3613380853694,1059.3462357407518,0.0,0.9719434761491834,6251.36548876584,1058811.8250906738,10779.390772482371
3222,6425.97,6425.97,6376.926957811584,0.0019151981677534798,0,0,0,0,hold,False,0,0,-0.000909540378928332,0,-65.70867927998027,6245.679619430369,-493.0161956796728,1059.3462357407518,0.0,0.9719434761491834,6245.679619430369,1058811.8250906738,10779.390772482371
3223,6425.2,6425.2,6376.926957811584,0.0013185810486308846,0,0,0,0,buy,True,0,0,0,0,-65.70867927998027,6244.931222953733,-494.1553820638801,1059.3462357407518,0.0,0.9719434761491834,6244.931222953733,1058811.8250906738,10779.390772482371
3224,6414.39,6414.39,6376.926957811584,0.0015937742196166032,0,0,0,0,hold,False,0,0,-0.001682437900765613,0,-65.71036171788104,6234.424513976561,-510.14837532788624,1059.3462357407518,0.0,0.9719434761491834,6234.424513976561,1058811.8250906738,10779.390772482371
3225,6405.02,6405.02,6376.926957811584,0.001852055318886569,0,0,0,0,hold,False,0,0,-0.0014607780318938723,0,-65.71182249591294,6225.317403605043,-524.0109421071393,1059.3462357407518,0.0,0.9719434761491834,6225.317403605043,1058811.8250906738,10779.390772482371
3226,6410.0,6410.0,6376.926957811584,0.0012219460046556524,0,0,0,0,hold,False,0,0,0.0007775151365646223,0,-65.71104498077638,6230.157682116265,-516.6432171807064,1059.3462357407518,0.0,0.9719434761491834,6230.157682116265,1058811.8250906738,10779.390772482371
3227,6421.36,6412.293686354445,0,0.0014118992932268706,0.9719434761491834,6226.154628589195,6.232387015604801,28.14207406436799,sell,False,0,0,-1.0,0,-66.71104498077638,6226.154628589195,-499.83651935655325,1065.5786227563567,6226.154628589195,0.0,0.0,1065044.2121062786,10779.390772482371
3228,6415.96,6415.96,0,0.0013934590017296074,0,0,0,0,sell,True,0,0,0,0,-66.71104498077638,6226.154628589195,-507.82561867437107,1065.5786227563567,6226.154628589195,0.0,0.0,1065044.2121062786,10779.390772482371
3229,6424.91,6424.91,0,0.0015590998665551614,0,0,0,0,sell,True,0,0,0,0,-66.71104498077638,6226.154628589195,-494.5844262865048,1065.5786227563567,6226.154628589195,0.0,0.0,1065044.2121062786,10779.390772482371
3230,6440.01,6440.01,0,0.0019278473375040905,0,0,0,0,sell,True,0,0,0,0,-66.71104498077638,6226.154628589195,-472.24453745334176,1065.5786227563567,6226.154628589195,0.0,0.0,1065044.2121062786,10779.390772482371
3231,6424.8,6424.8,0,0.0012415583750715272,0,0,0,0,sell,True,0,0,0,0,-66.71104498077638,6226.154628589195,-494.74716719853313,1065.5786227563567,6226.154628589195,0.0,0.0,1065044.2121062786,10779.390772482371
3232,6421.46,6421.46,0,0.0018560016356455112,0,0,0,0,sell,True,0,0,0,0,-66.71104498077638,6226.154628589195,-499.6885730728882,1065.5786227563567,6226.154628589195,0.0,0.0,1065044.2121062786,10779.390772482371
3233,6416.9,6416.9,0,0.001988210122807906,0,0,0,0,sell,True,0,0,0,0,-66.71104498077638,6226.154628589195,-506.4349236079379,1065.5786227563567,6226.154628589195,0.0,0.0,1065044.2121062786,10779.390772482371
3234,6425.14,6425.14,0,0.0018780933257221749,0,0,0,0,hold,False,0,0,0,0,-66.71104498077638,6226.154628589195,-494.2441498340777,1065.5786227563567,6226.154628589195,0.0,0.0,1065044.2121062786,10779.390772482371
3235,6430.99,6430.99,0,0.0018780644255891065,0,0,0,0,hold,False,0,0,0,0,-66.71104498077638,6226.154628589195,-485.5892922397743,1065.5786227563567,6226.154628589195,0.0,0.0,1065044.2121062786,10779.390772482371
3236,6432.54,6432.54,0,0.0017801637842811849,0,0,0,0,hold,False,0,0,0,0,-66.71104498077638,6226.154628589195,-483.29612484299287,1065.5786227563567,6226.154628589195,0.0,0.0,1065044.2121062786,10779.390772482371
3237,6440.23,6440.23,0,0.0014014504350924714,0,0,0,0,sell,True,0,0,0,0,-66.71104498077638,6226.154628589195,-471.9190556292833,1065.5786227563567,6226.154628589195,0.0,0.0,1065044.2121062786,10779.390772482371
3238,6431.96,6431.96,0,0.0016986316150509112,0,0,0,0,sell,True,0,0,0,0,-66.71104498077638,6226.154628589195,-484.1542132882387,1065.5786227563567,6226.154628589195,0.0,0.0,1065044.2121062786,10779.390772482371
3239,6433.98,6433.98,0,0.0010957845908600044,0,0,0,0,sell,True,0,0,0,0,-66.71104498077638,6226.154628589195,-481.16569835824157,1065.5786227563567,6226.154628589195,0.0,0.0,1065044.2121062786,10779.390772482371
3240,6430.22,6430.22,0,0.0013722872296510172,0,0,0,0,hold,False,0,0,0,0,-66.71104498077638,6226.154628589195,-486.7284786239816,1065.5786227563567,6226.154628589195,0.0,0.0,1065044.2121062786,10779.390772482371
3241,6425.04,6425.04,0,0.0018749342326698955,0,0,0,0,sell,True,0,0,0,0,-66.71104498077638,6226.154628589195,-494.39209611774095,1065.5786227563567,6226.154628589195,0.0,0.0,1065044.2121062786,10779.390772482371
3242,6421.9,6421.9,0,0.001312200718720991,0,0,0,0,sell,True,0,0,0,0,-66.71104498077638,6226.154628589195,-499.0376094247713,1065.5786227563567,6226.154628589195,0.0,0.0,1065044.2121062786,10779.390772482371
3243,6414.95,6414.95,0,0.001146963445398937,0,0,0,0,sell,True,0,0,0,0,-66.71104498077638,6226.154628589195,-509.31987613937235,1065.5786227563567,6226.154628589195,0.0,0.0,1065044.2121062786,10779.390772482371
3244,6418.19,6418.19,0,0.00153337546564178,0,0,0,0,hold,False,0,0,0,0,-66.71104498077638,6226.154628589195,-504.5264165486806,1065.5786227563567,6226.154628589195,0.0,0.0,1065044.2121062786,10779.390772482371
3245,6414.79,6423.923362350918,6430.353716066985,0.0014237975601567399,0.9682445015477804,6226.154628589195,6.226154628589196,0,buy,False,0,0,0,0,-66.71104498077638,6211.085146083687,-509.5565901932332,1071.804777384946,0.0,0.9682445015477804,6211.085146083687,1071264.1405802392,10779.390772482371
3246,6413.48,6413.48,6430.353716066985,0.0012351146111949927,0,0,0,0,hold,False,0,0,-0.00020421557057995535,0,-66.71124919634696,6209.816745786658,-511.49468650922245,1071.804777384946,0.0,0.9682445015477804,6209.816745786658,1071264.1405802392,10779.390772482371
3247,6408.08,6408.08,6430.353716066985,0.0011413128448998634,0,0,0,0,hold,False,0,0,-0.000841976586813936,0,-66.71209117293377,6204.588225478301,-519.4837858270421,1071.804777384946,0.0,0.9682445015477804,6204.588225478301,1071264.1405802392,10779.390772482371
3248,6410.0,6410.0,6430.353716066985,0.0019817759922345765,0,0,0,0,hold,False,0,0,0.00029962172756889047,0,-66.7117915512062,6206.447254921272,-516.6432171807064,1071.804777384946,0.0,0.9682445015477804,6206.447254921272,1071264.1405802392,10779.390772482371
3249,6371.58,6371.58,6430.353716066985,0.001463929552996327,0,0,0,0,buy,True,0,0,0,0,-66.7117915512062,6169.247301171807,-573.4841793641572,1071.804777384946,0.0,0.9682445015477804,6169.247301171807,1071264.1405802392,10779.390772482371
3250,6378.29,6378.29,6430.353716066985,0.0012417991966572133,0,0,0,0,buy,True,0,0,0,0,-66.7117915512062,6175.744221777192,-563.5569837303483,1071.804777384946,0.0,0.9682445015477804,6175.744221777192,1071264.1405802392,10779.390772482371
3251,6367.04,6367.04,6430.353716066985,0.0017032204310599283,0,0,0,0,buy,True,0,0,0,0,-66.7117915512062,6164.85147113478,-580.2009406424713,1071.804777384946,0.0,0.9682445015477804,6164.85147113478,1071264.1405802392,10779.390772482371
3252,6370.62,6370.62,6430.353716066985,0.0010376681166454583,0,0,0,0,buy,True,0,0,0,0,-66.7117915512062,6168.31778645032,-574.9044636873241,1071.804777384946,0.0,0.9682445015477804,6168.31778645032,1071264.1405802392,10779.390772482371
3253,6362.89,6362.89,6430.353716066985,0.0014208660690326412,0,0,0,0,buy,True,0,0,0,0,-66.7117915512062,6160.833256453357,-586.3407114144993,1071.804777384946,0.0,0.9682445015477804,6160.833256453357,1071264.1405802392,10779.390772482371
3254,6370.38,6370.38,6430.353716066985,0.0011614633135181608,0,0,0,0,hold,False,0,0,0.001177138061478369,0,-66.71061441314473,6168.08540776995,-575.2595347681163,1071.804777384946,0.0,0.9682445015477804,6168.08540776995,1071264.1405802392,10779.390772482371
3255,6374.0,6374.0,6430.353716066985,0.0010598088844976314,0,0,0,0,hold,False,0,0,0.0005682549549633367,0,-66.71004615818975,6171.590452865552,-569.9038792995034,1071.804777384946,0.0,0.9682445015477804,6171.590452865552,1071264.1405802392,10779.390772482371
3256,6369.99,6369.99,6430.353716066985,0.001372158185540688,0,0,0,0,buy,True,0,0,0,0,-66.71004615818975,6167.707792414346,-575.8365252744043,1071.804777384946,0.0,0.9682445015477804,6167.707792414346,1071264.1405802392,10779.390772482371
3257,6375.0,6375.0,6430.353716066985,0.001960068083626594,0,0,0,0,buy,True,0,0,0,0,-66.71004615818975,6172.5586973671,-568.4244164628708,1071.804777384946,0.0,0.9682445015477804,6172.5586973671,1071264.1405802392,10779.390772482371
3258,6373.09,6373.09,6430.353716066985,0.0013178617462888571,0,0,0,0,hold,False,0,0,-0.0002996078431371743,0,-66.71034576603289,6170.709350369144,-571.2501904808396,1071.804777384946,0.0,0.9682445015477804,6170.709350369144,1071264.1405802392,10779.390772482371
3259,6375.34,6375.34,6430.353716066985,0.0012456160994641738,0,0,0,0,buy,True,0,0,0,0,-66.71034576603289,6172.887900497626,-567.9213990984153,1071.804777384946,0.0,0.9682445015477804,6172.887900497626,1071264.1405802392,10779.390772482371
3260,6389.0,6389.0,6430.353716066985,0.001694640719745614,0,0,0,0,hold,False,0,0,0.002142630824395307,0,-66.70820313520849,6186.114120388769,-547.7119367500054,1071.804777384946,0.0,0.9682445015477804,6186.114120388769,1071264.1405802392,10779.390772482371
3261,6386.21,6386.21,6430.353716066985,0.0015615840553529462,0,0,0,0,buy,True,0,0,0,0,-66.70820313520849,6183.412718229451,-551.8396380642116,1071.804777384946,0.0,0.9682445015477804,6183.412718229451,1071264.1405802392,10779.390772482371
3262,6385.06,6385.06,6430.353716066985,0.0017228614989848836,0,0,0,0,buy,True,0,0,0,0,-66.70820313520849,6182.299237052671,-553.54102032634,1071.804777384946,0.0,0.9682445015477804,6182.299237052671,1071264.1405802392,10779.390772482371
3263,6387.09,6387.09,6430.353716066985,0.0014900556202028258,0,0,0,0,buy,True,0,0,0,0,-66.70820313520849,6184.2647733908125,-550.5377107679742,1071.804777384946,0.0,0.9682445015477804,6184.2647733908125,1071264.1405802392,10779.390772482371
3264,6371.24,6371.24,6430.353716066985,0.0013823760585358873,0,0,0,0,buy,True,0,0,0,0,-66.70820313520849,6168.91809804128,-573.9871967286126,1071.804777384946,0.0,0.9682445015477804,6168.91809804128,1071264.1405802392,10779.390772482371
3265,6372.12,6361.438312976619,0,0.0016763160491924684,0.9682445015477804,6153.268240806526,6.159427668475001,-72.88638778266977,sell,False,0,0,-1.0,0,-67.70820313520849,6153.268240806526,-572.6852694323752,1077.964205053421,6153.268240806526,0.0,0.0,1077423.5682487143,10779.390772482371
3266,6376.96,6376.96,0,0.0013614963355473198,0,0,0,0,sell,True,0,0,0,0,-67.70820313520849,6153.268240806526,-565.5246693030695,1077.964205053421,6153.268240806526,0.0,0.0,1077423.5682487143,10779.390772482371
3267,6371.82,6371.82,0,0.0010985080982766175,0,0,0,0,sell,True,0,0,0,0,-67.70820313520849,6153.268240806526,-573.129108283365,1077.964205053421,6153.268240806526,0.0,0.0,1077423.5682487143,10779.390772482371
3268,6360.0,6360.0,0,0.0016861392451197625,0,0,0,0,sell,True,0,0,0,0,-67.70820313520849,6153.268240806526,-590.6163590123706,1077.964205053421,6153.268240806526,0.0,0.0,1077423.5682487143,10779.390772482371
3269,6371.62,6371.62,0,0.0016668901189320002,0,0,0,0,sell,True,0,0,0,0,-67.70820313520849,6153.268240806526,-573.4250008506915,1077.964205053421,6153.268240806526,0.0,0.0,1077423.5682487143,10779.390772482371
3270,6389.35,6389.35,0,0.0012041774442099259,0,0,0,0,sell,True,0,0,0,0,-67.70820313520849,6153.268240806526,-547.1941247571831,1077.964205053421,6153.268240806526,0.0,0.0,1077423.5682487143,10779.390772482371
3271,6391.09,6391.09,0,0.0013546809747818796,0,0,0,0,sell,True,0,0,0,0,-67.70820313520849,6153.268240806526,-544.619859421442,1077.964205053421,6153.268240806526,0.0,0.0,1077423.5682487143,10779.390772482371
3272,6408.09,6408.09,0,0.0014685634363839045,0,0,0,0,sell,True,0,0,0,0,-67.70820313520849,6153.268240806526,-519.4689911986752,1077.964205053421,6153.268240806526,0.0,0.0,1077423.5682487143,10779.390772482371
3273,6393.12,6393.12,0,0.0019327109651717375,0,0,0,0,sell,True,0,0,0,0,-67.70820313520849,6153.268240806526,-541.6165498630762,1077.964205053421,6153.268240806526,0.0,0.0,1077423.5682487143,10779.390772482371
3274,6398.88,6398.88,0,0.0014882639432860503,0,0,0,0,sell,True,0,0,0,0,-67.70820313520849,6153.268240806526,-533.0948439240674,1077.964205053421,6153.268240806526,0.0,0.0,1077423.5682487143,10779.390772482371
3275,6402.54,6402.54,0,0.0019486483507998608,0,0,0,0,sell,True,0,0,0,0,-67.70820313520849,6153.268240806526,-527.6800099419906,1077.964205053421,6153.268240806526,0.0,0.0,1077423.5682487143,10779.390772482371
3276,6404.89,6404.89,0,0.001187486723027484,0,0,0,0,sell,True,0,0,0,0,-67.70820313520849,6153.268240806526,-524.2032722759013,1077.964205053421,6153.268240806526,0.0,0.0,1077423.5682487143,10779.390772482371
3277,6412.88,6412.88,0,0.0014979421352717547,0,0,0,0,sell,True,0,0,0,0,-67.70820313520849,6153.268240806526,-512.382364211202,1077.964205053421,6153.268240806526,0.0,0.0,1077423.5682487143,10779.390772482371
3278,6404.55,6404.55,0,0.001632653719238138,0,0,0,0,sell,True,0,0,0,0,-67.70820313520849,6153.268240806526,-524.7062896403568,1077.964205053421,6153.268240806526,0.0,0.0,1077423.5682487143,10779.390772482371
3279,6479.99,6479.99,0,0.0018976920122722677,0,0,0,0,sell,True,0,0,0,0,-67.70820313520849,6153.268240806526,-413.0956132447445,1077.964205053421,6153.268240806526,0.0,0.0,1077423.5682487143,10779.390772482371
3280,6452.99,6452.99,0,0.0010261268914128238,0,0,0,0,sell,True,0,0,0,0,-67.70820313520849,6153.268240806526,-453.0411098338427,1077.964205053421,6153.268240806526,0.0,0.0,1077423.5682487143,10779.390772482371
3281,6467.8,6467.8,0,0.0011586664318967645,0,0,0,0,hold,False,0,0,0,0,-67.70820313520849,6153.268240806526,-431.13026522330256,1077.964205053421,6153.268240806526,0.0,0.0,1077423.5682487143,10779.390772482371
3282,6493.75,6493.75,0,0.001574699737835794,0,0,0,0,sell,True,0,0,0,0,-67.70820313520849,6153.268240806526,-392.7382046126695,1077.964205053421,6153.268240806526,0.0,0.0,1077423.5682487143,10779.390772482371
3283,6481.1,6481.1,0,0.0014410844905528982,0,0,0,0,sell,True,0,0,0,0,-67.70820313520849,6153.268240806526,-411.45340949608,1077.964205053421,6153.268240806526,0.0,0.0,1077423.5682487143,10779.390772482371
3284,6473.13,6473.13,0,0.0013976247460561707,0,0,0,0,sell,True,0,0,0,0,-67.70820313520849,6153.268240806526,-423.2447283040474,1077.964205053421,6153.268240806526,0.0,0.0,1077423.5682487143,10779.390772482371
3285,6475.97,6475.97,0,0.0010709851516571517,0,0,0,0,sell,True,0,0,0,0,-67.70820313520849,6153.268240806526,-419.04305384800864,1077.964205053421,6153.268240806526,0.0,0.0,1077423.5682487143,10779.390772482371
3286,6463.84,6463.84,0,0.001205791728835799,0,0,0,0,sell,True,0,0,0,0,-67.70820313520849,6153.268240806526,-436.9889380563709,1077.964205053421,6153.268240806526,0.0,0.0,1077423.5682487143,10779.390772482371
3287,6485.85,6485.85,0,0.0018171848708689877,0,0,0,0,sell,True,0,0,0,0,-67.70820313520849,6153.268240806526,-404.42596102207244,1077.964205053421,6153.268240806526,0.0,0.0,1077423.5682487143,10779.390772482371
3288,6491.02,6491.02,0,0.0017212605270670017,0,0,0,0,sell,True,0,0,0,0,-67.70820313520849,6153.268240806526,-396.7771381566781,1077.964205053421,6153.268240806526,0.0,0.0,1077423.5682487143,10779.390772482371
3289,6467.76,6467.76,0,0.0012265480397267547,0,0,0,0,sell,True,0,0,0,0,-67.70820313520849,6153.268240806526,-431.1894437367682,1077.964205053421,6153.268240806526,0.0,0.0,1077423.5682487143,10779.390772482371
3290,6472.2,6472.2,0,0.0018087565369325482,0,0,0,0,sell,True,0,0,0,0,-67.70820313520849,6153.268240806526,-424.62062874211733,1077.964205053421,6153.268240806526,0.0,0.0,1077423.5682487143,10779.390772482371
3291,6468.97,6468.97,0,0.0010747628494941802,0,0,0,0,sell,True,0,0,0,0,-67.70820313520849,6153.268240806526,-429.39929370444224,1077.964205053421,6153.268240806526,0.0,0.0,1077423.5682487143,10779.390772482371
3292,6472.79,6472.79,0,0.001667514922576496,0,0,0,0,sell,True,0,0,0,0,-67.70820313520849,6153.268240806526,-423.74774566850283,1077.964205053421,6153.268240806526,0.0,0.0,1077423.5682487143,10779.390772482371
3293,6468.95,6468.95,0,0.0017515235187511185,0,0,0,0,sell,True,0,0,0,0,-67.70820313520849,6153.268240806526,-429.42888296117417,1077.964205053421,6153.268240806526,0.0,0.0,1077423.5682487143,10779.390772482371
3294,6472.93,6472.93,0,0.0017184703270500526,0,0,0,0,sell,True,0,0,0,0,-67.70820313520849,6153.268240806526,-423.5406208713739,1077.964205053421,6153.268240806526,0.0,0.0,1077423.5682487143,10779.390772482371
3295,6472.01,6472.01,0,0.0015704282462585646,0,0,0,0,sell,True,0,0,0,0,-67.70820313520849,6153.268240806526,-424.901726681077,1077.964205053421,6153.268240806526,0.0,0.0,1077423.5682487143,10779.390772482371
3296,6446.85,6446.85,0,0.0012217560938925533,0,0,0,0,sell,True,0,0,0,0,-67.70820313520849,6153.268240806526,-462.125011650769,1077.964205053421,6153.268240806526,0.0,0.0,1077423.5682487143,10779.390772482371
3297,6449.25,6449.25,0,0.001047425892910657,0,0,0,0,sell,True,0,0,0,0,-67.70820313520849,6153.268240806526,-458.5743008428508,1077.964205053421,6153.268240806526,0.0,0.0,1077423.5682487143,10779.390772482371
3298,6460.12,6460.12,0,0.0019666822182992875,0,0,0,0,sell,True,0,0,0,0,-67.70820313520849,6153.268240806526,-442.49253980864705,1077.964205053421,6153.268240806526,0.0,0.0,1077423.5682487143,10779.390772482371
3299,6452.84,6452.84,0,0.0013372631503583065,0,0,0,0,sell,True,0,0,0,0,-67.70820313520849,6153.268240806526,-453.2630292593367,1077.964205053421,6153.268240806526,0.0,0.0,1077423.5682487143,10779.390772482371
3300,6467.94,6467.94,0,0.0013066816617144249,0,0,0,0,sell,True,0,0,0,0,-67.70820313520849,6153.268240806526,-430.92314042617545,1077.964205053421,6153.268240806526,0.0,0.0,1077423.5682487143,10779.390772482371
3301,6475.34,6475.34,0,0.0013035118870276107,0,0,0,0,sell,True,0,0,0,0,-67.70820313520849,6153.268240806526,-419.975115435087,1077.964205053421,6153.268240806526,0.0,0.0,1077423.5682487143,10779.390772482371
3302,6464.84,6464.84,0,0.0015701344300127857,0,0,0,0,sell,True,0,0,0,0,-67.70820313520849,6153.268240806526,-435.5094752197365,1077.964205053421,6153.268240806526,0.0,0.0,1077423.5682487143,10779.390772482371
3303,6473.15,6473.15,0,0.001683695247590286,0,0,0,0,sell,True,0,0,0,0,-67.70820313520849,6153.268240806526,-423.21513904731546,1077.964205053421,6153.268240806526,0.0,0.0,1077423.5682487143,10779.390772482371
3304,6473.4,6473.4,0,0.0011989177932704561,0,0,0,0,sell,True,0,0,0,0,-67.70820313520849,6153.268240806526,-422.8452733381564,1077.964205053421,6153.268240806526,0.0,0.0,1077423.5682487143,10779.390772482371
3305,6450.78,6450.78,0,0.0011097667150141916,0,0,0,0,sell,True,0,0,0,0,-67.70820313520849,6153.268240806526,-456.3107227028013,1077.964205053421,6153.268240806526,0.0,0.0,1077423.5682487143,10779.390772482371
3306,6439.94,6439.94,0,0.0012802970866738514,0,0,0,0,sell,True,0,0,0,0,-67.70820313520849,6153.268240806526,-472.3480998519062,1077.964205053421,6153.268240806526,0.0,0.0,1077423.5682487143,10779.390772482371
3307,6448.12,6448.12,0,0.001779111329450063,0,0,0,0,sell,True,0,0,0,0,-67.70820313520849,6153.268240806526,-460.24609384824544,1077.964205053421,6153.268240806526,0.0,0.0,1077423.5682487143,10779.390772482371
3308,6456.16,6456.16,0,0.0019161366271444034,0,0,0,0,sell,True,0,0,0,0,-67.70820313520849,6153.268240806526,-448.3512126417136,1077.964205053421,6153.268240806526,0.0,0.0,1077423.5682487143,10779.390772482371
3309,6460.21,6460.21,0,0.0011019359960898008,0,0,0,0,sell,True,0,0,0,0,-67.70820313520849,6153.268240806526,-442.35938815334885,1077.964205053421,6153.268240806526,0.0,0.0,1077423.5682487143,10779.390772482371
3310,6462.01,6462.01,0,0.0017538168738088847,0,0,0,0,sell,True,0,0,0,0,-67.70820313520849,6153.268240806526,-439.6963550474102,1077.964205053421,6153.268240806526,0.0,0.0,1077423.5682487143,10779.390772482371
3311,6468.99,6468.99,0,0.0011535704295794825,0,0,0,0,sell,True,0,0,0,0,-67.70820313520849,6153.268240806526,-429.3697044477103,1077.964205053421,6153.268240806526,0.0,0.0,1077423.5682487143,10779.390772482371
3312,6463.01,6463.01,0,0.001992491580192423,0,0,0,0,sell,True,0,0,0,0,-67.70820313520849,6153.268240806526,-438.21689221077577,1077.964205053421,6153.268240806526,0.0,0.0,1077423.5682487143,10779.390772482371
3313,6465.0,6465.0,0,0.0014458330492586107,0,0,0,0,sell,True,0,0,0,0,-67.70820313520849,6153.268240806526,-435.27276116587564,1077.964205053421,6153.268240806526,0.0,0.0,1077423.5682487143,10779.390772482371
3314,6460.0,6460.0,0,0.0013807587242240975,0,0,0,0,sell,True,0,0,0,0,-67.70820313520849,6153.268240806526,-442.67007534904224,1077.964205053421,6153.268240806526,0.0,0.0,1077423.5682487143,10779.390772482371
3315,6448.38,6448.38,0,0.0011576657253774582,0,0,0,0,sell,True,0,0,0,0,-67.70820313520849,6153.268240806526,-459.8614335107213,1077.964205053421,6153.268240806526,0.0,0.0,1077423.5682487143,10779.390772482371
3316,6458.2,6458.2,0,0.0010981661862985118,0,0,0,0,sell,True,0,0,0,0,-67.70820313520849,6153.268240806526,-445.3331084549827,1077.964205053421,6153.268240806526,0.0,0.0,1077423.5682487143,10779.390772482371
3317,6459.99,6459.99,0,0.0018020336478549574,0,0,0,0,sell,True,0,0,0,0,-67.70820313520849,6153.268240806526,-442.6848699774091,1077.964205053421,6153.268240806526,0.0,0.0,1077423.5682487143,10779.390772482371
3318,6464.67,6464.67,0,0.0012808388426998982,0,0,0,0,sell,True,0,0,0,0,-67.70820313520849,6153.268240806526,-435.7609839019642,1077.964205053421,6153.268240806526,0.0,0.0,1077423.5682487143,10779.390772482371
3319,6464.34,6464.34,0,0.001980599994496079,0,0,0,0,sell,True,0,0,0,0,-67.70820313520849,6153.268240806526,-436.2492066380546,1077.964205053421,6153.268240806526,0.0,0.0,1077423.5682487143,10779.390772482371
3320,6473.92,6473.92,0,0.001972397603028034,0,0,0,0,sell,True,0,0,0,0,-67.70820313520849,6153.268240806526,-422.07595266310636,1077.964205053421,6153.268240806526,0.0,0.0,1077423.5682487143,10779.390772482371
3321,6498.53,6498.53,0,0.001675052818959999,0,0,0,0,sell,True,0,0,0,0,-67.70820313520849,6153.268240806526,-385.66637225356317,1077.964205053421,6153.268240806526,0.0,0.0,1077423.5682487143,10779.390772482371
3322,6481.78,6481.78,0,0.0018409853980090195,0,0,0,0,sell,True,0,0,0,0,-67.70820313520849,6153.268240806526,-410.4473747671709,1077.964205053421,6153.268240806526,0.0,0.0,1077423.5682487143,10779.390772482371
3323,6471.72,6471.72,0,0.00117440697160132,0,0,0,0,sell,True,0,0,0,0,-67.70820313520849,6153.268240806526,-425.3307709036999,1077.964205053421,6153.268240806526,0.0,0.0,1077423.5682487143,10779.390772482371
3324,6485.15,6485.15,0,0.001869095959074832,0,0,0,0,sell,True,0,0,0,0,-67.70820313520849,6153.268240806526,-405.46158500771526,1077.964205053421,6153.268240806526,0.0,0.0,1077423.5682487143,10779.390772482371
3325,6484.64,6484.64,0,0.001323998917550038,0,0,0,0,sell,True,0,0,0,0,-67.70820313520849,6153.268240806526,-406.2161110543984,1077.964205053421,6153.268240806526,0.0,0.0,1077423.5682487143,10779.390772482371
3326,6485.81,6485.81,0,0.0010329232542326142,0,0,0,0,sell,True,0,0,0,0,-67.70820313520849,6153.268240806526,-404.4851395355363,1077.964205053421,6153.268240806526,0.0,0.0,1077423.5682487143,10779.390772482371
3327,6496.27,6496.27,0,0.0010024814874687404,0,0,0,0,sell,True,0,0,0,0,-67.70820313520849,6153.268240806526,-389.00995826435246,1077.964205053421,6153.268240806526,0.0,0.0,1077423.5682487143,10779.390772482371
3328,6489.0,6489.0,0,0.0014068179291894457,0,0,0,0,sell,True,0,0,0,0,-67.70820313520849,6153.268240806526,-399.76565308667705,1077.964205053421,6153.268240806526,0.0,0.0,1077423.5682487143,10779.390772482371
3329,6494.92,6494.92,0,0.001841376848363235,0,0,0,0,sell,True,0,0,0,0,-67.70820313520849,6153.268240806526,-391.0072330938092,1077.964205053421,6153.268240806526,0.0,0.0,1077423.5682487143,10779.390772482371
3330,6491.36,6499.499803896996,6506.005809706704,0.0012539443039666122,0.9457827768346122,6153.268240806526,6.153268240806526,0,buy,False,0,0,0,0,-67.70820313520849,6139.416486233128,-396.2741207922227,1084.1174732942275,0.0,0.9457827768346122,6139.416486233128,1083570.68322128,10779.390772482371
3331,6479.87,6479.87,6506.005809706704,0.001473348851707801,0,0,0,0,buy,True,0,0,0,0,-67.70820313520849,6128.549442127299,-413.2731487851397,1084.1174732942275,0.0,0.9457827768346122,6128.549442127299,1083570.68322128,10779.390772482371
3332,6488.53,6488.53,6506.005809706704,0.0018334593564904584,0,0,0,0,hold,False,0,0,0.001336446564514383,0,-67.70686668864398,6136.739920974686,-400.46100061989637,1084.1174732942275,0.0,0.9457827768346122,6136.739920974686,1083570.68322128,10779.390772482371
3333,6490.55,6490.55,6506.005809706704,0.0011061955303623364,0,0,0,0,hold,False,0,0,0.0003113185883398121,0,-67.70655537005564,6138.650402183893,-397.4724856898956,1084.1174732942275,0.0,0.9457827768346122,6138.650402183893,1083570.68322128,10779.390772482371
3334,6500.0,6500.0,6506.005809706704,0.001184241539755528,0,0,0,0,buy,True,0,0,0,0,-67.70655537005564,6147.5880494249795,-383.49156188371126,1084.1174732942275,0.0,0.9457827768346122,6147.5880494249795,1083570.68322128,10779.390772482371
3335,6519.11,6519.11,6506.005809706704,0.0019496295383620377,0,0,0,0,hold,False,0,0,0.0029399999999999323,0,-67.70361537005564,6165.661958290289,-355.21902707565096,1084.1174732942275,0.0,0.9457827768346122,6165.661958290289,1083570.68322128,10779.390772482371
3336,6563.58,6563.58,6506.005809706704,0.0014657089052342153,0,0,0,0,hold,False,0,0,0.006821483300634673,0,-67.696793886755,6207.720918376124,-289.42731473056847,1084.1174732942275,0.0,0.9457827768346122,6207.720918376124,1083570.68322128,10779.390772482371
3337,6595.04,6595.04,6506.005809706704,0.0017182599492250807,0,0,0,0,hold,False,0,0,0.004793115951965151,0,-67.69200077080303,6237.475244535341,-242.88341389008565,1084.1174732942275,0.0,0.9457827768346122,6237.475244535341,1083570.68322128,10779.390772482371
3338,6577.96,6577.96,6506.005809706704,0.0014735800714383153,0,0,0,0,hold,False,0,0,-0.0025898250806666535,0,-67.6945905958837,6221.321274707006,-268.15263913978197,1084.1174732942275,0.0,0.9457827768346122,6221.321274707006,1083570.68322128,10779.390772482371
3339,6580.0,6580.0,6506.005809706704,0.0011808527593073202,0,0,0,0,hold,False,0,0,0.00031012654379168397,0,-67.6942804693399,6223.250671571748,-265.1345349530493,1084.1174732942275,0.0,0.9457827768346122,6223.250671571748,1083570.68322128,10779.390772482371
3340,6567.26,6567.26,6506.005809706704,0.0019642868677698377,0,0,0,0,buy,True,0,0,0,0,-67.6942804693399,6211.2013989948755,-283.98289149175616,1084.1174732942275,0.0,0.9457827768346122,6211.2013989948755,1083570.68322128,10779.390772482371
3341,6568.15,6568.15,6506.005809706704,0.001537491944385204,0,0,0,0,hold,False,0,0,0.0001355207499017654,0,-67.69414494859,6212.043145666258,-282.6661695671537,1084.1174732942275,0.0,0.9457827768346122,6212.043145666258,1083570.68322128,10779.390772482371
3342,6568.58,6568.58,6506.005809706704,0.0019283026949258543,0,0,0,0,hold,False,0,0,6.546744517096052e-05,0,-67.69407948114483,6212.449832260297,-282.03000054740187,1084.1174732942275,0.0,0.9457827768346122,6212.449832260297,1083570.68322128,10779.390772482371
3343,6581.97,6581.97,6506.005809706704,0.0013183417107937028,0,0,0,0,hold,False,0,0,0.002038492337765653,0,-67.69204098880707,6225.113863642113,-262.2199931648811,1084.1174732942275,0.0,0.9457827768346122,6225.113863642113,1083570.68322128,10779.390772482371
3344,6590.02,6590.02,6506.005809706704,0.0011281794887575748,0,0,0,0,hold,False,0,0,0.00122303808738107,0,-67.69081795071969,6232.727414995631,-250.31031732998417,1084.1174732942275,0.0,0.9457827768346122,6232.727414995631,1083570.68322128,10779.390772482371
3345,6587.2,6587.2,6506.005809706704,0.0019558045042059593,0,0,0,0,hold,False,0,0,-0.0004279197938702121,0,-67.69124587051355,6230.060307564957,-254.482402529291,1084.1174732942275,0.0,0.9457827768346122,6230.060307564957,1083570.68322128,10779.390772482371
3346,6574.5,6574.5,6506.005809706704,0.0011199126839950089,0,0,0,0,hold,False,0,0,-0.0019279815399561172,0,-67.6931738520535,6218.048866299158,-273.2715805545322,1084.1174732942275,0.0,0.9457827768346122,6218.048866299158,1083570.68322128,10779.390772482371
3347,6575.01,6575.01,6506.005809706704,0.0013082399562776021,0,0,0,0,buy,True,0,0,0,0,-67.6931738520535,6218.531215515344,-272.517054507849,1084.1174732942275,0.0,0.9457827768346122,6218.531215515344,1083570.68322128,10779.390772482371
3348,6575.65,6575.65,6506.005809706704,0.0015288060205420019,0,0,0,0,hold,False,0,0,9.733825499868277e-05,0,-67.6930765137985,6219.136516492517,-271.5701982924056,1084.1174732942275,0.0,0.9457827768346122,6219.136516492517,1083570.68322128,10779.390772482371
3349,6576.0,6576.0,6506.005809706704,0.0016592700573020117,0,0,0,0,buy,True,0,0,0,0,-67.6930765137985,6219.4675404644095,-271.0523862995833,1084.1174732942275,0.0,0.9457827768346122,6219.4675404644095,1083570.68322128,10779.390772482371
3350,6552.13,6552.13,6506.005809706704,0.0016763270168779149,0,0,0,0,buy,True,0,0,0,0,-67.6930765137985,6196.891705581368,-306.367164210018,1084.1174732942275,0.0,0.9457827768346122,6196.891705581368,1083570.68322128,10779.390772482371
3351,6547.96,6547.96,6506.005809706704,0.0015879116824470273,0,0,0,0,buy,True,0,0,0,0,-67.6930765137985,6192.947791401967,-312.53652423877975,1084.1174732942275,0.0,0.9457827768346122,6192.947791401967,1083570.68322128,10779.390772482371
3352,6575.59,6575.59,6506.005809706704,0.0017725650890827085,0,0,0,0,hold,False,0,0,0.004219634817561579,0,-67.68885687898094,6219.079769525908,-271.6589660626014,1084.1174732942275,0.0,0.9457827768346122,6219.079769525908,1083570.68322128,10779.390772482371
3353,6585.8,6585.8,6506.005809706704,0.001270001678616094,0,0,0,0,buy,True,0,0,0,0,-67.68885687898094,6228.736211677389,-256.5536505005766,1084.1174732942275,0.0,0.9457827768346122,6228.736211677389,1083570.68322128,10779.390772482371
3354,6577.0,6577.0,6506.005809706704,0.0014972893803429244,0,0,0,0,hold,False,0,0,-0.0013362082055332067,0,-67.69019308718647,6220.413323241244,-269.5729234629489,1084.1174732942275,0.0,0.9457827768346122,6220.413323241244,1083570.68322128,10779.390772482371
3355,6570.0,6570.0,6506.005809706704,0.001595592842516676,0,0,0,0,hold,False,0,0,-0.001064315037250952,0,-67.69125740222373,6213.792843803402,-279.9291633193825,1084.1174732942275,0.0,0.9457827768346122,6213.792843803402,1083570.68322128,10779.390772482371
3356,6574.13,6574.13,6506.005809706704,0.0019063878874401607,0,0,0,0,buy,True,0,0,0,0,-67.69125740222373,6217.698926671729,-273.81898180408643,1084.1174732942275,0.0,0.9457827768346122,6217.698926671729,1083570.68322128,10779.390772482371
3357,6579.64,6579.64,6506.005809706704,0.0012921952619817064,0,0,0,0,buy,True,0,0,0,0,-67.69125740222373,6222.910189772088,-265.66714157423667,1084.1174732942275,0.0,0.9457827768346122,6222.910189772088,1083570.68322128,10779.390772482371
3358,6575.92,6562.968085679597,0,0.001969597306597861,0.9457827768346122,6200.935038170637,6.2071421803509885,47.66679736411152,sell,False,0,0,-1.0,0,-68.69125740222373,6200.935038170637,-271.1707433265128,1090.3246154745784,6200.935038170637,0.0,0.0,1089777.8254016312,10779.390772482371
3359,6578.46,6578.46,0,0.0015529384501766345,0,0,0,0,sell,True,0,0,0,0,-68.69125740222373,6200.935038170637,-267.41290772146385,1090.3246154745784,6200.935038170637,0.0,0.0,1089777.8254016312,10779.390772482371
3360,6579.55,6579.55,0,0.001627952429742663,0,0,0,0,sell,True,0,0,0,0,-68.69125740222373,6200.935038170637,-265.8002932295349,1090.3246154745784,6200.935038170637,0.0,0.0,1089777.8254016312,10779.390772482371
3361,6561.1,6561.1,0,0.0016762682361291137,0,0,0,0,sell,True,0,0,0,0,-68.69125740222373,6200.935038170637,-293.096382565418,1090.3246154745784,6200.935038170637,0.0,0.0,1089777.8254016312,10779.390772482371
3362,6512.6,6512.6,0,0.0013707794500596624,0,0,0,0,sell,True,0,0,0,0,-68.69125740222373,6200.935038170637,-364.8503301421315,1090.3246154745784,6200.935038170637,0.0,0.0,1089777.8254016312,10779.390772482371
3363,6511.08,6511.08,0,0.001670734252135249,0,0,0,0,hold,False,0,0,0,0,-68.69125740222373,6200.935038170637,-367.09911365381413,1090.3246154745784,6200.935038170637,0.0,0.0,1089777.8254016312,10779.390772482371
3364,6533.64,6533.64,0,0.0018624290376220202,0,0,0,0,sell,True,0,0,0,0,-68.69125740222373,6200.935038170637,-333.72243205936684,1090.3246154745784,6200.935038170637,0.0,0.0,1089777.8254016312,10779.390772482371
3365,6522.65,6522.65,0,0.00186611614171598,0,0,0,0,hold,False,0,0,0,0,-68.69125740222373,6200.935038170637,-349.9817286339676,1090.3246154745784,6200.935038170637,0.0,0.0,1089777.8254016312,10779.390772482371
3366,6529.09,6529.09,0,0.0017081996238827262,0,0,0,0,hold,False,0,0,0,0,-68.69125740222373,6200.935038170637,-340.4539879660497,1090.3246154745784,6200.935038170637,0.0,0.0,1089777.8254016312,10779.390772482371
3367,6536.31,6536.31,0,0.0013110467954530263,0,0,0,0,hold,False,0,0,0,0,-68.69125740222373,6200.935038170637,-329.7722662855558,1090.3246154745784,6200.935038170637,0.0,0.0,1089777.8254016312,10779.390772482371
3368,6525.25,6525.25,0,0.0010201193335582527,0,0,0,0,sell,True,0,0,0,0,-68.69125740222373,6200.935038170637,-346.135125258721,1090.3246154745784,6200.935038170637,0.0,0.0,1089777.8254016312,10779.390772482371
3369,6531.41,6531.41,0,0.0011657213018562186,0,0,0,0,sell,True,0,0,0,0,-68.69125740222373,6200.935038170637,-337.021634185061,1090.3246154745784,6200.935038170637,0.0,0.0,1089777.8254016312,10779.390772482371
3370,6539.09,6539.09,0,0.0018085685835569933,0,0,0,0,sell,True,0,0,0,0,-68.69125740222373,6200.935038170637,-325.6593595997165,1090.3246154745784,6200.935038170637,0.0,0.0,1089777.8254016312,10779.390772482371
3371,6527.34,6527.34,0,0.0015396633343136017,0,0,0,0,sell,True,0,0,0,0,-68.69125740222373,6200.935038170637,-343.0430479301576,1090.3246154745784,6200.935038170637,0.0,0.0,1089777.8254016312,10779.390772482371
3372,6547.0,6547.0,0,0.0018778788201087998,0,0,0,0,hold,False,0,0,0,0,-68.69125740222373,6200.935038170637,-313.9568085619467,1090.3246154745784,6200.935038170637,0.0,0.0,1089777.8254016312,10779.390772482371
3373,6551.73,6551.73,0,0.0014122313344994513,0,0,0,0,sell,True,0,0,0,0,-68.69125740222373,6200.935038170637,-306.9589493446729,1090.3246154745784,6200.935038170637,0.0,0.0,1089777.8254016312,10779.390772482371
3374,6556.01,6556.01,0,0.0011332032242449964,0,0,0,0,sell,True,0,0,0,0,-68.69125740222373,6200.935038170637,-300.626848403881,1090.3246154745784,6200.935038170637,0.0,0.0,1089777.8254016312,10779.390772482371
3375,6539.01,6539.01,0,0.0016035835593831882,0,0,0,0,hold,False,0,0,0,0,-68.69125740222373,6200.935038170637,-325.7777166266478,1090.3246154745784,6200.935038170637,0.0,0.0,1089777.8254016312,10779.390772482371
3376,6501.28,6501.28,0,0.001862827645925578,0,0,0,0,hold,False,0,0,0,0,-68.69125740222373,6200.935038170637,-381.5978494528208,1090.3246154745784,6200.935038170637,0.0,0.0,1089777.8254016312,10779.390772482371
3377,6496.19,6496.19,0,0.0015273342773150067,0,0,0,0,hold,False,0,0,0,0,-68.69125740222373,6200.935038170637,-389.1283152912856,1090.3246154745784,6200.935038170637,0.0,0.0,1089777.8254016312,10779.390772482371
3378,6492.98,6492.98,0,0.0014811857115648234,0,0,0,0,hold,False,0,0,0,0,-68.69125740222373,6200.935038170637,-393.8773909968786,1090.3246154745784,6200.935038170637,0.0,0.0,1089777.8254016312,10779.390772482371
3379,6495.72,6495.72,0,0.001283747410271645,0,0,0,0,hold,False,0,0,0,0,-68.69125740222373,6200.935038170637,-389.8236628245013,1090.3246154745784,6200.935038170637,0.0,0.0,1089777.8254016312,10779.390772482371
3380,6495.38,6495.38,0,0.0013765587640695374,0,0,0,0,sell,True,0,0,0,0,-68.69125740222373,6200.935038170637,-390.32668018895674,1090.3246154745784,6200.935038170637,0.0,0.0,1089777.8254016312,10779.390772482371
3381,6504.04,6504.04,0,0.0017853403044947279,0,0,0,0,sell,True,0,0,0,0,-68.69125740222373,6200.935038170637,-377.5145320237134,1090.3246154745784,6200.935038170637,0.0,0.0,1089777.8254016312,10779.390772482371
3382,6474.93,6474.93,0,0.0016270108136719167,0,0,0,0,sell,True,0,0,0,0,-68.69125740222373,6200.935038170637,-420.5816951981069,1090.3246154745784,6200.935038170637,0.0,0.0,1089777.8254016312,10779.390772482371
3383,6479.84,6479.84,0,0.0018575283771558302,0,0,0,0,sell,True,0,0,0,0,-68.69125740222373,6200.935038170637,-413.3175326702385,1090.3246154745784,6200.935038170637,0.0,0.0,1089777.8254016312,10779.390772482371
3384,6476.93,6476.93,0,0.0010529353699083967,0,0,0,0,sell,True,0,0,0,0,-68.69125740222373,6200.935038170637,-417.6227695248399,1090.3246154745784,6200.935038170637,0.0,0.0,1089777.8254016312,10779.390772482371
3385,6484.76,6484.76,0,0.0017846840340033153,0,0,0,0,sell,True,0,0,0,0,-68.69125740222373,6200.935038170637,-406.0385755140014,1090.3246154745784,6200.935038170637,0.0,0.0,1089777.8254016312,10779.390772482371
3386,6477.96,6477.96,0,0.001668103322100553,0,0,0,0,sell,True,0,0,0,0,-68.69125740222373,6200.935038170637,-416.0989228031085,1090.3246154745784,6200.935038170637,0.0,0.0,1089777.8254016312,10779.390772482371
3387,6486.84,6486.84,0,0.001325778977065281,0,0,0,0,sell,True,0,0,0,0,-68.69125740222373,6200.935038170637,-402.9612928138049,1090.3246154745784,6200.935038170637,0.0,0.0,1089777.8254016312,10779.390772482371
3388,6491.99,6491.99,0,0.0012542040500489197,0,0,0,0,sell,True,0,0,0,0,-68.69125740222373,6200.935038170637,-395.3420592051443,1090.3246154745784,6200.935038170637,0.0,0.0,1089777.8254016312,10779.390772482371
3389,6493.5,6493.5,0,0.0013526089244895953,0,0,0,0,sell,True,0,0,0,0,-68.69125740222373,6200.935038170637,-393.10807032182856,1090.3246154745784,6200.935038170637,0.0,0.0,1089777.8254016312,10779.390772482371
3390,6497.0,6508.31838058444,6514.833213798238,0.00174209336377401,0.9518179260579115,6200.935038170637,6.200935038170638,0,buy,False,0,0,0,0,-68.69125740222373,6183.961065598251,-387.92995039361085,1096.525550512749,0.0,0.9518179260579115,6183.961065598251,1095972.5595047637,10779.390772482371
3391,6499.27,6499.27,6514.833213798238,0.001668260154681741,0,0,0,0,hold,False,0,0,0.0003493920270896134,0,-68.69090801019664,6186.121692290403,-384.57156975445287,1096.525550512749,0.0,0.9518179260579115,6186.121692290403,1095972.5595047637,10779.390772482371
3392,6495.37,6495.37,6514.833213798238,0.001476019193722793,0,0,0,0,buy,True,0,0,0,0,-68.69090801019664,6182.409602378776,-390.3414748173236,1096.525550512749,0.0,0.9518179260579115,6182.409602378776,1095972.5595047637,10779.390772482371
3393,6437.02,6437.02,6514.833213798238,0.0015833923914724305,0,0,0,0,hold,False,0,0,-0.008983321966261943,0,-68.69989133216289,6126.871026393298,-476.6681313348745,1096.525550512749,0.0,0.9518179260579115,6126.871026393298,1095972.5595047637,10779.390772482371
3394,6435.0,6435.0,6514.833213798238,0.0018498687481142478,0,0,0,0,buy,True,0,0,0,0,-68.69989133216289,6124.94835418266,-479.65664626487523,1096.525550512749,0.0,0.9518179260579115,6124.94835418266,1095972.5595047637,10779.390772482371
3395,6428.91,6428.91,6514.833213798238,0.0012413758562705402,0,0,0,0,buy,True,0,0,0,0,-68.69989133216289,6119.151783012968,-488.6665749399708,1096.525550512749,0.0,0.9518179260579115,6119.151783012968,1095972.5595047637,10779.390772482371
3396,6439.0,6439.0,6514.833213798238,0.0010277018523055007,0,0,0,0,hold,False,0,0,0.0015694728966495948,0,-68.69832185926624,6128.755625886892,-473.7387949183412,1096.525550512749,0.0,0.9518179260579115,6128.755625886892,1095972.5595047637,10779.390772482371
3397,6436.37,6436.37,6514.833213798238,0.0013936448003012678,0,0,0,0,hold,False,0,0,-0.0004084485168504134,0,-68.6987303077831,6126.25234474136,-477.6297821786866,1096.525550512749,0.0,0.9518179260579115,6126.25234474136,1095972.5595047637,10779.390772482371
3398,6417.68,6417.68,6514.833213798238,0.0010126760956035302,0,0,0,0,hold,False,0,0,-0.002903810688322655,0,-68.70163411847142,6108.462867703338,-505.2809425953619,1096.525550512749,0.0,0.9518179260579115,6108.462867703338,1095972.5595047637,10779.390772482371
3399,6429.89,6429.89,6514.833213798238,0.0011173514881868561,0,0,0,0,hold,False,0,0,0.0019025566871517055,0,-68.69973156178426,6120.084564580505,-487.21670136007015,1096.525550512749,0.0,0.9518179260579115,6120.084564580505,1095972.5595047637,10779.390772482371
3400,6435.84,6435.84,6514.833213798238,0.0014953785045338148,0,0,0,0,hold,False,0,0,0.0009253657527577417,0,-68.6988061960315,6125.747881240549,-478.4138974821017,1096.525550512749,0.0,0.9518179260579115,6125.747881240549,1095972.5595047637,10779.390772482371
3401,6438.98,6438.98,6514.833213798238,0.001472309686468254,0,0,0,0,buy,True,0,0,0,0,-68.6988061960315,6128.73658952837,-473.76838417507497,1096.525550512749,0.0,0.9518179260579115,6128.73658952837,1095972.5595047637,10779.390772482371
3402,6426.32,6426.32,6514.833213798238,0.0017631084310992607,0,0,0,0,hold,False,0,0,-0.0019661499181547254,0,-68.70077234594966,6116.686574584477,-492.4983836868523,1096.525550512749,0.0,0.9518179260579115,6116.686574584477,1095972.5595047637,10779.390772482371
3403,6434.03,6434.03,6514.833213798238,0.0015638992990851777,0,0,0,0,hold,False,0,0,0.001199753513675033,0,-68.69957259243598,6124.025090794384,-481.09172521640903,1096.525550512749,0.0,0.9518179260579115,6124.025090794384,1095972.5595047637,10779.390772482371
3404,6429.38,6429.38,6514.833213798238,0.0016532070895760621,0,0,0,0,hold,False,0,0,-0.0007227196640363304,0,-68.70029531210002,6119.599137438215,-487.9712274067533,1096.525550512749,0.0,0.9518179260579115,6119.599137438215,1095972.5595047637,10779.390772482371
3405,6416.21,6416.21,6514.833213798238,0.0010093163252813799,0,0,0,0,hold,False,0,0,-0.002048409022331782,0,-68.70234372112236,6107.0636953520325,-507.45575296521383,1096.525550512749,0.0,0.9518179260579115,6107.0636953520325,1095972.5595047637,10779.390772482371
3406,6418.56,6418.56,6514.833213798238,0.0014313688091911417,0,0,0,0,hold,False,0,0,0.0003662598325179759,0,-68.70197746128984,6109.300467478269,-503.9790152991245,1096.525550512749,0.0,0.9518179260579115,6109.300467478269,1095972.5595047637,10779.390772482371
3407,6419.99,6419.99,6514.833213798238,0.0019816937644985388,0,0,0,0,hold,False,0,0,0.00022279140492562248,0,-68.70175466988492,6110.661567112531,-501.8633834427401,1096.525550512749,0.0,0.9518179260579115,6110.661567112531,1095972.5595047637,10779.390772482371
3408,6425.69,6425.69,6514.833213798238,0.001792885965935399,0,0,0,0,hold,False,0,0,0.0008878518502365312,0,-68.70086681803468,6116.086929291061,-493.4304452739307,1096.525550512749,0.0,0.9518179260579115,6116.086929291061,1095972.5595047637,10779.390772482371
3409,6431.01,6431.01,6514.833213798238,0.0018813583547447085,0,0,0,0,buy,True,0,0,0,0,-68.70086681803468,6121.150600657689,-485.55970298304055,1096.525550512749,0.0,0.9518179260579115,6121.150600657689,1095972.5595047637,10779.390772482371
3410,6428.75,6428.75,6514.833213798238,0.0010866390076796884,0,0,0,0,buy,True,0,0,0,0,-68.70086681803468,6118.999492144799,-488.90328899383167,1096.525550512749,0.0,0.9518179260579115,6118.999492144799,1095972.5595047637,10779.390772482371
3411,6434.69,6434.69,6514.833213798238,0.0015405339167136576,0,0,0,0,buy,True,0,0,0,0,-68.70086681803468,6124.6532906255825,-480.1152797442319,1096.525550512749,0.0,0.9518179260579115,6124.6532906255825,1095972.5595047637,10779.390772482371
3412,6454.0,6454.0,6514.833213798238,0.001990659566341108,0,0,0,0,buy,True,0,0,0,0,-68.70086681803468,6143.032894777761,-451.5468523688414,1096.525550512749,0.0,0.9518179260579115,6143.032894777761,1095972.5595047637,10779.390772482371
3413,6450.01,6450.01,6514.833213798238,0.0016266088520213873,0,0,0,0,buy,True,0,0,0,0,-68.70086681803468,6139.23514125279,-457.44990908700856,1096.525550512749,0.0,0.9518179260579115,6139.23514125279,1095972.5595047637,10779.390772482371
3414,6427.91,6427.91,6514.833213798238,0.0010134092839769048,0,0,0,0,buy,True,0,0,0,0,-68.70086681803468,6118.199965086909,-490.1460377766052,1096.525550512749,0.0,0.9518179260579115,6118.199965086909,1095972.5595047637,10779.390772482371
3415,6445.89,6445.89,6514.833213798238,0.001763762292880818,0,0,0,0,buy,True,0,0,0,0,-68.70086681803468,6135.313651397431,-463.54529597393775,1096.525550512749,0.0,0.9518179260579115,6135.313651397431,1095972.5595047637,10779.390772482371
3416,6435.98,6435.98,6514.833213798238,0.0012450716667098847,0,0,0,0,buy,True,0,0,0,0,-68.70086681803468,6125.881135750196,-478.20677268497457,1096.525550512749,0.0,0.9518179260579115,6125.881135750196,1095972.5595047637,10779.390772482371
3417,6438.93,6438.93,6514.833213798238,0.0016127526751617185,0,0,0,0,hold,False,0,0,0.0004583606537001859,0,-68.70040845738099,6128.688998632068,-473.8423573169057,1096.525550512749,0.0,0.9518179260579115,6128.688998632068,1095972.5595047637,10779.390772482371
3418,6431.14,6431.14,6514.833213798238,0.0011275614160372977,0,0,0,0,hold,False,0,0,-0.0012098283410442476,0,-68.70161828572203,6121.274336988077,-485.3673728142785,1096.525550512749,0.0,0.9518179260579115,6121.274336988077,1095972.5595047637,10779.390772482371
3419,6450.08,6450.08,6514.833213798238,0.0017990947708386336,0,0,0,0,buy,True,0,0,0,0,-68.70161828572203,6139.301768507614,-457.3463466884441,1096.525550512749,0.0,0.9518179260579115,6139.301768507614,1095972.5595047637,10779.390772482371
3420,6455.49,6455.49,6514.833213798238,0.001740268688932158,0,0,0,0,buy,True,0,0,0,0,-68.70161828572203,6144.451103487587,-449.3424527422594,1096.525550512749,0.0,0.9518179260579115,6144.451103487587,1095972.5595047637,10779.390772482371
3421,6457.65,6457.65,6514.833213798238,0.0010790504294242549,0,0,0,0,buy,True,0,0,0,0,-68.70161828572203,6146.507030207872,-446.14681301513156,1096.525550512749,0.0,0.9518179260579115,6146.507030207872,1095972.5595047637,10779.390772482371
3422,6458.15,6458.15,6514.833213798238,0.0013821160324247,0,0,0,0,buy,True,0,0,0,0,-68.70161828572203,6146.982939170901,-445.40708159681526,1096.525550512749,0.0,0.9518179260579115,6146.982939170901,1095972.5595047637,10779.390772482371
3423,6452.22,6452.22,6514.833213798238,0.001979457296898517,0,0,0,0,buy,True,0,0,0,0,-68.70161828572203,6141.3386588693775,-454.18029621804817,1096.525550512749,0.0,0.9518179260579115,6141.3386588693775,1095972.5595047637,10779.390772482371
3424,6464.01,6464.01,6514.833213798238,0.0011970163347211277,0,0,0,0,buy,True,0,0,0,0,-68.70161828572203,6152.560592217601,-436.7374293741432,1096.525550512749,0.0,0.9518179260579115,6152.560592217601,1095972.5595047637,10779.390772482371
3425,6458.9,6458.9,6514.833213798238,0.0017703032002835547,0,0,0,0,buy,True,0,0,0,0,-68.70161828572203,6147.6968026154445,-444.2974844693399,1096.525550512749,0.0,0.9518179260579115,6147.6968026154445,1095972.5595047637,10779.390772482371
3426,6447.78,6447.78,6514.833213798238,0.0013520785408524835,0,0,0,0,buy,True,0,0,0,0,-68.70161828572203,6137.11258727768,-460.7491112127009,1096.525550512749,0.0,0.9518179260579115,6137.11258727768,1095972.5595047637,10779.390772482371
3427,6447.4,6447.4,6514.833213798238,0.0011160715863476262,0,0,0,0,hold,False,0,0,-5.893501329139671e-05,0,-68.70167722073532,6136.750896465778,-461.311307090622,1096.525550512749,0.0,0.9518179260579115,6136.750896465778,1095972.5595047637,10779.390772482371
3428,6457.76,6457.76,6514.833213798238,0.0015175957135402478,0,0,0,0,hold,False,0,0,0.001606849272575054,0,-68.70007037146274,6146.6117301797385,-445.9840721031014,1096.525550512749,0.0,0.9518179260579115,6146.6117301797385,1095972.5595047637,10779.390772482371
3429,6454.09,6454.09,6514.833213798238,0.0016326709992539115,0,0,0,0,hold,False,0,0,-0.0005683085156462093,0,-68.70063867997838,6143.1185583911065,-451.41370071354504,1096.525550512749,0.0,0.9518179260579115,6143.1185583911065,1095972.5595047637,10779.390772482371
3430,6449.24,6449.24,6514.833213798238,0.0012656200843340387,0,0,0,0,hold,False,0,0,-0.0007514614763662074,0,-68.70139014145475,6138.502241449725,-458.58909547121766,1096.525550512749,0.0,0.9518179260579115,6138.502241449725,1095972.5595047637,10779.390772482371
3431,6433.05,6433.05,6514.833213798238,0.0018614235673639781,0,0,0,0,hold,False,0,0,-0.0025103733153053736,0,-68.70390051477005,6123.092309226848,-482.5415987963097,1096.525550512749,0.0,0.9518179260579115,6123.092309226848,1095972.5595047637,10779.390772482371
3432,6442.54,6442.54,6514.833213798238,0.001158516202431072,0,0,0,0,hold,False,0,0,0.0014751945033847618,0,-68.70242532026667,6132.125061345137,-468.50149647665967,1096.525550512749,0.0,0.9518179260579115,6132.125061345137,1095972.5595047637,10779.390772482371
3433,6443.53,6443.53,6514.833213798238,0.0016688126010141204,0,0,0,0,hold,False,0,0,0.00015366610063731923,0,-68.70227165416603,6133.067361091934,-467.0368282683921,1096.525550512749,0.0,0.9518179260579115,6133.067361091934,1095972.5595047637,10779.390772482371
3434,6438.24,6438.24,6514.833213798238,0.0016125208735260014,0,0,0,0,hold,False,0,0,-0.0008209785629926182,0,-68.70309263272902,6128.032244263088,-474.86318667418345,1096.525550512749,0.0,0.9518179260579115,6128.032244263088,1095972.5595047637,10779.390772482371
3435,6428.72,6428.72,6514.833213798238,0.0012565160601119808,0,0,0,0,hold,False,0,0,-0.0014786649767637653,0,-68.70457129770578,6118.970937607017,-488.94767287893046,1096.525550512749,0.0,0.9518179260579115,6118.970937607017,1095972.5595047637,10779.390772482371
3436,6439.54,6439.54,6514.833213798238,0.0010926248001028403,0,0,0,0,hold,False,0,0,0.0016830722134422256,0,-68.70288822549234,6129.269607566964,-472.93988498655926,1096.525550512749,0.0,0.9518179260579115,6129.269607566964,1095972.5595047637,10779.390772482371
3437,6428.64,6428.64,6514.833213798238,0.001678775960427759,0,0,0,0,hold,False,0,0,-0.0016926674886715827,0,-68.70458089298101,6118.894792172932,-489.0660299058618,1096.525550512749,0.0,0.9518179260579115,6118.894792172932,1095972.5595047637,10779.390772482371
3438,6442.22,6442.22,6514.833213798238,0.0010701776729366932,0,0,0,0,hold,False,0,0,0.0021124219119440057,0,-68.70246847106907,6131.820479608798,-468.97492458438137,1096.525550512749,0.0,0.9518179260579115,6131.820479608798,1095972.5595047637,10779.390772482371
3439,6443.67,6436.624650968153,0,0.001093375208824537,0.9518179260579115,6120.368231371638,6.126494726097736,-80.5668067989991,sell,False,0,0,-1.0,0,-69.70246847106907,6120.368231371638,-466.8297034712632,1102.6520452388468,6120.368231371638,0.0,0.0,1102099.0542308614,10779.390772482371
3440,6440.67,6440.67,0,0.0013964461542630043,0,0,0,0,sell,True,0,0,0,0,-69.70246847106907,6120.368231371638,-471.2680919811628,1102.6520452388468,6120.368231371638,0.0,0.0,1102099.0542308614,10779.390772482371
3441,6431.97,6431.97,0,0.0012893527067815121,0,0,0,0,sell,True,0,0,0,0,-69.70246847106907,6120.368231371638,-484.1394186598736,1102.6520452388468,6120.368231371638,0.0,0.0,1102099.0542308614,10779.390772482371
3442,6422.66,6422.66,0,0.0017362239728116893,0,0,0,0,sell,True,0,0,0,0,-69.70246847106907,6120.368231371638,-497.91321766892906,1102.6520452388468,6120.368231371638,0.0,0.0,1102099.0542308614,10779.390772482371
3443,6410.01,6410.01,0,0.0018668344587043607,0,0,0,0,hold,False,0,0,0,0,-69.70246847106907,6120.368231371638,-516.6284225523395,1102.6520452388468,6120.368231371638,0.0,0.0,1102099.0542308614,10779.390772482371
3444,6422.04,6422.04,0,0.001742221493241092,0,0,0,0,sell,True,0,0,0,0,-69.70246847106907,6120.368231371638,-498.83048462764236,1102.6520452388468,6120.368231371638,0.0,0.0,1102099.0542308614,10779.390772482371
3445,6408.08,6408.08,0,0.0014665938576530816,0,0,0,0,hold,False,0,0,0,0,-69.70246847106907,6120.368231371638,-519.4837858270421,1102.6520452388468,6120.368231371638,0.0,0.0,1102099.0542308614,10779.390772482371
3446,6418.85,6418.85,0,0.0011308349437493606,0,0,0,0,sell,True,0,0,0,0,-69.70246847106907,6120.368231371638,-503.5499710765016,1102.6520452388468,6120.368231371638,0.0,0.0,1102099.0542308614,10779.390772482371
3447,6380.89,6393.304482206303,6399.704186392696,0.0019455722017309436,0.9563517395671205,6120.368231371638,6.120368231371638,0,buy,False,0,0,0,0,-69.70246847106907,6102.375251486444,-559.7103803550999,1108.7724134702185,0.0,0.9563517395671205,6102.375251486444,1108213.3020940016,10779.390772482371
3448,6388.42,6388.42,6399.704186392696,0.001499857790102184,0,0,0,0,buy,True,0,0,0,0,-69.70246847106907,6109.576580085384,-548.570025195253,1108.7724134702185,0.0,0.9563517395671205,6109.576580085384,1108213.3020940016,10779.390772482371
3449,6398.02,6398.02,6399.704186392696,0.0010744697547203088,0,0,0,0,buy,True,0,0,0,0,-69.70246847106907,6118.757556785229,-534.3671819635729,1108.7724134702185,0.0,0.9563517395671205,6118.757556785229,1108213.3020940016,10779.390772482371
3450,6412.36,6412.36,6399.704186392696,0.001769323200470874,0,0,0,0,hold,False,0,0,0.002241318407882256,0,-69.70022715266118,6132.4716407306205,-513.151684886252,1108.7724134702185,0.0,0.9563517395671205,6132.4716407306205,1108213.3020940016,10779.390772482371
3451,6421.38,6421.38,6399.704186392696,0.0015098454886212863,0,0,0,0,hold,False,0,0,0.0014066583909824683,0,-69.69882049427021,6141.097933421516,-499.8069300998195,1108.7724134702185,0.0,0.9563517395671205,6141.097933421516,1108213.3020940016,10779.390772482371
3452,6426.63,6426.63,6399.704186392696,0.0019565215699887803,0,0,0,0,buy,True,0,0,0,0,-69.69882049427021,6146.118780054244,-492.03975020749385,1108.7724134702185,0.0,0.9563517395671205,6146.118780054244,1108213.3020940016,10779.390772482371
3453,6412.33,6412.33,6399.704186392696,0.0015724221395155766,0,0,0,0,buy,True,0,0,0,0,-69.69882049427021,6132.442950178433,-513.1960687713508,1108.7724134702185,0.0,0.9563517395671205,6132.442950178433,1108213.3020940016,10779.390772482371
3454,6410.0,6410.0,6399.704186392696,0.0012045268558622474,0,0,0,0,buy,True,0,0,0,0,-69.69882049427021,6130.214650625242,-516.6432171807064,1108.7724134702185,0.0,0.9563517395671205,6130.214650625242,1108213.3020940016,10779.390772482371
3455,6449.81,6449.81,6399.704186392696,0.0014844341309958238,0,0,0,0,hold,False,0,0,0.006210608424337039,0,-69.69260988584587,6168.2870133774095,-457.7458016543351,1108.7724134702185,0.0,0.9563517395671205,6168.2870133774095,1108213.3020940016,10779.390772482371
3456,6458.45,6458.45,6399.704186392696,0.0014574102242406663,0,0,0,0,hold,False,0,0,0.0013395743440503774,0,-69.69127031150182,6176.549892407269,-444.96324274582366,1108.7724134702185,0.0,0.9563517395671205,6176.549892407269,1108213.3020940016,10779.390772482371
3457,6450.86,6450.86,6399.704186392696,0.0012668491889421573,0,0,0,0,hold,False,0,0,-0.0011752045769496202,0,-69.69244551607878,6169.291182703954,-456.19236567587177,1108.7724134702185,0.0,0.9563517395671205,6169.291182703954,1108213.3020940016,10779.390772482371
3458,6471.43,6471.43,6399.704186392696,0.001105343430614527,0,0,0,0,hold,False,0,0,0.0031887221238720252,0,-69.68925679395491,6188.963337986851,-425.7598151263246,1108.7724134702185,0.0,0.9563517395671205,6188.963337986851,1108213.3020940016,10779.390772482371
3459,6455.25,6455.25,6399.704186392696,0.0011446696159018344,0,0,0,0,buy,True,0,0,0,0,-69.68925679395491,6173.489566840654,-449.6975238230498,1108.7724134702185,0.0,0.9563517395671205,6173.489566840654,1108213.3020940016,10779.390772482371
3460,6454.34,6454.34,6399.704186392696,0.0010840914774623964,0,0,0,0,hold,False,0,0,-0.00014097052786490923,0,-69.68939776448278,6172.619286757648,-451.043835004386,1108.7724134702185,0.0,0.9563517395671205,6172.619286757648,1108213.3020940016,10779.390772482371
3461,6461.51,6461.51,6399.704186392696,0.0014658349516660457,0,0,0,0,hold,False,0,0,0.0011108804308419403,0,-69.68828688405193,6179.476328730345,-440.4360864657265,1108.7724134702185,0.0,0.9563517395671205,6179.476328730345,1108213.3020940016,10779.390772482371
3462,6450.0,6450.0,6399.704186392696,0.0016171399618842787,0,0,0,0,buy,True,0,0,0,0,-69.68828688405193,6168.468720207928,-457.46470371537544,1108.7724134702185,0.0,0.9563517395671205,6168.468720207928,1108213.3020940016,10779.390772482371
3463,6447.29,6447.29,6399.704186392696,0.0016444162574306919,0,0,0,0,buy,True,0,0,0,0,-69.68828688405193,6165.8770069937,-461.4740480026521,1108.7724134702185,0.0,0.9563517395671205,6165.8770069937,1108213.3020940016,10779.390772482371
3464,6450.62,6450.62,6399.704186392696,0.0015299342806228166,0,0,0,0,buy,True,0,0,0,0,-69.68828688405193,6169.061658286459,-456.54743675666214,1108.7724134702185,0.0,0.9563517395671205,6169.061658286459,1108213.3020940016,10779.390772482371
3465,6442.81,6442.81,6399.704186392696,0.001982286812268814,0,0,0,0,buy,True,0,0,0,0,-69.68828688405193,6161.59255120044,-468.1020415107687,1108.7724134702185,0.0,0.9563517395671205,6161.59255120044,1108213.3020940016,10779.390772482371
3466,6439.26,6439.26,6399.704186392696,0.0014220352089948083,0,0,0,0,buy,True,0,0,0,0,-69.68828688405193,6158.197502524977,-473.3541345808171,1108.7724134702185,0.0,0.9563517395671205,6158.197502524977,1108213.3020940016,10779.390772482371
3467,6439.28,6439.28,6399.704186392696,0.0014975991701059394,0,0,0,0,hold,False,0,0,3.105946956496525e-06,0,-69.68828377810497,6158.216629559767,-473.3245453240852,1108.7724134702185,0.0,0.9563517395671205,6158.216629559767,1108213.3020940016,10779.390772482371
3468,6447.17,6447.17,6399.704186392696,0.0011841276029048496,0,0,0,0,hold,False,0,0,0.0012252922687009864,0,-69.68705848583627,6165.762244784953,-461.6515835430473,1108.7724134702185,0.0,0.9563517395671205,6165.762244784953,1108213.3020940016,10779.390772482371
3469,6468.49,6468.49,6399.704186392696,0.0019205789282788013,0,0,0,0,hold,False,0,0,0.0033068772810395516,0,-69.68375160855524,6186.151663872523,-430.1094358660266,1108.7724134702185,0.0,0.9563517395671205,6186.151663872523,1108213.3020940016,10779.390772482371
3470,6456.67,6456.67,6399.704186392696,0.0018854800998928721,0,0,0,0,hold,False,0,0,-0.0018273198227098362,0,-69.68557892837795,6174.84758631084,-447.5966865950304,1108.7724134702185,0.0,0.9563517395671205,6174.84758631084,1108213.3020940016,10779.390772482371
3471,6452.12,6452.12,6399.704186392696,0.001374786163054184,0,0,0,0,buy,True,0,0,0,0,-69.68557892837795,6170.4961858958095,-454.32824250171325,1108.7724134702185,0.0,0.9563517395671205,6170.4961858958095,1108213.3020940016,10779.390772482371
3472,6447.38,6447.38,6399.704186392696,0.00134603882563417,0,0,0,0,buy,True,0,0,0,0,-69.68557892837795,6165.963078650261,-461.3408963473539,1108.7724134702185,0.0,0.9563517395671205,6165.963078650261,1108213.3020940016,10779.390772482371
3473,6447.45,6447.45,6399.704186392696,0.0013142277450314806,0,0,0,0,hold,False,0,0,1.0857123358657761e-05,0,-69.6855680712546,6166.030023272031,-461.23733394878946,1108.7724134702185,0.0,0.9563517395671205,6166.030023272031,1108213.3020940016,10779.390772482371
3474,6439.03,6439.03,6399.704186392696,0.0015364623894784765,0,0,0,0,hold,False,0,0,-0.0013059426595010534,0,-69.68687401391409,6157.977541624876,-473.69441103324243,1108.7724134702185,0.0,0.9563517395671205,6157.977541624876,1108213.3020940016,10779.390772482371
3475,6458.64,6458.64,6399.704186392696,0.0016815459483720233,0,0,0,0,hold,False,0,0,0.003045489770974833,0,-69.68382852414312,6176.731599237787,-444.682144806864,1108.7724134702185,0.0,0.9563517395671205,6176.731599237787,1108213.3020940016,10779.390772482371
3476,6455.48,6455.48,6399.704186392696,0.0013003740381124958,0,0,0,0,hold,False,0,0,-0.0004892670902853764,0,-69.68431779123341,6173.709527740754,-449.3572473706263,1108.7724134702185,0.0,0.9563517395671205,6173.709527740754,1108213.3020940016,10779.390772482371
3477,6437.55,6437.55,6399.704186392696,0.0015436596528300528,0,0,0,0,hold,False,0,0,-0.0027774851753857976,0,-69.6870952764088,6156.562141050316,-475.8840160314594,1108.7724134702185,0.0,0.9563517395671205,6156.562141050316,1108213.3020940016,10779.390772482371
3478,6451.16,6451.16,6399.704186392696,0.0016672379145826915,0,0,0,0,hold,False,0,0,0.0021141583366343095,0,-69.68498111807216,6169.578088225825,-455.7485268248802,1108.7724134702185,0.0,0.9563517395671205,6169.578088225825,1108213.3020940016,10779.390772482371
3479,6453.07,6453.07,6399.704186392696,0.0010689545105143352,0,0,0,0,hold,False,0,0,0.0002960707841690633,0,-69.68468504728799,6171.404720048398,-452.9227528069114,1108.7724134702185,0.0,0.9563517395671205,6171.404720048398,1108213.3020940016,10779.390772482371
3480,6443.32,6443.32,6399.704186392696,0.0011590403560800874,0,0,0,0,hold,False,0,0,-0.0015109087612562592,0,-69.68619595604925,6162.080290587619,-467.3475154640855,1108.7724134702185,0.0,0.9563517395671205,6162.080290587619,1108213.3020940016,10779.390772482371
3481,6422.07,6422.07,6399.704186392696,0.0017148054498291468,0,0,0,0,hold,False,0,0,-0.003297989235363225,0,-69.68949394528461,6141.757816121817,-498.78610074254357,1108.7724134702185,0.0,0.9563517395671205,6141.757816121817,1108213.3020940016,10779.390772482371
3482,6440.0,6440.0,6399.704186392696,0.0010582835417626971,0,0,0,0,buy,True,0,0,0,0,-69.68949394528461,6158.905202812256,-472.25933208170864,1108.7724134702185,0.0,0.9563517395671205,6158.905202812256,1108213.3020940016,10779.390772482371
3483,6443.01,6443.01,6399.704186392696,0.0013745299718047146,0,0,0,0,buy,True,0,0,0,0,-69.68949394528461,6161.783821548353,-467.80614894344217,1108.7724134702185,0.0,0.9563517395671205,6161.783821548353,1108213.3020940016,10779.390772482371
3484,6458.38,6458.38,6399.704186392696,0.0019376671023488036,0,0,0,0,hold,False,0,0,0.002385530986293671,0,-69.68710841429832,6176.4829477855,-445.0668051443881,1108.7724134702185,0.0,0.9563517395671205,6176.4829477855,1108213.3020940016,10779.390772482371
3485,6463.64,6463.64,6399.704186392696,0.0015833959232061604,0,0,0,0,hold,False,0,0,0.0008144457278760732,0,-69.68629396857044,6181.513357935623,-437.2848306236974,1108.7724134702185,0.0,0.9563517395671205,6181.513357935623,1108213.3020940016,10779.390772482371
3486,6458.48,6458.48,6399.704186392696,0.0018087163664850575,0,0,0,0,hold,False,0,0,-0.0007983117871665224,0,-69.6870922803576,6176.578582959456,-444.91885886072487,1108.7724134702185,0.0,0.9563517395671205,6176.578582959456,1108213.3020940016,10779.390772482371
3487,6460.48,6460.48,6399.704186392696,0.001268038322419316,0,0,0,0,hold,False,0,0,0.0003096703868402903,0,-69.68678260997076,6178.491286438591,-441.9599331874597,1108.7724134702185,0.0,0.9563517395671205,6178.491286438591,1108213.3020940016,10779.390772482371
3488,6444.01,6444.01,6399.704186392696,0.001886761820030258,0,0,0,0,buy,True,0,0,0,0,-69.68678260997076,6162.740173287921,-466.32668610680776,1108.7724134702185,0.0,0.9563517395671205,6162.740173287921,1108213.3020940016,10779.390772482371
3489,6441.39,6441.39,6399.704186392696,0.0013268740557557004,0,0,0,0,buy,True,0,0,0,0,-69.68678260997076,6160.234531730254,-470.20287873878806,1108.7724134702185,0.0,0.9563517395671205,6160.234531730254,1108213.3020940016,10779.390772482371
3490,6446.98,6446.98,6399.704186392696,0.0017871911768947658,0,0,0,0,hold,False,0,0,0.0008678251122816654,0,-69.68591478485848,6165.5805379544345,-461.9326814820088,1108.7724134702185,0.0,0.9563517395671205,6165.5805379544345,1108213.3020940016,10779.390772482371
3491,6443.24,6443.24,6399.704186392696,0.0019353444842345165,0,0,0,0,buy,True,0,0,0,0,-69.68591478485848,6162.003782448453,-467.46587249101685,1108.7724134702185,0.0,0.9563517395671205,6162.003782448453,1108213.3020940016,10779.390772482371
3492,6453.58,6453.58,6399.704186392696,0.001649347883261693,0,0,0,0,buy,True,0,0,0,0,-69.68591478485848,6171.892459435578,-452.1682267602282,1108.7724134702185,0.0,0.9563517395671205,6171.892459435578,1108213.3020940016,10779.390772482371
3493,6451.1,6451.1,6399.704186392696,0.0010146418737548802,0,0,0,0,buy,True,0,0,0,0,-69.68591478485848,6169.520707121452,-455.83729459507776,1108.7724134702185,0.0,0.9563517395671205,6169.520707121452,1108213.3020940016,10779.390772482371
3494,6448.93,6448.93,6399.704186392696,0.0019037549841136503,0,0,0,0,buy,True,0,0,0,0,-69.68591478485848,6167.4454238465905,-459.0477289505725,1108.7724134702185,0.0,0.9563517395671205,6167.4454238465905,1108213.3020940016,10779.390772482371
3495,6459.5,6459.5,6399.704186392696,0.0012252250397382202,0,0,0,0,hold,False,0,0,0.0016390315912871902,0,-69.6842757532672,6177.554061733815,-443.40980676735853,1108.7724134702185,0.0,0.9563517395671205,6177.554061733815,1108213.3020940016,10779.390772482371
3496,6490.0,6490.0,6399.704186392696,0.0014977011105544774,0,0,0,0,hold,False,0,0,0.004721727687901607,0,-69.6795540255793,6206.722789790612,-398.28619025004446,1108.7724134702185,0.0,0.9563517395671205,6206.722789790612,1108213.3020940016,10779.390772482371
3497,6485.99,6485.99,6399.704186392696,0.0019038593140422381,0,0,0,0,hold,False,0,0,-0.0006178736517720456,0,-69.68017189923107,6202.887819314948,-404.2188362249435,1108.7724134702185,0.0,0.9563517395671205,6202.887819314948,1108213.3020940016,10779.390772482371
3498,6457.34,6457.34,6399.704186392696,0.0012943993048302363,0,0,0,0,hold,False,0,0,-0.004417213100852686,0,-69.68458911233192,6175.48834197635,-446.6054464944864,1108.7724134702185,0.0,0.9563517395671205,6175.48834197635,1108213.3020940016,10779.390772482371
3499,6461.3,6461.3,6399.704186392696,0.0014632171324622132,0,0,0,0,buy,True,0,0,0,0,-69.68458911233192,6179.275494865035,-440.74677366141805,1108.7724134702185,0.0,0.9563517395671205,6179.275494865035,1108213.3020940016,10779.390772482371
3500,6489.1,6489.1,6399.704186392696,0.0016653204360061596,0,0,0,0,buy,True,0,0,0,0,-69.68458911233192,6205.862073225002,-399.6177068030138,1108.7724134702185,0.0,0.9563517395671205,6205.862073225002,1108213.3020940016,10779.390772482371
3501,6479.0,6479.0,6399.704186392696,0.0015399587011510332,0,0,0,0,hold,False,0,0,-0.001556456211185009,0,-69.68614556854311,6196.202920655373,-414.56028145301025,1108.7724134702185,0.0,0.9563517395671205,6196.202920655373,1108213.3020940016,10779.390772482371
3502,6477.34,6477.34,6399.704186392696,0.0016144838647257176,0,0,0,0,hold,False,0,0,-0.00025621237845340085,0,-69.68640178092157,6194.615376767692,-417.0161897618218,1108.7724134702185,0.0,0.9563517395671205,6194.615376767692,1108213.3020940016,10779.390772482371
3503,6457.66,6457.66,6399.704186392696,0.0010226080858079193,0,0,0,0,hold,False,0,0,-0.0030382842339602713,0,-69.68944006515554,6175.794374533011,-446.1320183867647,1108.7724134702185,0.0,0.9563517395671205,6175.794374533011,1108213.3020940016,10779.390772482371
3504,6466.71,6466.71,6399.704186392696,0.0018841635605652183,0,0,0,0,hold,False,0,0,0.00140143643363082,0,-69.68803862872191,6184.449357776094,-432.74287971523336,1108.7724134702185,0.0,0.9563517395671205,6184.449357776094,1108213.3020940016,10779.390772482371
3505,6472.0,6472.0,6399.704186392696,0.0016313504149688255,0,0,0,0,hold,False,0,0,0.0008180357554304097,0,-69.68722059296648,6189.508458478404,-424.91652130944385,1108.7724134702185,0.0,0.9563517395671205,6189.508458478404,1108213.3020940016,10779.390772482371
3506,6432.1,6432.1,6399.704186392696,0.0018299382642963566,0,0,0,0,hold,False,0,0,-0.006165018541409093,0,-69.69338561150789,6151.350024069676,-483.94708849110975,1108.7724134702185,0.0,0.9563517395671205,6151.350024069676,1108213.3020940016,10779.390772482371
3507,6362.8,6362.8,6399.704186392696,0.0016998969257534457,0,0,0,0,hold,False,0,0,-0.010774086223783794,0,-69.70415969773168,6085.074848517675,-586.4738630697957,1108.7724134702185,0.0,0.9563517395671205,6085.074848517675,1108213.3020940016,10779.390772482371
3508,6381.88,6381.88,6399.704186392696,0.0018920586567925252,0,0,0,0,hold,False,0,0,0.002998679826491474,0,-69.70116101790519,6103.322039708615,-558.2457121468342,1108.7724134702185,0.0,0.9563517395671205,6103.322039708615,1108213.3020940016,10779.390772482371
3509,6366.28,6366.28,6399.704186392696,0.001106040705354154,0,0,0,0,hold,False,0,0,-0.002444420766294643,0,-69.70360543867149,6088.402952571368,-581.3253323983135,1108.7724134702185,0.0,0.9563517395671205,6088.402952571368,1108213.3020940016,10779.390772482371
3510,6363.4,6363.4,6399.704186392696,0.0010865566596382063,0,0,0,0,hold,False,0,0,-0.00045238349554216464,0,-69.70405782216703,6085.648659561414,-585.586185367818,1108.7724134702185,0.0,0.9563517395671205,6085.648659561414,1108213.3020940016,10779.390772482371
3511,6309.15,6309.15,6399.704186392696,0.001981441781948188,0,0,0,0,hold,False,0,0,-0.008525316654618665,0,-69.71258313882164,6033.7665776898975,-665.8470442551734,1108.7724134702185,0.0,0.9563517395671205,6033.7665776898975,1108213.3020940016,10779.390772482371
3512,6232.83,6232.83,6399.704186392696,0.0016473026385062735,0,0,0,0,buy,True,0,0,0,0,-69.71258313882164,5960.777812926136,-778.759647947023,1108.7724134702185,0.0,0.9563517395671205,5960.777812926136,1108213.3020940016,10779.390772482371
3513,5965.11,5965.11,6399.704186392696,0.0012895136125617062,0,0,0,0,hold,False,0,0,-0.04295320103388036,0,-69.75553633985552,5704.743325209226,-1174.8414385704837,1108.7724134702185,0.0,0.9563517395671205,5704.743325209226,1108213.3020940016,10779.390772482371
3514,5979.67,5979.67,6399.704186392696,0.0012051446978922531,0,0,0,0,hold,False,0,0,0.002440860269131707,0,-69.75309547958639,5718.6678065373235,-1153.3004596691026,1108.7724134702185,0.0,0.9563517395671205,5718.6678065373235,1108213.3020940016,10779.390772482371
3515,5880.0,5869.063542126565,0,0.0018599418152100019,0.9563517395671205,5607.276239014564,5.612889128142707,-513.0919923570737,sell,False,0,0,-1.0,0,-70.75309547958639,5607.276239014564,-1300.7585205963424,1114.3853025983612,5607.276239014564,0.0,0.0,1113826.1912221443,10779.390772482371
3516,5863.94,5863.94,0,0.0017872605231777283,0,0,0,0,sell,True,0,0,0,0,-70.75309547958639,5607.276239014564,-1324.5186937526723,1114.3853025983612,5607.276239014564,0.0,0.0,1113826.1912221443,10779.390772482371
3517,5767.89,5767.89,0,0.0010067797708819277,0,0,0,0,hold,False,0,0,0,0,-70.75309547958639,5607.276239014564,-1466.6210992112974,1114.3853025983612,5607.276239014564,0.0,0.0,1113826.1912221443,10779.390772482371
3518,5836.82,5836.82,0,0.0014596529846557507,0,0,0,0,sell,True,0,0,0,0,-70.75309547958639,5607.276239014564,-1364.6417258821675,1114.3853025983612,5607.276239014564,0.0,0.0,1113826.1912221443,10779.390772482371
3519,5796.64,5807.998430532261,5813.812242775037,0.0019594852418402652,0.9644749442988738,5607.276239014564,5.607276239014564,0,buy,False,0,0,0,0,-70.75309547958639,5590.714041120625,-1424.0865426580913,1119.9925788373757,0.0,0.9644749442988738,5590.714041120625,1119427.8601849198,10779.390772482371
3520,5922.41,5922.41,5813.812242775037,0.0010997899738985325,0,0,0,0,hold,False,0,0,0.02169705208534579,0,-70.73139842750105,5712.016054865093,-1238.0145016947245,1119.9925788373757,0.0,0.9644749442988738,5712.016054865093,1119427.8601849198,10779.390772482371
3521,5887.09,5887.09,5813.812242775037,0.0019132952656145004,0,0,0,0,hold,False,0,0,-0.005963788390199192,0,-70.73736221589125,5677.950799832457,-1290.2691290846124,1119.9925788373757,0.0,0.9644749442988738,5677.950799832457,1119427.8601849198,10779.390772482371
3522,5839.56,5839.56,5813.812242775037,0.0014358905031170595,0,0,0,0,hold,False,0,0,-0.008073598331263723,0,-70.74543581422252,5632.109305729932,-1360.587997709792,1119.9925788373757,0.0,0.9644749442988738,5632.109305729932,1119427.8601849198,10779.390772482371
3523,5739.15,5739.15,5813.812242775037,0.0010058618694000464,0,0,0,0,hold,False,0,0,-0.017194788648460007,0,-70.76263060287097,5535.266376572881,-1509.1408611361403,1119.9925788373757,0.0,0.9644749442988738,5535.266376572881,1119427.8601849198,10779.390772482371
3524,5746.57,5746.57,5813.812242775037,0.0014198208187817787,0,0,0,0,buy,True,0,0,0,0,-70.76263060287097,5542.422780659579,-1498.16324688832,1119.9925788373757,0.0,0.9644749442988738,5542.422780659579,1119427.8601849198,10779.390772482371
3525,5707.19,5707.19,5813.812242775037,0.0018018693730227206,0,0,0,0,buy,True,0,0,0,0,-70.76263060287097,5504.441757353089,-1556.4244933949394,1119.9925788373757,0.0,0.9644749442988738,5504.441757353089,1119427.8601849198,10779.390772482371
3526,5739.72,5739.72,5813.812242775037,0.0011914685736864764,0,0,0,0,hold,False,0,0,0.0056998277611224795,0,-70.75693077510985,5535.816127291132,-1508.2975673192577,1119.9925788373757,0.0,0.9644749442988738,5535.816127291132,1119427.8601849198,10779.390772482371
3527,5719.42,5719.42,5813.812242775037,0.001847689205683892,0,0,0,0,hold,False,0,0,-0.0035367578906288113,0,-70.76046753300048,5516.237285921865,-1538.330662902914,1119.9925788373757,0.0,0.9644749442988738,5516.237285921865,1119427.8601849198,10779.390772482371
3528,5760.94,5760.94,5813.812242775037,0.0016041530760910836,0,0,0,0,hold,False,0,0,0.007259477359592274,0,-70.75320805564088,5556.282285609153,-1476.9033659259003,1119.9925788373757,0.0,0.9644749442988738,5556.282285609153,1119427.8601849198,10779.390772482371
3529,5723.0,5723.0,5813.812242775037,0.0019545096479636668,0,0,0,0,buy,True,0,0,0,0,-70.75320805564088,5519.690106222455,-1533.0341859477667,1119.9925788373757,0.0,0.9644749442988738,5519.690106222455,1119427.8601849198,10779.390772482371
3530,5761.79,5761.79,5813.812242775037,0.0012296333950166678,0,0,0,0,hold,False,0,0,0.006777913681635497,0,-70.74643014195925,5557.102089311808,-1475.6458225147617,1119.9925788373757,0.0,0.9644749442988738,5557.102089311808,1119427.8601849198,10779.390772482371
3531,5590.0,5590.0,5813.812242775037,0.0016224872936868979,0,0,0,0,buy,True,0,0,0,0,-70.74643014195925,5391.4149386307045,-1729.8027432199924,1119.9925788373757,0.0,0.9644749442988738,5391.4149386307045,1119427.8601849198,10779.390772482371
3532,5590.2,5590.2,5813.812242775037,0.0016868402378580965,0,0,0,0,hold,False,0,0,3.5778175313051553e-05,0,-70.74639436378393,5391.607833619564,-1729.506850652666,1119.9925788373757,0.0,0.9644749442988738,5391.607833619564,1119427.8601849198,10779.390772482371
3533,5588.19,5580.648701351116,0,0.0013495064858001712,0.9644749442988738,5377.013449541813,5.3823958453872,-230.26278947275114,sell,False,0,0,-1.0,0,-71.74639436378393,5377.013449541813,-1732.480570954298,1125.374974682763,5377.013449541813,0.0,0.0,1124810.256030307,10779.390772482371
3534,5596.3,5596.3,0,0.0016428025986045497,0,0,0,0,sell,True,0,0,0,0,-71.74639436378393,5377.013449541813,-1720.4821273492016,1125.374974682763,5377.013449541813,0.0,0.0,1124810.256030307,10779.390772482371
3535,5403.52,5403.52,0,0.0010691116242085759,0,0,0,0,sell,True,0,0,0,0,-71.74639436378393,5377.013449541813,-2005.6929729953645,1125.374974682763,5377.013449541813,0.0,0.0,1124810.256030307,10779.390772482371
3536,5675.12,5675.12,0,0.0012099883119018819,0,0,0,0,sell,True,0,0,0,0,-71.74639436378393,5377.013449541813,-1603.8708665657668,1125.374974682763,5377.013449541813,0.0,0.0,1124810.256030307,10779.390772482371
3537,5672.3,5672.3,0,0.001902032847417553,0,0,0,0,sell,True,0,0,0,0,-71.74639436378393,5377.013449541813,-1608.0429517650737,1125.374974682763,5377.013449541813,0.0,0.0,1124810.256030307,10779.390772482371
3538,5668.27,5668.27,0,0.0010590169388616682,0,0,0,0,sell,True,0,0,0,0,-71.74639436378393,5377.013449541813,-1614.0051869967047,1125.374974682763,5377.013449541813,0.0,0.0,1124810.256030307,10779.390772482371
3539,5673.89,5673.89,0,0.001566370750434689,0,0,0,0,sell,True,0,0,0,0,-71.74639436378393,5377.013449541813,-1605.6906058548266,1125.374974682763,5377.013449541813,0.0,0.0,1124810.256030307,10779.390772482371
3540,5690.39,5690.39,0,0.0015434431413471825,0,0,0,0,hold,False,0,0,0,0,-71.74639436378393,5377.013449541813,-1581.279469050376,1125.374974682763,5377.013449541813,0.0,0.0,1124810.256030307,10779.390772482371
3541,5639.01,5639.01,0,0.001309648002957775,0,0,0,0,sell,True,0,0,0,0,-71.74639436378393,5377.013449541813,-1657.294269596594,1125.374974682763,5377.013449541813,0.0,0.0,1124810.256030307,10779.390772482371
3542,5645.0,5645.0,0,0.0019897799681762355,0,0,0,0,hold,False,0,0,0,0,-71.74639436378393,5377.013449541813,-1648.4322872051616,1125.374974682763,5377.013449541813,0.0,0.0,1124810.256030307,10779.390772482371
3543,5665.94,5665.94,0,0.0019797031289892865,0,0,0,0,sell,True,0,0,0,0,-71.74639436378393,5377.013449541813,-1617.452335406062,1125.374974682763,5377.013449541813,0.0,0.0,1124810.256030307,10779.390772482371
3544,5753.4,5753.4,0,0.0011649998269147445,0,0,0,0,hold,False,0,0,0,0,-71.74639436378393,5377.013449541813,-1488.0585157141159,1125.374974682763,5377.013449541813,0.0,0.0,1124810.256030307,10779.390772482371
3545,5706.23,5706.23,0,0.001677829389526049,0,0,0,0,sell,True,0,0,0,0,-71.74639436378393,5377.013449541813,-1557.8447777181063,1125.374974682763,5377.013449541813,0.0,0.0,1124810.256030307,10779.390772482371
3546,5700.0,5700.0,0,0.0012580771484731758,0,0,0,0,sell,True,0,0,0,0,-71.74639436378393,5377.013449541813,-1567.0618311903308,1125.374974682763,5377.013449541813,0.0,0.0,1124810.256030307,10779.390772482371
3547,5718.01,5718.01,0,0.0018398459558464095,0,0,0,0,sell,True,0,0,0,0,-71.74639436378393,5377.013449541813,-1540.4167055025664,1125.374974682763,5377.013449541813,0.0,0.0,1124810.256030307,10779.390772482371
3548,5730.47,5730.47,0,0.0012738901331418914,0,0,0,0,hold,False,0,0,0,0,-71.74639436378393,5377.013449541813,-1521.9825985581156,1125.374974682763,5377.013449541813,0.0,0.0,1124810.256030307,10779.390772482371
3549,5700.08,5700.08,0,0.0013758289605595836,0,0,0,0,sell,True,0,0,0,0,-71.74639436378393,5377.013449541813,-1566.9434741634013,1125.374974682763,5377.013449541813,0.0,0.0,1124810.256030307,10779.390772482371
3550,5683.17,5683.17,0,0.00120482712171348,0,0,0,0,sell,True,0,0,0,0,-71.74639436378393,5377.013449541813,-1591.96119073087,1125.374974682763,5377.013449541813,0.0,0.0,1124810.256030307,10779.390772482371
3551,5685.85,5685.85,0,0.001838257712796029,0,0,0,0,hold,False,0,0,0,0,-71.74639436378393,5377.013449541813,-1587.996230328692,1125.374974682763,5377.013449541813,0.0,0.0,1124810.256030307,10779.390772482371
3552,5641.8,5641.8,0,0.0016661449597349697,0,0,0,0,hold,False,0,0,0,0,-71.74639436378393,5377.013449541813,-1653.1665682823877,1125.374974682763,5377.013449541813,0.0,0.0,1124810.256030307,10779.390772482371
3553,5624.39,5624.39,0,0.0011781778087537398,0,0,0,0,sell,True,0,0,0,0,-71.74639436378393,5377.013449541813,-1678.9240162681726,1125.374974682763,5377.013449541813,0.0,0.0,1124810.256030307,10779.390772482371
3554,5595.89,5595.89,0,0.0018846039214212888,0,0,0,0,hold,False,0,0,0,0,-71.74639436378393,5377.013449541813,-1721.0887071122215,1125.374974682763,5377.013449541813,0.0,0.0,1124810.256030307,10779.390772482371
3555,5670.92,5670.92,0,0.0011038229834576963,0,0,0,0,sell,True,0,0,0,0,-71.74639436378393,5377.013449541813,-1610.0846104796274,1125.374974682763,5377.013449541813,0.0,0.0,1124810.256030307,10779.390772482371
3556,5669.8,5669.8,0,0.0017869061836741794,0,0,0,0,sell,True,0,0,0,0,-71.74639436378393,5377.013449541813,-1611.741608856657,1125.374974682763,5377.013449541813,0.0,0.0,1124810.256030307,10779.390772482371
3557,5650.0,5650.0,0,0.0017403188585863733,0,0,0,0,sell,True,0,0,0,0,-71.74639436378393,5377.013449541813,-1641.034973021995,1125.374974682763,5377.013449541813,0.0,0.0,1124810.256030307,10779.390772482371
3558,5677.32,5677.32,0,0.0014026426990234704,0,0,0,0,sell,True,0,0,0,0,-71.74639436378393,5377.013449541813,-1600.6160483251751,1125.374974682763,5377.013449541813,0.0,0.0,1124810.256030307,10779.390772482371
3559,5676.5,5676.5,0,0.0011471358245805985,0,0,0,0,sell,True,0,0,0,0,-71.74639436378393,5377.013449541813,-1601.8292078512131,1125.374974682763,5377.013449541813,0.0,0.0,1124810.256030307,10779.390772482371
3560,5645.62,5645.62,0,0.0010682863193242499,0,0,0,0,sell,True,0,0,0,0,-71.74639436378393,5377.013449541813,-1647.5150202464501,1125.374974682763,5377.013449541813,0.0,0.0,1124810.256030307,10779.390772482371
3561,5661.0,5661.0,0,0.001647705583257803,0,0,0,0,sell,True,0,0,0,0,-71.74639436378393,5377.013449541813,-1624.7608818190292,1125.374974682763,5377.013449541813,0.0,0.0,1124810.256030307,10779.390772482371
3562,5663.09,5663.09,0,0.0017061734361736402,0,0,0,0,sell,True,0,0,0,0,-71.74639436378393,5377.013449541813,-1621.6688044904658,1125.374974682763,5377.013449541813,0.0,0.0,1124810.256030307,10779.390772482371
3563,5656.76,5656.76,0,0.0016084884651384078,0,0,0,0,sell,True,0,0,0,0,-71.74639436378393,5377.013449541813,-1631.0338042463536,1125.374974682763,5377.013449541813,0.0,0.0,1124810.256030307,10779.390772482371
3564,5627.5,5627.5,0,0.001967234040377109,0,0,0,0,hold,False,0,0,0,0,-71.74639436378393,5377.013449541813,-1674.3228868462447,1125.374974682763,5377.013449541813,0.0,0.0,1124810.256030307,10779.390772482371
3565,5633.97,5633.97,0,0.0019018572284309515,0,0,0,0,sell,True,0,0,0,0,-71.74639436378393,5377.013449541813,-1664.7507622932262,1125.374974682763,5377.013449541813,0.0,0.0,1124810.256030307,10779.390772482371
3566,5587.99,5587.99,0,0.0019535215263712198,0,0,0,0,sell,True,0,0,0,0,-71.74639436378393,5377.013449541813,-1732.7764635216245,1125.374974682763,5377.013449541813,0.0,0.0,1124810.256030307,10779.390772482371
3567,5579.61,5579.61,0,0.0017568014333356114,0,0,0,0,sell,True,0,0,0,0,-71.74639436378393,5377.013449541813,-1745.1743620926118,1125.374974682763,5377.013449541813,0.0,0.0,1124810.256030307,10779.390772482371
3568,5655.94,5655.94,0,0.001542578538873459,0,0,0,0,sell,True,0,0,0,0,-71.74639436378393,5377.013449541813,-1632.2469637723934,1125.374974682763,5377.013449541813,0.0,0.0,1124810.256030307,10779.390772482371
3569,5618.23,5618.23,0,0.0011674587728259657,0,0,0,0,hold,False,0,0,0,0,-71.74639436378393,5377.013449541813,-1688.0375073418345,1125.374974682763,5377.013449541813,0.0,0.0,1124810.256030307,10779.390772482371
3570,5614.99,5614.99,0,0.001873971533013241,0,0,0,0,sell,True,0,0,0,0,-71.74639436378393,5377.013449541813,-1692.8309669325263,1125.374974682763,5377.013449541813,0.0,0.0,1124810.256030307,10779.390772482371
3571,5595.26,5595.26,0,0.0015619270698582104,0,0,0,0,sell,True,0,0,0,0,-71.74639436378393,5377.013449541813,-1722.0207686992999,1125.374974682763,5377.013449541813,0.0,0.0,1124810.256030307,10779.390772482371
3572,5576.46,5576.46,0,0.0015285405551785922,0,0,0,0,sell,True,0,0,0,0,-71.74639436378393,5377.013449541813,-1749.8346700280072,1125.374974682763,5377.013449541813,0.0,0.0,1124810.256030307,10779.390772482371
3573,5596.18,5596.18,0,0.0014098575554798896,0,0,0,0,sell,True,0,0,0,0,-71.74639436378393,5377.013449541813,-1720.6596628895986,1125.374974682763,5377.013449541813,0.0,0.0,1124810.256030307,10779.390772482371
3574,5582.72,5582.72,0,0.0015073366949241624,0,0,0,0,sell,True,0,0,0,0,-71.74639436378393,5377.013449541813,-1740.573232670682,1125.374974682763,5377.013449541813,0.0,0.0,1124810.256030307,10779.390772482371
3575,5599.3,5599.3,0,0.0018623498779982385,0,0,0,0,sell,True,0,0,0,0,-71.74639436378393,5377.013449541813,-1716.043738839302,1125.374974682763,5377.013449541813,0.0,0.0,1124810.256030307,10779.390772482371
3576,5638.06,5638.06,0,0.001689993313395202,0,0,0,0,sell,True,0,0,0,0,-71.74639436378393,5377.013449541813,-1658.6997592913958,1125.374974682763,5377.013449541813,0.0,0.0,1124810.256030307,10779.390772482371
3577,5602.96,5602.96,0,0.0016937038101432567,0,0,0,0,sell,True,0,0,0,0,-71.74639436378393,5377.013449541813,-1710.6289048572253,1125.374974682763,5377.013449541813,0.0,0.0,1124810.256030307,10779.390772482371
3578,5603.14,5603.14,0,0.0010584302462441888,0,0,0,0,sell,True,0,0,0,0,-71.74639436378393,5377.013449541813,-1710.3626015466307,1125.374974682763,5377.013449541813,0.0,0.0,1124810.256030307,10779.390772482371
3579,5576.23,5576.23,0,0.001265932253848035,0,0,0,0,sell,True,0,0,0,0,-71.74639436378393,5377.013449541813,-1750.1749464804325,1125.374974682763,5377.013449541813,0.0,0.0,1124810.256030307,10779.390772482371
3580,5615.9,5615.9,0,0.0011469191344777566,0,0,0,0,sell,True,0,0,0,0,-71.74639436378393,5377.013449541813,-1691.48465575119,1125.374974682763,5377.013449541813,0.0,0.0,1124810.256030307,10779.390772482371
3581,5607.26,5607.26,0,0.0018025265487053006,0,0,0,0,sell,True,0,0,0,0,-71.74639436378393,5377.013449541813,-1704.2672146597015,1125.374974682763,5377.013449541813,0.0,0.0,1124810.256030307,10779.390772482371
3582,5622.61,5622.61,0,0.001576328016721442,0,0,0,0,sell,True,0,0,0,0,-71.74639436378393,5377.013449541813,-1681.5574601173812,1125.374974682763,5377.013449541813,0.0,0.0,1124810.256030307,10779.390772482371
3583,5613.68,5613.68,0,0.0019858200074792344,0,0,0,0,sell,True,0,0,0,0,-71.74639436378393,5377.013449541813,-1694.7690632485155,1125.374974682763,5377.013449541813,0.0,0.0,1124810.256030307,10779.390772482371
3584,5600.38,5600.38,0,0.0015002771775032152,0,0,0,0,sell,True,0,0,0,0,-71.74639436378393,5377.013449541813,-1714.445918975738,1125.374974682763,5377.013449541813,0.0,0.0,1124810.256030307,10779.390772482371
3585,5648.09,5648.09,0,0.0013011021990003684,0,0,0,0,sell,True,0,0,0,0,-71.74639436378393,5377.013449541813,-1643.8607470399638,1125.374974682763,5377.013449541813,0.0,0.0,1124810.256030307,10779.390772482371
3586,5609.76,5609.76,0,0.0010672917277633482,0,0,0,0,sell,True,0,0,0,0,-71.74639436378393,5377.013449541813,-1700.5685575681182,1125.374974682763,5377.013449541813,0.0,0.0,1124810.256030307,10779.390772482371
3587,5606.23,5606.23,0,0.0017051306695084149,0,0,0,0,hold,False,0,0,0,0,-71.74639436378393,5377.013449541813,-1705.7910613814347,1125.374974682763,5377.013449541813,0.0,0.0,1124810.256030307,10779.390772482371
3588,5611.59,5611.59,0,0.0010821315446811325,0,0,0,0,sell,True,0,0,0,0,-71.74639436378393,5377.013449541813,-1697.861140577079,1125.374974682763,5377.013449541813,0.0,0.0,1124810.256030307,10779.390772482371
3589,5629.18,5629.18,0,0.0014466839454293802,0,0,0,0,sell,True,0,0,0,0,-71.74639436378393,5377.013449541813,-1671.8373892806994,1125.374974682763,5377.013449541813,0.0,0.0,1124810.256030307,10779.390772482371
3590,5609.19,5609.19,0,0.001870593196666116,0,0,0,0,sell,True,0,0,0,0,-71.74639436378393,5377.013449541813,-1701.4118513850008,1125.374974682763,5377.013449541813,0.0,0.0,1124810.256030307,10779.390772482371
3591,5610.59,5610.59,0,0.0014902249136894597,0,0,0,0,sell,True,0,0,0,0,-71.74639436378393,5377.013449541813,-1699.3406034137133,1125.374974682763,5377.013449541813,0.0,0.0,1124810.256030307,10779.390772482371
3592,5628.29,5628.29,0,0.0011847991158086667,0,0,0,0,sell,True,0,0,0,0,-71.74639436378393,5377.013449541813,-1673.1541112053037,1125.374974682763,5377.013449541813,0.0,0.0,1124810.256030307,10779.390772482371
3593,5651.35,5651.35,0,0.001390271868755516,0,0,0,0,sell,True,0,0,0,0,-71.74639436378393,5377.013449541813,-1639.0376981925401,1125.374974682763,5377.013449541813,0.0,0.0,1124810.256030307,10779.390772482371
3594,5642.78,5642.78,0,0.0013312720545084755,0,0,0,0,sell,True,0,0,0,0,-71.74639436378393,5377.013449541813,-1651.716694702487,1125.374974682763,5377.013449541813,0.0,0.0,1124810.256030307,10779.390772482371
3595,5664.25,5664.25,0,0.0011425430252694864,0,0,0,0,sell,True,0,0,0,0,-71.74639436378393,5377.013449541813,-1619.9526275999706,1125.374974682763,5377.013449541813,0.0,0.0,1124810.256030307,10779.390772482371
3596,5671.24,5671.24,0,0.0018943468545932832,0,0,0,0,sell,True,0,0,0,0,-71.74639436378393,5377.013449541813,-1609.6111823719057,1125.374974682763,5377.013449541813,0.0,0.0,1124810.256030307,10779.390772482371
3597,5661.07,5661.07,0,0.0011808333067445987,0,0,0,0,sell,True,0,0,0,0,-71.74639436378393,5377.013449541813,-1624.6573194204648,1125.374974682763,5377.013449541813,0.0,0.0,1124810.256030307,10779.390772482371
3598,5673.39,5673.39,0,0.0018622412559125886,0,0,0,0,sell,True,0,0,0,0,-71.74639436378393,5377.013449541813,-1606.4303372731429,1125.374974682763,5377.013449541813,0.0,0.0,1124810.256030307,10779.390772482371
3599,5668.88,5675.004566456968,5680.685251708676,0.0010803838601218538,0.9465431037434221,5377.013449541813,5.377013449541813,0,buy,False,0,0,0,0,-71.74639436378393,5365.8392699490105,-1613.1027146663582,1130.7519881323049,0.0,0.9465431037434221,5365.8392699490105,1130181.8924663991,10779.390772482371
3600,5660.59,5660.59,5680.685251708676,0.0017930762202291563,0,0,0,0,buy,True,0,0,0,0,-71.74639436378393,5357.992427618978,-1625.3674615820491,1130.7519881323049,0.0,0.9465431037434221,5357.992427618978,1130181.8924663991,10779.390772482371
3601,5645.76,5645.76,5680.685251708676,0.001960553336061194,0,0,0,0,hold,False,0,0,-0.0026198682469494457,0,-71.74901423203089,5343.955193390463,-1647.3078954493194,1130.7519881323049,0.0,0.9465431037434221,5343.955193390463,1130181.8924663991,10779.390772482371
3602,5643.41,5643.41,5680.685251708676,0.0011890032889387973,0,0,0,0,hold,False,0,0,-0.00041624156889432675,0,-71.74943047359979,5341.730817096665,-1650.7846331154087,1130.7519881323049,0.0,0.9465431037434221,5341.730817096665,1130181.8924663991,10779.390772482371
3603,5617.8,5617.8,5680.685251708676,0.001823996484244687,0,0,0,0,buy,True,0,0,0,0,-71.74943047359979,5317.489848209797,-1688.6736763615863,1130.7519881323049,0.0,0.9465431037434221,5317.489848209797,1130181.8924663991,10779.390772482371
3604,5627.01,5627.01,5680.685251708676,0.0017598009709310428,0,0,0,0,hold,False,0,0,0.0016394318060451254,0,-71.74779104179375,5326.207510195274,-1675.0478236361942,1130.7519881323049,0.0,0.9465431037434221,5326.207510195274,1130181.8924663991,10779.390772482371
3605,5649.03,5649.03,5680.685251708676,0.0014559306227955127,0,0,0,0,hold,False,0,0,0.003913268325451561,0,-71.7438777734683,5347.0503893397035,-1642.4700519735306,1130.7519881323049,0.0,0.9465431037434221,5347.0503893397035,1130181.8924663991,10779.390772482371
3606,5624.28,5624.28,5680.685251708676,0.0016950643523328045,0,0,0,0,buy,True,0,0,0,0,-71.7438777734683,5323.6234475220535,-1679.0867571802028,1130.7519881323049,0.0,0.9465431037434221,5323.6234475220535,1130181.8924663991,10779.390772482371
3607,5647.75,5647.75,5680.685251708676,0.0016046726865636663,0,0,0,0,hold,False,0,0,0.004172978585703483,0,-71.7397047948826,5345.838814166912,-1644.363764404421,1130.7519881323049,0.0,0.9465431037434221,5345.838814166912,1130181.8924663991,10779.390772482371
3608,5641.09,5641.09,5680.685251708676,0.0010455951919334597,0,0,0,0,hold,False,0,0,-0.0011792306670797878,0,-71.74088402554968,5339.534837095981,-1654.2169868963974,1130.7519881323049,0.0,0.9465431037434221,5339.534837095981,1130181.8924663991,10779.390772482371
3609,5652.2,5652.2,5680.685251708676,0.0010910172888171884,0,0,0,0,buy,True,0,0,0,0,-71.74088402554968,5350.05093097857,-1637.7801547814033,1130.7519881323049,0.0,0.9465431037434221,5350.05093097857,1130181.8924663991,10779.390772482371
3610,5650.61,5650.61,5680.685251708676,0.001741406445585805,0,0,0,0,hold,False,0,0,-0.0002813063939705314,0,-71.74116533194365,5348.545927443618,-1640.1325006916504,1130.7519881323049,0.0,0.9465431037434221,5348.545927443618,1130181.8924663991,10779.390772482371
3611,5679.0,5679.0,5680.685251708676,0.0015149623201743843,0,0,0,0,hold,False,0,0,0.005024236321388409,0,-71.73614109562226,5375.418286158894,-1598.1305507596298,1130.7519881323049,0.0,0.9465431037434221,5375.418286158894,1130181.8924663991,10779.390772482371
3612,5687.36,5687.36,5680.685251708676,0.0016227185769088922,0,0,0,0,hold,False,0,0,0.0014720901567177038,0,-71.73466900546553,5383.331386506189,-1585.7622414453763,1130.7519881323049,0.0,0.9465431037434221,5383.331386506189,1130181.8924663991,10779.390772482371
3613,5649.78,5649.78,5680.685251708676,0.001895542707880235,0,0,0,0,hold,False,0,0,-0.0066076351769538124,0,-71.74127664064248,5347.760296667511,-1641.3604548460553,1130.7519881323049,0.0,0.9465431037434221,5347.760296667511,1130181.8924663991,10779.390772482371
3614,5654.1,5654.1,5680.685251708676,0.0012031011562592749,0,0,0,0,hold,False,0,0,0.000764631543175205,0,-71.7405120090993,5351.849362875683,-1634.9691753917978,1130.7519881323049,0.0,0.9465431037434221,5351.849362875683,1130181.8924663991,10779.390772482371
3615,5646.05,5646.05,5680.685251708676,0.0010496376042333552,0,0,0,0,buy,True,0,0,0,0,-71.7405120090993,5344.229690890548,-1646.8788512266965,1130.7519881323049,0.0,0.9465431037434221,5344.229690890548,1130181.8924663991,10779.390772482371
3616,5662.0,5662.0,5680.685251708676,0.0013649426967780763,0,0,0,0,hold,False,0,0,0.002824983838258711,0,-71.73768702526105,5359.327053395256,-1623.2814189823966,1130.7519881323049,0.0,0.9465431037434221,5359.327053395256,1130181.8924663991,10779.390772482371
3617,5635.0,5635.0,5680.685251708676,0.0015390137319881408,0,0,0,0,buy,True,0,0,0,0,-71.73768702526105,5333.770389594183,-1663.2269155714948,1130.7519881323049,0.0,0.9465431037434221,5333.770389594183,1130181.8924663991,10779.390772482371
3618,5593.93,5593.93,5680.685251708676,0.001128037688587722,0,0,0,0,buy,True,0,0,0,0,-71.73768702526105,5294.895864323442,-1723.9884542720229,1130.7519881323049,0.0,0.9465431037434221,5294.895864323442,1130181.8924663991,10779.390772482371
3619,5558.29,5558.29,5680.685251708676,0.0010379082437761867,0,0,0,0,hold,False,0,0,-0.006371191630928655,0,-71.74405821689199,5261.161068106026,-1776.7165097696325,1130.7519881323049,0.0,0.9465431037434221,5261.161068106026,1130181.8924663991,10779.390772482371
3620,5591.28,5591.28,5680.685251708676,0.001424625084110373,0,0,0,0,hold,False,0,0,0.005935278655845596,0,-71.73812293823615,5292.387525098521,-1727.909030789102,1130.7519881323049,0.0,0.9465431037434221,5292.387525098521,1130181.8924663991,10779.390772482371
3621,5561.37,5561.37,5680.685251708676,0.0014473788703281579,0,0,0,0,buy,True,0,0,0,0,-71.73812293823615,5264.0764208655555,-1772.1597642328034,1130.7519881323049,0.0,0.9465431037434221,5264.0764208655555,1130181.8924663991,10779.390772482371
3622,5507.61,5507.61,5680.685251708676,0.0012981606018494022,0,0,0,0,buy,True,0,0,0,0,-71.73812293823615,5213.190263608309,-1851.6956863302075,1130.7519881323049,0.0,0.9465431037434221,5213.190263608309,1130181.8924663991,10779.390772482371
3623,5470.01,5470.01,5680.685251708676,0.0016347834447392787,0,0,0,0,hold,False,0,0,-0.006826917664831007,0,-71.74494985590097,5177.600242907556,-1907.3234889876185,1130.7519881323049,0.0,0.9465431037434221,5177.600242907556,1130181.8924663991,10779.390772482371
3624,5467.52,5467.52,5680.685251708676,0.0015780750458958765,0,0,0,0,hold,False,0,0,-0.0004552094054670689,0,-71.74540506530644,5175.243350579236,-1911.007351450835,1130.7519881323049,0.0,0.9465431037434221,5175.243350579236,1130181.8924663991,10779.390772482371
3625,5360.12,5360.12,5680.685251708676,0.0011579624620086065,0,0,0,0,buy,True,0,0,0,0,-71.74540506530644,5073.584621237192,-2069.901660105249,1130.7519881323049,0.0,0.9465431037434221,5073.584621237192,1130181.8924663991,10779.390772482371
3626,5277.5,5277.5,5680.685251708676,0.0018311671978196386,0,0,0,0,buy,True,0,0,0,0,-71.74540506530644,4995.38123000591,-2192.1348796678903,1130.7519881323049,0.0,0.9465431037434221,4995.38123000591,1130181.8924663991,10779.390772482371
3627,5372.31,5372.31,5680.685251708676,0.00150497027301375,0,0,0,0,hold,False,0,0,0.017964945523448694,0,-71.727440119783,5085.122981671824,-2051.867008126689,1130.7519881323049,0.0,0.9465431037434221,5085.122981671824,1130181.8924663991,10779.390772482371
3628,5332.87,5332.87,5680.685251708676,0.0010608517060310383,0,0,0,0,buy,True,0,0,0,0,-71.727440119783,5047.791321660184,-2110.2170224035062,1130.7519881323049,0.0,0.9465431037434221,5047.791321660184,1130181.8924663991,10779.390772482371
3629,5312.08,5312.08,5680.685251708676,0.0015227132215574531,0,0,0,0,buy,True,0,0,0,0,-71.727440119783,5028.112690533358,-2140.975054777112,1130.7519881323049,0.0,0.9465431037434221,5028.112690533358,1130181.8924663991,10779.390772482371
3630,5227.93,5227.93,5680.685251708676,0.0018093004667861716,0,0,0,0,hold,False,0,0,-0.015841252390777237,0,-71.74328137217377,4948.461088353349,-2265.471852479802,1130.7519881323049,0.0,0.9465431037434221,4948.461088353349,1130181.8924663991,10779.390772482371
3631,5202.76,5202.76,5680.685251708676,0.001371097177279065,0,0,0,0,buy,True,0,0,0,0,-71.74328137217377,4924.636598432127,-2302.7099320778607,1130.7519881323049,0.0,0.9465431037434221,4924.636598432127,1130181.8924663991,10779.390772482371
3632,5203.16,5203.16,5680.685251708676,0.0019816633196666532,0,0,0,0,hold,False,0,0,7.68822701795204e-05,0,-71.74320448990359,4925.015215673624,-2302.1181469432086,1130.7519881323049,0.0,0.9465431037434221,4925.015215673624,1130181.8924663991,10779.390772482371
3633,5145.0,5145.0,5680.685251708676,0.001752741712634304,0,0,0,0,buy,True,0,0,0,0,-71.74320448990359,4869.964268759907,-2388.163705521799,1130.7519881323049,0.0,0.9465431037434221,4869.964268759907,1130181.8924663991,10779.390772482371
3634,5135.0,5135.0,5680.685251708676,0.001366374724833279,0,0,0,0,buy,True,0,0,0,0,-71.74320448990359,4860.498837722473,-2402.958333888132,1130.7519881323049,0.0,0.9465431037434221,4860.498837722473,1130181.8924663991,10779.390772482371
3635,5058.32,5058.32,5680.685251708676,0.0011560445969656169,0,0,0,0,buy,True,0,0,0,0,-71.74320448990359,4787.917912527427,-2516.403544201172,1130.7519881323049,0.0,0.9465431037434221,4787.917912527427,1130181.8924663991,10779.390772482371
3636,5072.14,5072.14,5680.685251708676,0.0010012492623736118,0,0,0,0,buy,True,0,0,0,0,-71.74320448990359,4800.999138221161,-2495.957367798899,1130.7519881323049,0.0,0.9465431037434221,4800.999138221161,1130181.8924663991,10779.390772482371
3637,5014.99,5014.99,5680.685251708676,0.0018665718797859,0,0,0,0,buy,True,0,0,0,0,-71.74320448990359,4746.904199842224,-2580.508668912492,1130.7519881323049,0.0,0.9465431037434221,4746.904199842224,1130181.8924663991,10779.390772482371
3638,4948.91,4948.91,5680.685251708676,0.0010100225157136926,0,0,0,0,hold,False,0,0,-0.013176496862406569,0,-71.75638098676599,4684.356631546859,-2678.271573157219,1130.7519881323049,0.0,0.9465431037434221,4684.356631546859,1130181.8924663991,10779.390772482371
3639,4942.75,4942.75,5680.685251708676,0.0013501985372007096,0,0,0,0,hold,False,0,0,-0.0012447185339800942,0,-71.75762570529997,4678.5259260278,-2687.385064230879,1130.7519881323049,0.0,0.9465431037434221,4678.5259260278,1130181.8924663991,10779.390772482371
3640,4910.03,4910.03,5680.685251708676,0.0015750944682083727,0,0,0,0,buy,True,0,0,0,0,-71.75762570529997,4647.555035673315,-2735.7930882455203,1130.7519881323049,0.0,0.9465431037434221,4647.555035673315,1130181.8924663991,10779.390772482371
3641,4985.38,4985.38,5680.685251708676,0.0013805683431907158,0,0,0,0,hold,False,0,0,0.01534613841463295,0,-71.74227956688534,4718.877058540382,-2624.3155635052026,1130.7519881323049,0.0,0.9465431037434221,4718.877058540382,1130181.8924663991,10779.390772482371
3642,4975.29,4975.29,5680.685251708676,0.0014067286111572501,0,0,0,0,buy,True,0,0,0,0,-71.74227956688534,4709.326438623611,-2639.243343526832,1130.7519881323049,0.0,0.9465431037434221,4709.326438623611,1130181.8924663991,10779.390772482371
3643,5008.29,5008.29,5680.685251708676,0.001634769640366404,0,0,0,0,buy,True,0,0,0,0,-71.74227956688534,4740.562361047143,-2590.421069917935,1130.7519881323049,0.0,0.9465431037434221,4740.562361047143,1130181.8924663991,10779.390772482371
3644,4954.01,4954.01,5680.685251708676,0.0012338574590043151,0,0,0,0,buy,True,0,0,0,0,-71.74227956688534,4689.184001375951,-2670.726312690388,1130.7519881323049,0.0,0.9465431037434221,4689.184001375951,1130181.8924663991,10779.390772482371
3645,4812.43,4812.43,5680.685251708676,0.0013336105149846513,0,0,0,0,buy,True,0,0,0,0,-71.74227956688534,4555.172428747957,-2880.1886611009268,1130.7519881323049,0.0,0.9465431037434221,4555.172428747957,1130181.8924663991,10779.390772482371
3646,4754.98,4754.98,5680.685251708676,0.0016478829228879868,0,0,0,0,buy,True,0,0,0,0,-71.74227956688534,4500.793527437897,-2965.18380106551,1130.7519881323049,0.0,0.9465431037434221,4500.793527437897,1130181.8924663991,10779.390772482371
3647,4690.0,4690.0,5680.685251708676,0.0019636316240109475,0,0,0,0,buy,True,0,0,0,0,-71.74227956688534,4439.287156556649,-3061.3192961899395,1130.7519881323049,0.0,0.9465431037434221,4439.287156556649,1130181.8924663991,10779.390772482371
3648,4671.19,4671.19,5680.685251708676,0.0010324231965430672,0,0,0,0,buy,True,0,0,0,0,-71.74227956688534,4421.482680775235,-3089.147992147012,1130.7519881323049,0.0,0.9465431037434221,4421.482680775235,1130181.8924663991,10779.390772482371
3649,4514.68,4514.68,5680.685251708676,0.0012134994984645607,0,0,0,0,buy,True,0,0,0,0,-71.74227956688534,4273.339219608353,-3320.698720708485,1130.7519881323049,0.0,0.9465431037434221,4273.339219608353,1130181.8924663991,10779.390772482371
3650,4596.12,4596.12,5680.685251708676,0.0014289373269289894,0,0,0,0,buy,True,0,0,0,0,-71.74227956688534,4350.425689977217,-3200.2112672930716,1130.7519881323049,0.0,0.9465431037434221,4350.425689977217,1130181.8924663991,10779.390772482371
3651,4598.55,4598.55,5680.685251708676,0.0018220322987760307,0,0,0,0,buy,True,0,0,0,0,-71.74227956688534,4352.725789719314,-3196.616172600052,1130.7519881323049,0.0,0.9465431037434221,4352.725789719314,1130181.8924663991,10779.390772482371
3652,4511.84,4511.84,5680.685251708676,0.0013179395319381458,0,0,0,0,buy,True,0,0,0,0,-71.74227956688534,4270.651037193722,-3324.9003951645236,1130.7519881323049,0.0,0.9465431037434221,4270.651037193722,1130181.8924663991,10779.390772482371
3653,4574.98,4574.98,5680.685251708676,0.0012136731934630077,0,0,0,0,buy,True,0,0,0,0,-71.74227956688534,4330.415768764081,-3231.4871116594995,1130.7519881323049,0.0,0.9465431037434221,4330.415768764081,1130181.8924663991,10779.390772482371
3654,4597.68,4597.68,5680.685251708676,0.0013089502462957066,0,0,0,0,buy,True,0,0,0,0,-71.74227956688534,4351.902297219057,-3197.9033052679233,1130.7519881323049,0.0,0.9465431037434221,4351.902297219057,1130181.8924663991,10779.390772482371
3655,4867.06,4867.06,5680.685251708676,0.0012857039816705064,0,0,0,0,buy,True,0,0,0,0,-71.74227956688534,4606.88207850546,-2799.365606335651,1130.7519881323049,0.0,0.9465431037434221,4606.88207850546,1130181.8924663991,10779.390772482371
3656,4952.05,4952.05,5680.685251708676,0.0013855566214286187,0,0,0,0,buy,True,0,0,0,0,-71.74227956688534,4687.328776892614,-2673.6260598501894,1130.7519881323049,0.0,0.9465431037434221,4687.328776892614,1130181.8924663991,10779.390772482371
3657,4857.17,4857.17,5680.685251708676,0.001559925193351533,0,0,0,0,hold,False,0,0,-0.019159741925061435,0,-71.76143930881041,4597.5207672094375,-2813.997493789955,1130.7519881323049,0.0,0.9465431037434221,4597.5207672094375,1130181.8924663991,10779.390772482371
3658,4640.33,4640.33,5680.685251708676,0.0012800492871461982,0,0,0,0,hold,False,0,0,-0.0446432799346122,0,-71.80608258874503,4392.2723605937135,-3134.804215285514,1130.7519881323049,0.0,0.9465431037434221,4392.2723605937135,1130181.8924663991,10779.390772482371
3659,4729.51,4729.51,5680.685251708676,0.0015280446497890634,0,0,0,0,hold,False,0,0,0.019218460756023993,0,-71.786864127989,4476.685074585553,-3002.865719514559,1130.7519881323049,0.0,0.9465431037434221,4476.685074585553,1130181.8924663991,10779.390772482371
3660,4673.93,4673.93,5680.685251708676,0.0016885050720743743,0,0,0,0,buy,True,0,0,0,0,-71.786864127989,4424.076208879493,-3085.0942639746354,1130.7519881323049,0.0,0.9465431037434221,4424.076208879493,1130181.8924663991,10779.390772482371
3661,4495.26,4495.26,5680.685251708676,0.0018787629816122134,0,0,0,0,buy,True,0,0,0,0,-71.786864127989,4254.9573525336555,-3349.4298889959036,1130.7519881323049,0.0,0.9465431037434221,4254.9573525336555,1130181.8924663991,10779.390772482371
3662,4542.55,4542.55,5680.685251708676,0.0014161205934956184,0,0,0,0,hold,False,0,0,0.010519969923875546,0,-71.77634415806513,4299.719375909683,-3279.4660914515152,1130.7519881323049,0.0,0.9465431037434221,4299.719375909683,1130181.8924663991,10779.390772482371
3663,4457.71,4457.71,5680.685251708676,0.0015347158080164791,0,0,0,0,buy,True,0,0,0,0,-71.77634415806513,4219.41465898809,-3404.983718511483,1130.7519881323049,0.0,0.9465431037434221,4219.41465898809,1130181.8924663991,10779.390772482371
3664,4558.86,4558.86,5680.685251708676,0.00142624618463526,0,0,0,0,buy,True,0,0,0,0,-71.77634415806513,4315.157493931737,-3255.336052586028,1130.7519881323049,0.0,0.9465431037434221,4315.157493931737,1130181.8924663991,10779.390772482371
3665,4484.82,4484.82,5680.685251708676,0.001953475396993068,0,0,0,0,buy,True,0,0,0,0,-71.77634415806513,4245.075442530574,-3364.8754810103555,1130.7519881323049,0.0,0.9465431037434221,4245.075442530574,1130181.8924663991,10779.390772482371
3666,4468.06,4468.06,5680.685251708676,0.0018716874638465464,0,0,0,0,buy,True,0,0,0,0,-71.77634415806513,4229.211380111835,-3389.6712781523283,1130.7519881323049,0.0,0.9465431037434221,4229.211380111835,1130181.8924663991,10779.390772482371
3667,4557.62,4557.62,5680.685251708676,0.0015200067755501646,0,0,0,0,buy,True,0,0,0,0,-71.77634415806513,4313.983780483095,-3257.170586503453,1130.7519881323049,0.0,0.9465431037434221,4313.983780483095,1130181.8924663991,10779.390772482371
3668,4635.0,4635.0,5680.685251708676,0.0017915322721899244,0,0,0,0,buy,True,0,0,0,0,-71.77634415806513,4387.227285850761,-3142.6897522047693,1130.7519881323049,0.0,0.9465431037434221,4387.227285850761,1130181.8924663991,10779.390772482371
3669,4640.0,4640.0,5680.685251708676,0.001135769017728219,0,0,0,0,buy,True,0,0,0,0,-71.77634415806513,4391.960001369479,-3135.2924380216036,1130.7519881323049,0.0,0.9465431037434221,4391.960001369479,1130181.8924663991,10779.390772482371
3670,4504.56,4504.56,5680.685251708676,0.0012135031246552719,0,0,0,0,buy,True,0,0,0,0,-71.77634415806513,4263.7602033984695,-3335.6708846152133,1130.7519881323049,0.0,0.9465431037434221,4263.7602033984695,1130181.8924663991,10779.390772482371
3671,4594.6,4594.6,5680.685251708676,0.001198558525927719,0,0,0,0,buy,True,0,0,0,0,-71.77634415806513,4348.986944459528,-3202.4600508047533,1130.7519881323049,0.0,0.9465431037434221,4348.986944459528,1130181.8924663991,10779.390772482371
3672,4653.78,4653.78,5680.685251708676,0.001013838093956251,0,0,0,0,hold,False,0,0,0.01288033778783772,0,-71.7634638202773,4405.003365339063,-3114.9054401327967,1130.7519881323049,0.0,0.9465431037434221,4405.003365339063,1130181.8924663991,10779.390772482371
3673,4727.63,4727.63,5680.685251708676,0.0016976827689157957,0,0,0,0,buy,True,0,0,0,0,-71.7634638202773,4474.905573550514,-3005.647109647429,1130.7519881323049,0.0,0.9465431037434221,4474.905573550514,1130181.8924663991,10779.390772482371
3674,4724.83,4724.83,5680.685251708676,0.001292902398705453,0,0,0,0,buy,True,0,0,0,0,-71.7634638202773,4472.255252860033,-3009.789605590003,1130.7519881323049,0.0,0.9465431037434221,4472.255252860033,1130181.8924663991,10779.390772482371
3675,4681.11,4681.11,5680.685251708676,0.0012666021013133584,0,0,0,0,buy,True,0,0,0,0,-71.7634638202773,4430.872388364371,-3074.47172080761,1130.7519881323049,0.0,0.9465431037434221,4430.872388364371,1130181.8924663991,10779.390772482371
3676,4624.15,4624.15,5680.685251708676,0.0018937783387403023,0,0,0,0,hold,False,0,0,-0.012168054158095161,0,-71.77563187443539,4376.9572931751445,-3158.741923982241,1130.7519881323049,0.0,0.9465431037434221,4376.9572931751445,1130181.8924663991,10779.390772482371
3677,4680.98,4680.98,5680.685251708676,0.0010717522919400967,0,0,0,0,buy,True,0,0,0,0,-71.77563187443539,4430.7493377608835,-3074.664050976372,1130.7519881323049,0.0,0.9465431037434221,4430.7493377608835,1130181.8924663991,10779.390772482371
3678,4562.52,4562.52,5680.685251708676,0.0013681545742780807,0,0,0,0,buy,True,0,0,0,0,-71.77563187443539,4318.621841691439,-3249.9212186039485,1130.7519881323049,0.0,0.9465431037434221,4318.621841691439,1130181.8924663991,10779.390772482371
3679,4556.8,4556.8,5680.685251708676,0.0014299564783199475,0,0,0,0,buy,True,0,0,0,0,-71.77563187443539,4313.207615138026,-3258.3837460294917,1130.7519881323049,0.0,0.9465431037434221,4313.207615138026,1130181.8924663991,10779.390772482371
3680,4632.87,4632.87,5680.685251708676,0.001496764957010226,0,0,0,0,buy,True,0,0,0,0,-71.77563187443539,4385.211149039787,-3145.8410080467984,1130.7519881323049,0.0,0.9465431037434221,4385.211149039787,1130181.8924663991,10779.390772482371
3681,4620.73,4620.73,5680.685251708676,0.0011021331853558617,0,0,0,0,buy,True,0,0,0,0,-71.77563187443539,4373.720115760342,-3163.8016868835275,1130.7519881323049,0.0,0.9465431037434221,4373.720115760342,1130181.8924663991,10779.390772482371
3682,4563.92,4563.92,5680.685251708676,0.0012614574291714984,0,0,0,0,hold,False,0,0,-0.012294594144215193,0,-71.7879264685796,4319.947002036679,-3247.849970632663,1130.7519881323049,0.0,0.9465431037434221,4319.947002036679,1130181.8924663991,10779.390772482371
3683,4556.0,4556.0,5680.685251708676,0.0013588071168670834,0,0,0,0,buy,True,0,0,0,0,-71.7879264685796,4312.450380655031,-3259.5673162987987,1130.7519881323049,0.0,0.9465431037434221,4312.450380655031,1130181.8924663991,10779.390772482371
3684,4543.99,4543.99,5680.685251708676,0.0017804765900256822,0,0,0,0,buy,True,0,0,0,0,-71.7879264685796,4301.082397979072,-3277.335664966764,1130.7519881323049,0.0,0.9465431037434221,4301.082397979072,1130181.8924663991,10779.390772482371
3685,4552.68,4552.68,5680.685251708676,0.0014335296717987403,0,0,0,0,buy,True,0,0,0,0,-71.7879264685796,4309.307857550603,-3264.47913291642,1130.7519881323049,0.0,0.9465431037434221,4309.307857550603,1130181.8924663991,10779.390772482371
3686,4583.41,4575.3350255968,0,0.0017617831272349622,0.9465431037434221,4326.42106397859,4.330751815794384,-1050.5923855632236,sell,False,0,0,-1.0,0,-72.7879264685796,4326.42106397859,-3219.0152399466806,1135.0827399480993,4326.42106397859,0.0,0.0,1134512.6442821934,10779.390772482371
3687,4615.03,4615.03,0,0.0015372024477100033,0,0,0,0,sell,True,0,0,0,0,-72.7879264685796,4326.42106397859,-3172.234625052337,1135.0827399480993,4326.42106397859,0.0,0.0,1134512.6442821934,10779.390772482371
3688,4661.07,4670.246898336632,4674.921820156788,0.001968839415977833,0.925453137060908,4326.42106397859,4.326421063978589,0,buy,False,0,0,0,0,-72.7879264685796,4313.601853560486,-3104.12015605374,1139.409161012078,0.0,0.925453137060908,4313.601853560486,1138834.738925108,10779.390772482371
3689,4645.38,4645.38,4674.921820156788,0.001750928022856576,0,0,0,0,hold,False,0,0,-0.0033661798685709005,0,-72.79129264844816,4299.081493840001,-3127.332927960516,1139.409161012078,0.0,0.925453137060908,4299.081493840001,1138834.738925108,10779.390772482371
3690,4719.59,4719.59,4674.921820156788,0.0017761800245526818,0,0,0,0,hold,False,0,0,0.015975011732086555,0,-72.77531763671608,4367.759371141291,-3017.5419908539607,1139.409161012078,0.0,0.925453137060908,4367.759371141291,1138834.738925108,10779.390772482371
3691,4671.45,4671.45,4674.921820156788,0.0014999737864099844,0,0,0,0,hold,False,0,0,-0.01020003856267172,0,-72.78551767527875,4323.208057123179,-3088.7633318094868,1139.409161012078,0.0,0.925453137060908,4323.208057123179,1138834.738925108,10779.390772482371
3692,4636.71,4636.71,4674.921820156788,0.0010264886849815046,0,0,0,0,hold,False,0,0,-0.007436663134572798,0,-72.79295433841332,4291.057815141683,-3140.159870754127,1139.409161012078,0.0,0.925453137060908,4291.057815141683,1138834.738925108,10779.390772482371
3693,4612.72,4612.72,4674.921820156788,0.0014066652631681963,0,0,0,0,hold,False,0,0,-0.005173927202693232,0,-72.79812826561601,4268.856194383592,-3175.6521842049588,1139.409161012078,0.0,0.925453137060908,4268.856194383592,1138834.738925108,10779.390772482371
3694,4644.5,4644.5,4674.921820156788,0.0012064224905368756,0,0,0,0,hold,False,0,0,0.006889644287968798,0,-72.79123862132805,4298.267095079387,-3128.6348552567533,1139.409161012078,0.0,0.925453137060908,4298.267095079387,1138834.738925108,10779.390772482371
3695,4613.03,4613.03,4674.921820156788,0.0011761817210240348,0,0,0,0,hold,False,0,0,-0.006775756270858026,0,-72.7980143775989,4269.14308485608,-3175.193550725603,1139.409161012078,0.0,0.925453137060908,4269.14308485608,1138834.738925108,10779.390772482371
3696,4630.02,4630.02,4674.921820156788,0.0011340301860703532,0,0,0,0,hold,False,0,0,0.0036830456337809286,0,-72.79433133196513,4284.866533654746,-3150.057477131203,1139.409161012078,0.0,0.925453137060908,4284.866533654746,1138834.738925108,10779.390772482371
3697,4637.39,4637.39,4674.921820156788,0.0012820270575158701,0,0,0,0,buy,True,0,0,0,0,-72.79433133196513,4291.6871232748845,-3139.1538360252152,1139.409161012078,0.0,0.925453137060908,4291.6871232748845,1138834.738925108,10779.390772482371
3698,4559.16,4559.16,4674.921820156788,0.0012452083288663793,0,0,0,0,buy,True,0,0,0,0,-72.79433133196513,4219.28892436261,-3254.8922137350373,1139.409161012078,0.0,0.925453137060908,4219.28892436261,1138834.738925108,10779.390772482371
3699,4582.8,4582.8,4674.921820156788,0.0019165912032713148,0,0,0,0,hold,False,0,0,0.005185165688416248,0,-72.78914616627671,4241.166636522729,-3219.917712277026,1139.409161012078,0.0,0.925453137060908,4241.166636522729,1138834.738925108,10779.390772482371
3700,4560.02,4560.02,4674.921820156788,0.001092433364071579,0,0,0,0,buy,True,0,0,0,0,-72.78914616627671,4220.084814060482,-3253.619875695532,1139.409161012078,0.0,0.925453137060908,4220.084814060482,1138834.738925108,10779.390772482371
3701,4525.0,4525.0,4674.921820156788,0.0012154817896858042,0,0,0,0,buy,True,0,0,0,0,-72.78914616627671,4187.675445200609,-3305.43066423443,1139.409161012078,0.0,0.925453137060908,4187.675445200609,1138834.738925108,10779.390772482371
3702,4529.36,4529.36,4674.921820156788,0.001334928636711682,0,0,0,0,hold,False,0,0,0.0009635359116020652,0,-72.7881826303651,4191.710420878194,-3298.9802062667095,1139.409161012078,0.0,0.925453137060908,4191.710420878194,1138834.738925108,10779.390772482371
3703,4558.99,4558.99,4674.921820156788,0.0019350066745689553,0,0,0,0,buy,True,0,0,0,0,-72.7881826303651,4219.1315973293085,-3255.143722417265,1139.409161012078,0.0,0.925453137060908,4219.1315973293085,1138834.738925108,10779.390772482371
3704,4562.43,4562.43,4674.921820156788,0.0018602173349504042,0,0,0,0,buy,True,0,0,0,0,-72.7881826303651,4222.315156120799,-3250.054370259246,1139.409161012078,0.0,0.925453137060908,4222.315156120799,1138834.738925108,10779.390772482371
3705,4526.58,4526.58,4674.921820156788,0.0012835307990473864,0,0,0,0,buy,True,0,0,0,0,-72.7881826303651,4189.137661157165,-3303.0931129525497,1139.409161012078,0.0,0.925453137060908,4189.137661157165,1138834.738925108,10779.390772482371
3706,4569.99,4569.99,4674.921820156788,0.0017541256309138976,0,0,0,0,buy,True,0,0,0,0,-72.7881826303651,4229.311581836979,-3238.8696312142993,1139.409161012078,0.0,0.925453137060908,4229.311581836979,1138834.738925108,10779.390772482371
3707,4532.45,4532.45,4674.921820156788,0.0015654178879881946,0,0,0,0,buy,True,0,0,0,0,-72.7881826303651,4194.570071071713,-3294.4086661015126,1139.409161012078,0.0,0.925453137060908,4194.570071071713,1138834.738925108,10779.390772482371
3708,4496.0,4496.0,4674.921820156788,0.0015745437463934085,0,0,0,0,buy,True,0,0,0,0,-72.7881826303651,4160.837304225843,-3348.335086496795,1139.409161012078,0.0,0.925453137060908,4160.837304225843,1138834.738925108,10779.390772482371
3709,4516.82,4516.82,4674.921820156788,0.0017094791903829467,0,0,0,0,buy,True,0,0,0,0,-72.7881826303651,4180.1052385394505,-3317.5326702380908,1139.409161012078,0.0,0.925453137060908,4180.1052385394505,1138834.738925108,10779.390772482371
3710,4543.0,4543.0,4674.921820156788,0.0016231756541692914,0,0,0,0,buy,True,0,0,0,0,-72.7881826303651,4204.333601667705,-3278.8003331750306,1139.409161012078,0.0,0.925453137060908,4204.333601667705,1138834.738925108,10779.390772482371
3711,4520.0,4520.0,4674.921820156788,0.0012921111562245527,0,0,0,0,buy,True,0,0,0,0,-72.7881826303651,4183.048179515305,-3312.8279784175966,1139.409161012078,0.0,0.925453137060908,4183.048179515305,1138834.738925108,10779.390772482371
3712,4370.0,4370.0,4674.921820156788,0.001930196608403757,0,0,0,0,buy,True,0,0,0,0,-72.7881826303651,4044.230208956168,-3534.7474039125873,1139.409161012078,0.0,0.925453137060908,4044.230208956168,1138834.738925108,10779.390772482371
3713,4397.59,4397.59,4674.921820156788,0.0019112847525013252,0,0,0,0,buy,True,0,0,0,0,-72.7881826303651,4069.763461007679,-3493.9290242498755,1139.409161012078,0.0,0.925453137060908,4069.763461007679,1138834.738925108,10779.390772482371
3714,4293.37,4293.37,4674.921820156788,0.0015778935805209405,0,0,0,0,buy,True,0,0,0,0,-72.7881826303651,3973.3127350631908,-3648.1186410837954,1139.409161012078,0.0,0.925453137060908,3973.3127350631908,1138834.738925108,10779.390772482371
3715,4296.41,4296.41,4674.921820156788,0.0014652983947942557,0,0,0,0,hold,False,0,0,0.0007080684869927024,0,-72.78747456187811,3976.126112599856,-3643.62107406043,1139.409161012078,0.0,0.925453137060908,3976.126112599856,1138834.738925108,10779.390772482371
3716,4318.73,4318.73,4674.921820156788,0.001454874960175148,0,0,0,0,buy,True,0,0,0,0,-72.78747456187811,3996.782226619055,-3610.599463546776,1139.409161012078,0.0,0.925453137060908,3996.782226619055,1138834.738925108,10779.390772482371
3717,4304.17,4304.17,4674.921820156788,0.001980586780865744,0,0,0,0,buy,True,0,0,0,0,-72.78747456187811,3983.3076289434484,-3632.140442448156,1139.409161012078,0.0,0.925453137060908,3983.3076289434484,1138834.738925108,10779.390772482371
3718,4353.04,4353.04,4674.921820156788,0.0017899803848628374,0,0,0,0,buy,True,0,0,0,0,-72.78747456187811,4028.534523751615,-3559.8390936218875,1139.409161012078,0.0,0.925453137060908,4028.534523751615,1138834.738925108,10779.390772482371
3719,4380.01,4380.01,4674.921820156788,0.0014812117424372,0,0,0,0,buy,True,0,0,0,0,-72.78747456187811,4053.493994858148,-3519.937980917888,1139.409161012078,0.0,0.925453137060908,4053.493994858148,1138834.738925108,10779.390772482371
3720,4355.08,4355.08,4674.921820156788,0.001831866798533502,0,0,0,0,buy,True,0,0,0,0,-72.78747456187811,4030.422448151219,-3556.8209894351558,1139.409161012078,0.0,0.925453137060908,4030.422448151219,1138834.738925108,10779.390772482371
3721,4417.48,4417.48,4674.921820156788,0.0010807071888332075,0,0,0,0,buy,True,0,0,0,0,-72.78747456187811,4088.1707239038196,-3464.50250842924,1139.409161012078,0.0,0.925453137060908,4088.1707239038196,1138834.738925108,10779.390772482371
3722,4410.0,4410.0,4674.921820156788,0.0017002261004030062,0,0,0,0,hold,False,0,0,-0.0016932730878236873,0,-72.78916783496594,4081.2483344386046,-3475.5688904472563,1139.409161012078,0.0,0.925453137060908,4081.2483344386046,1138834.738925108,10779.390772482371
3723,4401.98,4401.98,4674.921820156788,0.0012131041922785032,0,0,0,0,buy,True,0,0,0,0,-72.78916783496594,4073.8262002793754,-3487.4341823970562,1139.409161012078,0.0,0.925453137060908,4073.8262002793754,1138834.738925108,10779.390772482371
3724,4396.37,4396.37,4674.921820156788,0.0017435619489258379,0,0,0,0,hold,False,0,0,-0.0012744265080712625,0,-72.79044226147401,4068.634408180464,-3495.7339689105684,1139.409161012078,0.0,0.925453137060908,4068.634408180464,1138834.738925108,10779.390772482371
3725,4359.3,4359.3,4674.921820156788,0.0017941297234079674,0,0,0,0,buy,True,0,0,0,0,-72.79044226147401,4034.3278603896165,-3550.5776562645633,1139.409161012078,0.0,0.925453137060908,4034.3278603896165,1138834.738925108,10779.390772482371
3726,4379.53,4379.53,4674.921820156788,0.001864450368511067,0,0,0,0,buy,True,0,0,0,0,-72.79044226147401,4053.0497773523584,-3520.6481230794725,1139.409161012078,0.0,0.925453137060908,4053.0497773523584,1138834.738925108,10779.390772482371
3727,4407.47,4407.47,4674.921820156788,0.0016956361761430823,0,0,0,0,buy,True,0,0,0,0,-72.79044226147401,4078.9069380018404,-3479.3119314239384,1139.409161012078,0.0,0.925453137060908,4078.9069380018404,1138834.738925108,10779.390772482371
3728,4404.99,4404.99,4674.921820156788,0.0014128344307151443,0,0,0,0,buy,True,0,0,0,0,-72.79044226147401,4076.6118142219293,-3482.98099925879,1139.409161012078,0.0,0.925453137060908,4076.6118142219293,1138834.738925108,10779.390772482371
3729,4347.71,4347.71,4674.921820156788,0.001972533839209252,0,0,0,0,buy,True,0,0,0,0,-72.79044226147401,4023.6018585310803,-3567.7246305411436,1139.409161012078,0.0,0.925453137060908,4023.6018585310803,1138834.738925108,10779.390772482371
3730,4347.87,4347.87,4674.921820156788,0.0011769522310518697,0,0,0,0,buy,True,0,0,0,0,-72.79044226147401,4023.74993103301,-3567.487916487282,1139.409161012078,0.0,0.925453137060908,4023.74993103301,1138834.738925108,10779.390772482371
3731,4349.56,4349.56,4674.921820156788,0.0012552520849169744,0,0,0,0,hold,False,0,0,0.0003886960741698061,0,-72.79005356539984,4025.3139468346435,-3564.9876242933715,1139.409161012078,0.0,0.925453137060908,4025.3139468346435,1138834.738925108,10779.390772482371
3732,4372.45,4372.45,4674.921820156788,0.0013471588516623166,0,0,0,0,buy,True,0,0,0,0,-72.79005356539984,4046.4975691419672,-3531.1227199628365,1139.409161012078,0.0,0.925453137060908,4046.4975691419672,1138834.738925108,10779.390772482371
3733,4343.11,4343.11,4674.921820156788,0.0014984216685940393,0,0,0,0,buy,True,0,0,0,0,-72.79005356539984,4019.3447741006,-3574.530159589657,1139.409161012078,0.0,0.925453137060908,4019.3447741006,1138834.738925108,10779.390772482371
3734,4385.99,4385.99,4674.921820156788,0.0016647056325059147,0,0,0,0,buy,True,0,0,0,0,-72.79005356539984,4059.0282046177717,-3511.0907931548218,1139.409161012078,0.0,0.925453137060908,4059.0282046177717,1138834.738925108,10779.390772482371
3735,4450.51,4450.51,4674.921820156788,0.0014228875371294389,0,0,0,0,buy,True,0,0,0,0,-72.79005356539984,4118.738441020942,-3415.635850935242,1139.409161012078,0.0,0.925453137060908,4118.738441020942,1138834.738925108,10779.390772482371
3736,4420.61,4420.61,4674.921820156788,0.0010500401631863136,0,0,0,0,buy,True,0,0,0,0,-72.79005356539984,4091.06739222282,-3459.8717897505776,1139.409161012078,0.0,0.925453137060908,4091.06739222282,1138834.738925108,10779.390772482371
3737,4510.78,4510.78,4674.921820156788,0.001734876187230362,0,0,0,0,buy,True,0,0,0,0,-72.79005356539984,4174.5155015916025,-3326.4686257713556,1139.409161012078,0.0,0.925453137060908,4174.5155015916025,1138834.738925108,10779.390772482371
3738,4493.35,4493.35,4674.921820156788,0.0015989833149524174,0,0,0,0,hold,False,0,0,-0.003864076722872531,0,-72.79391764212272,4158.384853412632,-3352.2556630138724,1139.409161012078,0.0,0.925453137060908,4158.384853412632,1138834.738925108,10779.390772482371
3739,4435.6,4435.6,4674.921820156788,0.0016428792246238305,0,0,0,0,hold,False,0,0,-0.012852326215407401,0,-72.80676996833813,4104.939934747364,-3437.6946418294438,1139.409161012078,0.0,0.925453137060908,4104.939934747364,1138834.738925108,10779.390772482371
3740,4443.78,4443.78,4674.921820156788,0.0018253069392311513,0,0,0,0,hold,False,0,0,0.0018441698980972575,0,-72.80492579844004,4112.510141408522,-3425.592635825785,1139.409161012078,0.0,0.925453137060908,4112.510141408522,1138834.738925108,10779.390772482371
3741,4442.28,4442.28,4674.921820156788,0.0012342686176855708,0,0,0,0,buy,True,0,0,0,0,-72.80492579844004,4111.12196170293,-3427.8118300807346,1139.409161012078,0.0,0.925453137060908,4111.12196170293,1138834.738925108,10779.390772482371
3742,4413.39,4413.39,4674.921820156788,0.0011229936387914341,0,0,0,0,hold,False,0,0,-0.006503417164158732,0,-72.81142921560419,4084.3856205732413,-3470.5535114310696,1139.409161012078,0.0,0.925453137060908,4084.3856205732413,1138834.738925108,10779.390772482371
3743,4414.29,4414.29,4674.921820156788,0.001670131332734599,0,0,0,0,hold,False,0,0,0.00020392487407622987,0,-72.81122529073012,4085.2185283965955,-3469.2219948781003,1139.409161012078,0.0,0.925453137060908,4085.2185283965955,1138834.738925108,10779.390772482371
3744,4389.04,4389.04,4674.921820156788,0.001987692278712644,0,0,0,0,buy,True,0,0,0,0,-72.81122529073012,4061.8508366858077,-3506.5784315030896,1139.409161012078,0.0,0.925453137060908,4061.8508366858077,1138834.738925108,10779.390772482371
3745,4425.98,4425.98,4674.921820156788,0.0017896360039017967,0,0,0,0,buy,True,0,0,0,0,-72.81122529073012,4096.037075568837,-3451.9270743178577,1139.409161012078,0.0,0.925453137060908,4096.037075568837,1138834.738925108,10779.390772482371
3746,4442.04,4442.04,4674.921820156788,0.0011947452911974063,0,0,0,0,hold,False,0,0,0.0036285749144823213,0,-72.80759671581563,4110.899852950036,-3428.1669011615268,1139.409161012078,0.0,0.925453137060908,4110.899852950036,1138834.738925108,10779.390772482371
3747,4379.83,4379.83,4674.921820156788,0.001512027610475693,0,0,0,0,buy,True,0,0,0,0,-72.80759671581563,4053.3274132934766,-3520.2042842284827,1139.409161012078,0.0,0.925453137060908,4053.3274132934766,1138834.738925108,10779.390772482371
3748,4388.44,4388.44,4674.921820156788,0.0015327008996359965,0,0,0,0,buy,True,0,0,0,0,-72.80759671581563,4061.295564803571,-3507.466109205071,1139.409161012078,0.0,0.925453137060908,4061.295564803571,1138834.738925108,10779.390772482371
3749,4386.81,4386.81,4674.921820156788,0.0019657667270809275,0,0,0,0,buy,True,0,0,0,0,-72.80759671581563,4059.787076190162,-3509.877633628782,1139.409161012078,0.0,0.925453137060908,4059.787076190162,1138834.738925108,10779.390772482371
3750,4379.53,4379.53,4674.921820156788,0.0018783660503260643,0,0,0,0,buy,True,0,0,0,0,-72.80759671581563,4053.0497773523584,-3520.6481230794725,1139.409161012078,0.0,0.925453137060908,4053.0497773523584,1138834.738925108,10779.390772482371
3751,4375.0,4375.0,4674.921820156788,0.001782962836712045,0,0,0,0,buy,True,0,0,0,0,-72.80759671581563,4048.857474641473,-3527.3500897294216,1139.409161012078,0.0,0.925453137060908,4048.857474641473,1138834.738925108,10779.390772482371
3752,4372.02,4372.02,4674.921820156788,0.001394337579351392,0,0,0,0,buy,True,0,0,0,0,-72.80759671581563,4046.0996242930314,-3531.7588889825875,1139.409161012078,0.0,0.925453137060908,4046.0996242930314,1138834.738925108,10779.390772482371
3753,4338.13,4338.13,4674.921820156788,0.0018298285859114838,0,0,0,0,buy,True,0,0,0,0,-72.80759671581563,4014.736017478037,-3581.89788451609,1139.409161012078,0.0,0.925453137060908,4014.736017478037,1138834.738925108,10779.390772482371
3754,4353.15,4353.15,4674.921820156788,0.0014685880955672798,0,0,0,0,hold,False,0,0,0.003462321322781851,0,-72.80413439449285,4028.6363235966915,-3559.676352709859,1139.409161012078,0.0,0.925453137060908,4028.6363235966915,1138834.738925108,10779.390772482371
3755,4341.42,4341.42,4674.921820156788,0.0013904226575899778,0,0,0,0,hold,False,0,0,-0.002694600461734455,0,-72.80682899495459,4017.7807582989676,-3577.0304517835666,1139.409161012078,0.0,0.925453137060908,4017.7807582989676,1138834.738925108,10779.390772482371
3756,4270.65,4270.65,4674.921820156788,0.0014748805833538648,0,0,0,0,buy,True,0,0,0,0,-72.80682899495459,3952.2864397891667,-3681.7320367321036,1139.409161012078,0.0,0.925453137060908,3952.2864397891667,1138834.738925108,10779.390772482371
3757,4276.11,4276.11,4674.921820156788,0.0010583920006677191,0,0,0,0,hold,False,0,0,0.0012784939060798857,0,-72.8055505010485,3957.3394139175193,-3673.6541696440863,1139.409161012078,0.0,0.925453137060908,3957.3394139175193,1138834.738925108,10779.390772482371
3758,4013.8,4013.8,4674.921820156788,0.0017505058080662904,0,0,0,0,buy,True,0,0,0,0,-72.8055505010485,3714.583801535073,-4061.7320663213595,1139.409161012078,0.0,0.925453137060908,3714.583801535073,1138834.738925108,10779.390772482371
3759,3886.58,3886.58,4674.921820156788,0.0015773621333994966,0,0,0,0,buy,True,0,0,0,0,-72.8055505010485,3596.847653438184,-4249.949328397845,1139.409161012078,0.0,0.925453137060908,3596.847653438184,1138834.738925108,10779.390772482371
3760,3932.44,3932.44,4674.921820156788,0.0014348346990966298,0,0,0,0,buy,True,0,0,0,0,-72.8055505010485,3639.2889343037973,-4182.101162709843,1139.409161012078,0.0,0.925453137060908,3639.2889343037973,1138834.738925108,10779.390772482371
3761,3894.95,3894.95,4674.921820156788,0.0014228767786048338,0,0,0,0,buy,True,0,0,0,0,-72.8055505010485,3604.5936961953835,-4237.566224455225,1139.409161012078,0.0,0.925453137060908,3604.5936961953835,1138834.738925108,10779.390772482371
3762,3918.47,3918.47,4674.921820156788,0.0016816800154985973,0,0,0,0,buy,True,0,0,0,0,-72.8055505010485,3626.360353979056,-4202.769258537611,1139.409161012078,0.0,0.925453137060908,3626.360353979056,1138834.738925108,10779.390772482371
3763,3852.59,3852.59,4674.921820156788,0.00174141302747638,0,0,0,0,buy,True,0,0,0,0,-72.8055505010485,3565.391501309484,-4300.23627021501,1139.409161012078,0.0,0.925453137060908,3565.391501309484,1138834.738925108,10779.390772482371
3764,3768.89,3768.89,4674.921820156788,0.0015317225517685682,0,0,0,0,buy,True,0,0,0,0,-72.8055505010485,3487.9310737374853,-4424.067309641216,1139.409161012078,0.0,0.925453137060908,3487.9310737374853,1138834.738925108,10779.390772482371
3765,3789.79,3784.9386033145224,0,0.0012801228261929219,0.925453137060908,3499.280520716336,3.5027833040203564,-827.1405432622537,sell,False,0,0,-1.0,0,-73.8055505010485,3499.280520716336,-4393.14653635558,1142.9119443160982,3499.280520716336,0.0,0.0,1142337.5222291283,10779.390772482371
3766,3810.76,3810.76,0,0.0016381859551508893,0,0,0,0,hold,False,0,0,0,0,-73.8055505010485,3499.280520716336,-4362.12220067138,1142.9119443160982,3499.280520716336,0.0,0.0,1142337.5222291283,10779.390772482371
3767,3796.51,3796.51,0,0.0019013988957140536,0,0,0,0,hold,False,0,0,0,0,-73.8055505010485,3499.280520716336,-4383.204546093404,1142.9119443160982,3499.280520716336,0.0,0.0,1142337.5222291283,10779.390772482371
3768,3866.78,3866.78,0,0.0015845001463183506,0,0,0,0,hold,False,0,0,0,0,-73.8055505010485,3499.280520716336,-4279.242692563184,1142.9119443160982,3499.280520716336,0.0,0.0,1142337.5222291283,10779.390772482371
3769,3835.63,3835.63,0,0.0016576780048515444,0,0,0,0,hold,False,0,0,0,0,-73.8055505010485,3499.280520716336,-4325.327959924311,1142.9119443160982,3499.280520716336,0.0,0.0,1142337.5222291283,10779.390772482371
3770,3753.55,3753.55,0,0.0011748956935861204,0,0,0,0,hold,False,0,0,0,0,-73.8055505010485,3499.280520716336,-4446.76226955517,1142.9119443160982,3499.280520716336,0.0,0.0,1142337.5222291283,10779.390772482371
3771,3817.16,3817.16,0,0.0019943911230472485,0,0,0,0,hold,False,0,0,0,0,-73.8055505010485,3499.280520716336,-4352.6536385169275,1142.9119443160982,3499.280520716336,0.0,0.0,1142337.5222291283,10779.390772482371
3772,3910.48,3910.48,0,0.0018305485063302169,0,0,0,0,hold,False,0,0,0,0,-73.8055505010485,3499.280520716336,-4214.59016660231,1142.9119443160982,3499.280520716336,0.0,0.0,1142337.5222291283,10779.390772482371
3773,3925.81,3932.0352777195767,3935.971248968545,0.0015857307713763344,0.8890513419358316,3499.280520716336,3.499280520716336,0,buy,False,0,0,0,0,-73.8055505010485,3490.2466486851067,-4191.910001316722,1146.4112248368147,0.0,0.8890513419358316,3490.2466486851067,1145833.303469324,10779.390772482371
3774,3965.28,3965.28,3935.971248968545,0.0017918163425126895,0,0,0,0,buy,True,0,0,0,0,-73.8055505010485,3525.3375051513144,-4133.515603154807,1146.4112248368147,0.0,0.8890513419358316,3525.3375051513144,1145833.303469324,10779.390772482371
3775,3946.77,3946.77,3935.971248968545,0.0012600301239410875,0,0,0,0,buy,True,0,0,0,0,-73.8055505010485,3508.881164812082,-4160.900460260888,1146.4112248368147,0.0,0.8890513419358316,3508.881164812082,1145833.303469324,10779.390772482371
3776,3880.0,3880.0,3935.971248968545,0.0018049257358856625,0,0,0,0,buy,True,0,0,0,0,-73.8055505010485,3449.5192067110265,-4259.684193862892,1146.4112248368147,0.0,0.8890513419358316,3449.5192067110265,1145833.303469324,10779.390772482371
3777,3880.85,3880.85,3935.971248968545,0.0013240601522895373,0,0,0,0,buy,True,0,0,0,0,-73.8055505010485,3450.274900351672,-4258.4266504517545,1146.4112248368147,0.0,0.8890513419358316,3450.274900351672,1145833.303469324,10779.390772482371
3778,3857.73,3857.73,3935.971248968545,0.001022895286109482,0,0,0,0,buy,True,0,0,0,0,-73.8055505010485,3429.7200333261158,-4292.631831234716,1146.4112248368147,0.0,0.8890513419358316,3429.7200333261158,1145833.303469324,10779.390772482371
3779,3860.0,3860.0,3935.971248968545,0.0012242751383023625,0,0,0,0,hold,False,0,0,0.0005884289465566143,0,-73.80496207210194,3431.73817987231,-4289.273450595558,1146.4112248368147,0.0,0.8890513419358316,3431.73817987231,1145833.303469324,10779.390772482371
3780,3949.03,3949.03,3935.971248968545,0.00142548035879904,0,0,0,0,hold,False,0,0,0.02306476683937825,0,-73.78189730526256,3510.890420844857,-4157.556874250097,1146.4112248368147,0.0,0.8890513419358316,3510.890420844857,1145833.303469324,10779.390772482371
3781,4056.2,4056.2,3935.971248968545,0.0010538954646861392,0,0,0,0,hold,False,0,0,0.02713830991408012,0,-73.75475899534848,3606.17005316012,-3999.0028420481094,1146.4112248368147,0.0,0.8890513419358316,3606.17005316012,1145833.303469324,10779.390772482371
3782,4164.59,4164.59,3935.971248968545,0.0010981627791309674,0,0,0,0,buy,True,0,0,0,0,-73.75475899534848,3702.534328112545,-3838.6438651854287,1146.4112248368147,0.0,0.8890513419358316,3702.534328112545,1145833.303469324,10779.390772482371
3783,4068.74,4068.74,3935.971248968545,0.0019373891476908453,0,0,0,0,hold,False,0,0,-0.023015470910702045,0,-73.77777446625919,3617.318756987995,-3980.450378076728,1146.4112248368147,0.0,0.8890513419358316,3617.318756987995,1145833.303469324,10779.390772482371
3784,4085.78,4085.78,3935.971248968545,0.0010596839514559107,0,0,0,0,buy,True,0,0,0,0,-73.77777446625919,3632.468191854582,-3955.2403313404966,1146.4112248368147,0.0,0.8890513419358316,3632.468191854582,1145833.303469324,10779.390772482371
3785,4148.94,4148.94,3935.971248968545,0.0014159377774715762,0,0,0,0,hold,False,0,0,0.015458492625642998,0,-73.76231597363355,3688.620674611249,-3861.7974585787397,1146.4112248368147,0.0,0.8890513419358316,3688.620674611249,1145833.303469324,10779.390772482371
3786,4077.08,4077.08,3935.971248968545,0.0019233020195403364,0,0,0,0,buy,True,0,0,0,0,-73.76231597363355,3624.73344517974,-3968.1116580192065,1146.4112248368147,0.0,0.8890513419358316,3624.73344517974,1145833.303469324,10779.390772482371
3787,4096.68,4096.68,3935.971248968545,0.0019005682824877442,0,0,0,0,buy,True,0,0,0,0,-73.76231597363355,3642.1588514816826,-3939.114186421194,1146.4112248368147,0.0,0.8890513419358316,3642.1588514816826,1145833.303469324,10779.390772482371
3788,4118.98,4118.98,3935.971248968545,0.001516637135854717,0,0,0,0,buy,True,0,0,0,0,-73.76231597363355,3661.984696406851,-3906.1221651642727,1146.4112248368147,0.0,0.8890513419358316,3661.984696406851,1145833.303469324,10779.390772482371
3789,4063.47,4063.47,3935.971248968545,0.0018875394458804776,0,0,0,0,buy,True,0,0,0,0,-73.76231597363355,3612.6334564159934,-3988.2471472257857,1146.4112248368147,0.0,0.8890513419358316,3612.6334564159934,1145833.303469324,10779.390772482371
3790,4091.59,4091.59,3935.971248968545,0.0016918471136853088,0,0,0,0,buy,True,0,0,0,0,-73.76231597363355,3637.633580151229,-3946.644652259657,1146.4112248368147,0.0,0.8890513419358316,3637.633580151229,1145833.303469324,10779.390772482371
3791,4168.75,4168.75,3935.971248968545,0.0017656976362504851,0,0,0,0,buy,True,0,0,0,0,-73.76231597363355,3706.232781694998,-3832.489299785034,1146.4112248368147,0.0,0.8890513419358316,3706.232781694998,1145833.303469324,10779.390772482371
3792,4085.81,4085.81,3935.971248968545,0.001269141744278184,0,0,0,0,buy,True,0,0,0,0,-73.76231597363355,3632.4948633948397,-3955.195947455398,1146.4112248368147,0.0,0.8890513419358316,3632.4948633948397,1145833.303469324,10779.390772482371
3793,4055.0,4055.0,3935.971248968545,0.0011586268125388587,0,0,0,0,buy,True,0,0,0,0,-73.76231597363355,3605.103191549797,-4000.7781974520694,1146.4112248368147,0.0,0.8890513419358316,3605.103191549797,1145833.303469324,10779.390772482371
3794,4017.03,4017.03,3935.971248968545,0.0014613678896610374,0,0,0,0,buy,True,0,0,0,0,-73.76231597363355,3571.3459120964935,-4056.9534013590346,1146.4112248368147,0.0,0.8890513419358316,3571.3459120964935,1145833.303469324,10779.390772482371
3795,4052.94,4052.94,3935.971248968545,0.001636348550292278,0,0,0,0,buy,True,0,0,0,0,-73.76231597363355,3603.271745785409,-4003.825890895534,1146.4112248368147,0.0,0.8890513419358316,3603.271745785409,1145833.303469324,10779.390772482371
3796,4057.89,4057.89,3935.971248968545,0.0013547967406532975,0,0,0,0,buy,True,0,0,0,0,-73.76231597363355,3607.6725499279914,-3996.502549854199,1146.4112248368147,0.0,0.8890513419358316,3607.6725499279914,1145833.303469324,10779.390772482371
3797,4027.7,4027.7,3935.971248968545,0.0015517270691196277,0,0,0,0,buy,True,0,0,0,0,-73.76231597363355,3580.8320899149485,-4041.1675328921583,1146.4112248368147,0.0,0.8890513419358316,3580.8320899149485,1145833.303469324,10779.390772482371
3798,3944.99,3939.1953107992576,0,0.0014688729757850053,0.8890513419358316,3498.644730336202,3.5021468772134154,-0.6357903801340399,sell,False,0,0,-1.0,0,-74.76231597363355,3498.644730336202,-4163.533904110096,1149.913371714028,3498.644730336202,0.0,0.0,1149335.4503465374,10779.390772482371
3799,3906.14,3906.14,0,0.001244645144015785,0,0,0,0,hold,False,0,0,0,0,-74.76231597363355,3498.644730336202,-4221.011035313299,1149.913371714028,3498.644730336202,0.0,0.0,1149335.4503465374,10779.390772482371
3800,3834.16,3834.16,0,0.001462895278566969,0,0,0,0,hold,False,0,0,0,0,-74.76231597363355,3498.644730336202,-4327.502770294162,1149.913371714028,3498.644730336202,0.0,0.0,1149335.4503465374,10779.390772482371
3801,3904.0,3910.818808047706,3914.7335415892953,0.001746620913859109,0.8937120989634021,3498.644730336202,3.498644730336202,0,buy,False,0,0,0,0,-74.76231597363355,3489.0520343531216,-4224.177085783694,1153.4120164443643,0.0,0.8937120989634021,3489.0520343531216,1152830.5964321434,10779.390772482371
3802,3878.43,3878.43,3914.7335415892953,0.001978854646406271,0,0,0,0,buy,True,0,0,0,0,-74.76231597363355,3466.1998159826276,-4262.0069505164065,1153.4120164443643,0.0,0.8937120989634021,3466.1998159826276,1152830.5964321434,10779.390772482371
3803,3958.5,3958.5,3914.7335415892953,0.0012382677917704098,0,0,0,0,hold,False,0,0,0.020644951694371156,0,-74.74167102193918,3537.759343746627,-4143.54636118718,1153.4120164443643,0.0,0.8937120989634021,3537.759343746627,1152830.5964321434,10779.390772482371
3804,3904.15,3904.15,3914.7335415892953,0.0017550830177949436,0,0,0,0,hold,False,0,0,-0.013729948212706773,0,-74.7554009701519,3489.1860911679664,-4223.955166358199,1153.4120164443643,0.0,0.8937120989634021,3489.1860911679664,1152830.5964321434,10779.390772482371
3805,3776.34,3776.34,3914.7335415892953,0.0015651584237967322,0,0,0,0,buy,True,0,0,0,0,-74.7554009701519,3374.960747799454,-4413.045311508297,1153.4120164443643,0.0,0.8937120989634021,3374.960747799454,1152830.5964321434,10779.390772482371
3806,3799.52,3799.52,3914.7335415892953,0.001428199751669967,0,0,0,0,buy,True,0,0,0,0,-74.7554009701519,3395.6769942534256,-4378.751362955139,1153.4120164443643,0.0,0.8937120989634021,3395.6769942534256,1152830.5964321434,10779.390772482371
